#	time(s)	count A	count B	count C	count D
1	0.0100	120		-120	
2	0.0200	120		-120	
3	0.0300	120		-120	
4	0.0400	120		-120	
5	0.0500	120		-120	
6	0.0600	120		-120	
7	0.0700	120		-120	
8	0.0800	120		-120	
9	0.0900	120		-120	
10	0.1000	120		-120	
11	0.1100	120		-120	
12	0.1200	120		-120	
13	0.1300	120		-120	
14	0.1400	120		-120	
15	0.1500	120		-120	
16	0.1600	120		-120	
17	0.1700	120		-120	
18	0.1800	120		-120	
19	0.1900	120		-120	
20	0.2000	120		-120	
21	0.2100	120		-120	
22	0.2200	120		-120	
23	0.2300	120		-120	
24	0.2400	120		-120	
25	0.2500	120		-120	
26	0.2600	120		-120	
27	0.2700	120		-120	
28	0.2800	120		-120	
29	0.2900	120		-120	
30	0.3000	120		-120	
31	0.3100	120		-119	
32	0.3200	120		-117	
33	0.3300	120		-115	
34	0.3400	120		-112	
35	0.3500	120		-108	
36	0.3600	118		-104	
37	0.3700	114		-99	
38	0.3800	110		-93	
39	0.3900	106		-87	
40	0.4000	101		-81	
41	0.4100	96		-74	
42	0.4200	90		-66	
43	0.4300	83		-59	
44	0.4400	76		-51	
45	0.4500	69		-43	
46	0.4600	61		-34	
47	0.4700	53		-26	
48	0.4800	45		-17	
49	0.4900	37		-8	
50	0.5000	28		1	
51	0.5100	20		10	
52	0.5200	11		18	
53	0.5300	2		27	
54	0.5400	-6		35	
55	0.5500	-14		43	
56	0.5600	-23		51	
57	0.5700	-31		59	
58	0.5800	-39		66	
59	0.5900	-45		73	
60	0.6000	-52		80	
61	0.6100	-60		86	
62	0.6200	-66		91	
63	0.6300	-72		96	
64	0.6400	-78		101	
65	0.6500	-82		105	
66	0.6600	-87		108	
67	0.6700	-91		111	
68	0.6800	-94		113	
69	0.6900	-97		114	
70	0.7000	-99		115	
71	0.7100	-101		116	
72	0.7200	-102		115	
73	0.7300	-102		114	
74	0.7400	-102		112	
75	0.7500	-101		110	
76	0.7600	-100		107	
77	0.7700	-97		104	
78	0.7800	-95		100	
79	0.7900	-92		95	
80	0.8000	-88		90	
81	0.8100	-83		85	
82	0.8200	-78		79	
83	0.8300	-74		72	
84	0.8400	-68		66	
85	0.8500	-62		59	
86	0.8600	-56		52	
87	0.8700	-49		44	
88	0.8800	-42		36	
89	0.8900	-36		28	
90	0.9000	-29		20	
91	0.9100	-22		12	
92	0.9200	-14		4	
93	0.9300	-6		-4	
94	0.9400	1		-12	
95	0.9500	8		-19	
96	0.9600	16		-27	
97	0.9700	23		-34	
98	0.9800	30		-42	
99	0.9900	37		-49	
100	1.0000	44		-55	
101	1.0100	50		-62	
102	1.0200	56		-67	
103	1.0300	62		-73	
104	1.0400	67		-78	
105	1.0500	72		-82	
106	1.0600	76		-86	
107	1.0700	80		-90	
108	1.0800	84		-93	
109	1.0900	86		-95	
110	1.1000	89		-97	
111	1.1100	91		-98	
112	1.1200	92		-99	
113	1.1300	93		-99	
114	1.1400	93		-99	
115	1.1500	93		-98	
116	1.1600	92		-97	
117	1.1700	90		-95	
118	1.1800	89		-92	
119	1.1900	86		-89	
120	1.2000	84		-86	
121	1.2100	80		-82	
122	1.2200	76		-77	
123	1.2300	72		-72	
124	1.2400	67		-67	
125	1.2500	62		-62	
126	1.2600	56		-56	
127	1.2700	51		-50	
128	1.2800	45		-44	
129	1.2900	39		-37	
130	1.3000	32		-31	
131	1.3100	26		-24	
132	1.3200	19		-17	
133	1.3300	12		-10	
134	1.3400	5		-3	
135	1.3500	-2		3	
136	1.3600	-9		10	
137	1.3700	-16		17	
138	1.3800	-22		23	
139	1.3900	-29		30	
140	1.4000	-35		36	
141	1.4100	-40		42	
142	1.4200	-46		47	
143	1.4300	-52		52	
144	1.4400	-57		57	
145	1.4500	-62		62	
146	1.4600	-67		66	
147	1.4700	-71		70	
148	1.4800	-75		73	
149	1.4900	-78		76	
150	1.5000	-81		78	
151	1.5100	-84		80	
152	1.5200	-86		82	
153	1.5300	-87		82	
154	1.5400	-88		83	
155	1.5500	-89		83	
156	1.5600	-89		82	
157	1.5700	-88		82	
158	1.5800	-87		80	
159	1.5900	-86		78	
160	1.6000	-84		76	
161	1.6100	-82		73	
162	1.6200	-78		70	
163	1.6300	-75		66	
164	1.6400	-72		62	
165	1.6500	-68		58	
166	1.6600	-63		54	
167	1.6700	-58		49	
168	1.6800	-53		44	
169	1.6900	-48		38	
170	1.7000	-42		33	
171	1.7100	-37		27	
172	1.7200	-31		21	
173	1.7300	-25		16	
174	1.7400	-19		10	
175	1.7500	-12		4	
176	1.7600	-6		-2	
177	1.7700	0		-8	
178	1.7800	6		-14	
179	1.7900	13		-19	
180	1.8000	19		-25	
181	1.8100	25		-30	
182	1.8200	31		-35	
183	1.8300	36		-40	
184	1.8400	42		-45	
185	1.8500	47		-49	
186	1.8600	52		-53	
187	1.8700	56		-56	
188	1.8800	60		-60	
189	1.8900	64		-62	
190	1.9000	68		-65	
191	1.9100	71		-67	
192	1.9200	74		-69	
193	1.9300	76		-70	
194	1.9400	78		-71	
195	1.9500	79		-71	
196	1.9600	80		-71	
197	1.9700	80		-70	
198	1.9800	80		-69	
199	1.9900	80		-68	
200	2.0000	79		-66	
201	2.0100	78		-64	
202	2.0200	76		-62	
203	2.0300	74		-59	
204	2.0400	72		-56	
205	2.0500	69		-52	
206	2.0600	66		-48	
207	2.0700	62		-44	
208	2.0800	58		-40	
209	2.0900	54		-35	
210	2.1000	50		-30	
211	2.1100	44		-25	
212	2.1200	40		-20	
213	2.1300	34		-15	
214	2.1400	30		-10	
215	2.1500	24		-5	
216	2.1600	18		1	
217	2.1700	13		6	
218	2.1800	8		11	
219	2.1900	2		16	
220	2.2000	-4		22	
221	2.2100	-9		27	
222	2.2200	-14		31	
223	2.2300	-20		36	
224	2.2400	-25		40	
225	2.2500	-30		45	
226	2.2600	-34		49	
227	2.2700	-38		52	
228	2.2800	-42		56	
229	2.2900	-46		59	
230	2.3000	-49		61	
231	2.3100	-52		64	
232	2.3200	-56		66	
233	2.3300	-58		67	
234	2.3400	-60		68	
235	2.3500	-62		69	
236	2.3600	-64		70	
237	2.3700	-65		70	
238	2.3800	-66		70	
239	2.3900	-66		69	
240	2.4000	-66		68	
241	2.4100	-66		66	
242	2.4200	-64		64	
243	2.4300	-64		62	
244	2.4400	-62		60	
245	2.4500	-60		57	
246	2.4600	-58		54	
247	2.4700	-55		50	
248	2.4800	-52		47	
249	2.4900	-49		43	
250	2.5000	-46		39	
251	2.5100	-42		34	
252	2.5200	-38		30	
253	2.5300	-35		25	
254	2.5400	-31		20	
255	2.5500	-26		15	
256	2.5600	-22		10	
257	2.5700	-17		5	
258	2.5800	-12		0	
259	2.5900	-8		-5	
260	2.6000	-3		-10	
261	2.6100	2		-14	
262	2.6200	6		-19	
263	2.6300	11		-24	
264	2.6400	15		-28	
265	2.6500	20		-32	
266	2.6600	24		-36	
267	2.6700	28		-40	
268	2.6800	32		-44	
269	2.6900	35		-47	
270	2.7000	39		-50	
271	2.7100	42		-53	
272	2.7200	44		-56	
273	2.7300	47		-58	
274	2.7400	50		-59	
275	2.7500	52		-61	
276	2.7600	53		-62	
277	2.7700	54		-62	
278	2.7800	55		-63	
279	2.7900	56		-63	
280	2.8000	56		-63	
281	2.8100	56		-62	
282	2.8200	56		-61	
283	2.8300	55		-60	
284	2.8400	54		-58	
285	2.8500	53		-56	
286	2.8600	51		-54	
287	2.8700	49		-51	
288	2.8800	47		-48	
289	2.8900	44		-45	
290	2.9000	42		-42	
291	2.9100	38		-38	
292	2.9200	36		-35	
293	2.9300	32		-31	
294	2.9400	28		-27	
295	2.9500	24		-23	
296	2.9600	21		-18	
297	2.9700	16		-14	
298	2.9800	12		-10	
299	2.9900	8		-5	
300	3.0000	4		-1	
301	3.0100	0		4	
302	3.0200	-4		8	
303	3.0300	-8		12	
304	3.0400	-12		16	
305	3.0500	-16		20	
306	3.0600	-20		24	
307	3.0700	-24		28	
308	3.0800	-28		31	
309	3.0900	-31		35	
310	3.1000	-34		38	
311	3.1100	-38		41	
312	3.1200	-40		44	
313	3.1300	-42		46	
314	3.1400	-44		48	
315	3.1500	-46		50	
316	3.1600	-48		52	
317	3.1700	-50		53	
318	3.1800	-51		54	
319	3.1900	-52		54	
320	3.2000	-52		55	
321	3.2100	-53		55	
322	3.2200	-53		55	
323	3.2300	-52		54	
324	3.2400	-52		53	
325	3.2500	-51		52	
326	3.2600	-50		51	
327	3.2700	-48		49	
328	3.2800	-46		47	
329	3.2900	-44		45	
330	3.3000	-42		42	
331	3.3100	-40		40	
332	3.3200	-38		37	
333	3.3300	-35		34	
334	3.3400	-32		30	
335	3.3500	-29		27	
336	3.3600	-25		24	
337	3.3700	-22		20	
338	3.3800	-18		16	
339	3.3900	-14		13	
340	3.4000	-10		9	
341	3.4100	-6		5	
342	3.4200	-2		1	
343	3.4300	2		-2	
344	3.4400	6		-6	
345	3.4500	9		-10	
346	3.4600	13		-13	
347	3.4700	17		-17	
348	3.4800	20		-20	
349	3.4900	24		-23	
350	3.5000	27		-26	
351	3.5100	30		-29	
352	3.5200	33		-31	
353	3.5300	36		-34	
354	3.5400	38		-36	
355	3.5500	41		-38	
356	3.5600	43		-39	
357	3.5700	45		-41	
358	3.5800	46		-42	
359	3.5900	48		-43	
360	3.6000	49		-43	
361	3.6100	50		-44	
362	3.6200	50		-44	
363	3.6300	50		-44	
364	3.6400	50		-43	
365	3.6500	50		-42	
366	3.6600	49		-41	
367	3.6700	48		-40	
368	3.6800	47		-39	
369	3.6900	46		-37	
370	3.7000	44		-35	
371	3.7100	42		-33	
372	3.7200	40		-31	
373	3.7300	38		-28	
374	3.7400	36		-26	
375	3.7500	33		-23	
376	3.7600	30		-20	
377	3.7700	27		-17	
378	3.7800	24		-14	
379	3.7900	20		-10	
380	3.8000	17		-7	
381	3.8100	14		-4	
382	3.8200	10		-1	
383	3.8300	7		3	
384	3.8400	3		6	
385	3.8500	0		9	
386	3.8600	-4		12	
387	3.8700	-7		16	
388	3.8800	-10		18	
389	3.8900	-14		21	
390	3.9000	-17		24	
391	3.9100	-20		27	
392	3.9200	-23		29	
393	3.9300	-26		31	
394	3.9400	-28		33	
395	3.9500	-31		35	
396	3.9600	-33		37	
397	3.9700	-35		38	
398	3.9800	-37		40	
399	3.9900	-39		41	
400	4.0000	-39		42	
401	4.0100	-40		42	
402	4.0200	-41		42	
403	4.0300	-42		43	
404	4.0400	-42		42	
405	4.0500	-42		42	
406	4.0600	-42		41	
407	4.0700	-42		40	
408	4.0800	-42		39	
409	4.0900	-41		38	
410	4.1000	-40		36	
411	4.1100	-39		35	
412	4.1200	-38		33	
413	4.1300	-37		31	
414	4.1400	-35		28	
415	4.1500	-33		26	
416	4.1600	-31		24	
417	4.1700	-28		21	
418	4.1800	-26		18	
419	4.1900	-23		15	
420	4.2000	-20		12	
421	4.2100	-18		9	
422	4.2200	-15		6	
423	4.2300	-12		3	
424	4.2400	-9		0	
425	4.2500	-6		-3	
426	4.2600	-3		-6	
427	4.2700	0		-9	
428	4.2800	3		-12	
429	4.2900	6		-15	
430	4.3000	9		-17	
431	4.3100	12		-20	
432	4.3200	14		-23	
433	4.3300	17		-25	
434	4.3400	20		-27	
435	4.3500	22		-29	
436	4.3600	24		-31	
437	4.3700	26		-32	
438	4.3800	28		-34	
439	4.3900	30		-35	
440	4.4000	31		-36	
441	4.4100	32		-37	
442	4.4200	34		-38	
443	4.4300	34		-38	
444	4.4400	35		-38	
445	4.4500	36		-38	
446	4.4600	36		-38	
447	4.4700	36		-38	
448	4.4800	36		-37	
449	4.4900	36		-36	
450	4.5000	35		-35	
451	4.5100	34		-33	
452	4.5200	33		-32	
453	4.5300	32		-30	
454	4.5400	30		-28	
455	4.5500	29		-26	
456	4.5600	27		-24	
457	4.5700	26		-22	
458	4.5800	24		-20	
459	4.5900	21		-17	
460	4.6000	19		-15	
461	4.6100	17		-12	
462	4.6200	14		-9	
463	4.6300	12		-7	
464	4.6400	10		-4	
465	4.6500	7		-1	
466	4.6600	4		2	
467	4.6700	2		4	
468	4.6800	-1		7	
469	4.6900	-4		10	
470	4.7000	-6		12	
471	4.7100	-9		15	
472	4.7200	-11		18	
473	4.7300	-14		20	
474	4.7400	-16		22	
475	4.7500	-18		24	
476	4.7600	-20		26	
477	4.7700	-22		28	
478	4.7800	-24		30	
479	4.7900	-26		31	
480	4.8000	-27		32	
481	4.8100	-28		34	
482	4.8200	-30		34	
483	4.8300	-30		35	
484	4.8400	-31		36	
485	4.8500	-32		36	
486	4.8600	-32		36	
487	4.8700	-32		36	
488	4.8800	-32		36	
489	4.8900	-32		36	
490	4.9000	-32		35	
491	4.9100	-31		34	
492	4.9200	-30		33	
493	4.9300	-30		32	
494	4.9400	-29		31	
495	4.9500	-28		29	
496	4.9600	-26		28	
497	4.9700	-24		26	
498	4.9800	-23		24	
499	4.9900	-21		22	
500	5.0000	-19		20	
501	5.0100	-17		18	
502	5.0200	-15		16	
503	5.0300	-13		14	
504	5.0400	-10		11	
505	5.0500	-8		9	
506	5.0600	-6		6	
507	5.0700	-4		4	
508	5.0800	-1		1	
509	5.0900	1		-1	
510	5.1000	4		-3	
511	5.1100	6		-6	
512	5.1200	8		-8	
513	5.1300	10		-10	
514	5.1400	13		-12	
515	5.1500	15		-14	
516	5.1600	17		-16	
517	5.1700	18		-18	
518	5.1800	20		-20	
519	5.1900	22		-21	
520	5.2000	24		-23	
521	5.2100	25		-24	
522	5.2200	26		-25	
523	5.2300	28		-26	
524	5.2400	28		-27	
525	5.2500	29		-27	
526	5.2600	30		-28	
527	5.2700	30		-28	
528	5.2800	30		-28	
529	5.2900	30		-28	
530	5.3000	30		-28	
531	5.3100	30		-27	
532	5.3200	30		-27	
533	5.3300	29		-26	
534	5.3400	28		-25	
535	5.3500	28		-24	
536	5.3600	26		-23	
537	5.3700	25		-22	
538	5.3800	24		-20	
539	5.3900	22		-19	
540	5.4000	20		-17	
541	5.4100	19		-15	
542	5.4200	17		-13	
543	5.4300	15		-12	
544	5.4400	13		-10	
545	5.4500	11		-8	
546	5.4600	9		-5	
547	5.4700	7		-3	
548	5.4800	4		-1	
549	5.4900	2		1	
550	5.5000	0		3	
551	5.5100	-2		5	
552	5.5200	-4		7	
553	5.5300	-6		9	
554	5.5400	-8		11	
555	5.5500	-10		13	
556	5.5600	-12		14	
557	5.5700	-14		16	
558	5.5800	-16		18	
559	5.5900	-18		19	
560	5.6000	-20		20	
561	5.6100	-21		22	
562	5.6200	-22		23	
563	5.6300	-24		24	
564	5.6400	-25		25	
565	5.6500	-26		25	
566	5.6600	-26		26	
567	5.6700	-27		26	
568	5.6800	-28		26	
569	5.6900	-28		26	
570	5.7000	-28		26	
571	5.7100	-28		26	
572	5.7200	-28		26	
573	5.7300	-28		25	
574	5.7400	-28		25	
575	5.7500	-27		24	
576	5.7600	-26		23	
577	5.7700	-26		22	
578	5.7800	-24		21	
579	5.7900	-24		19	
580	5.8000	-22		18	
581	5.8100	-21		16	
582	5.8200	-20		15	
583	5.8300	-18		13	
584	5.8400	-16		12	
585	5.8500	-14		10	
586	5.8600	-13		8	
587	5.8700	-11		6	
588	5.8800	-9		4	
589	5.8900	-7		2	
590	5.9000	-5		1	
591	5.9100	-3		-1	
592	5.9200	-1		-3	
593	5.9300	1		-5	
594	5.9400	2		-7	
595	5.9500	4		-8	
596	5.9600	6		-10	
597	5.9700	8		-12	
598	5.9800	10		-13	
599	5.9900	12		-15	
600	6.0000	13		-16	
601	6.0100	15		-17	
602	6.0200	16		-18	
603	6.0300	17		-19	
604	6.0400	18		-20	
605	6.0500	20		-21	
606	6.0600	20		-22	
607	6.0700	22		-22	
608	6.0800	22		-22	
609	6.0900	23		-22	
610	6.1000	23		-23	
611	6.1100	24		-22	
612	6.1200	24		-22	
613	6.1300	24		-22	
614	6.1400	24		-22	
615	6.1500	23		-21	
616	6.1600	23		-20	
617	6.1700	22		-20	
618	6.1800	22		-18	
619	6.1900	21		-18	
620	6.2000	20		-16	
621	6.2100	19		-15	
622	6.2200	18		-14	
623	6.2300	17		-12	
624	6.2400	16		-11	
625	6.2500	14		-9	
626	6.2600	13		-8	
627	6.2700	11		-6	
628	6.2800	10		-4	
629	6.2900	8		-2	
630	6.3000	6		-1	
631	6.3100	5		1	
632	6.3200	3		3	
633	6.3300	2		5	
634	6.3400	0		6	
635	6.3500	-2		8	
636	6.3600	-4		10	
637	6.3700	-5		11	
638	6.3800	-6		13	
639	6.3900	-8		14	
640	6.4000	-10		16	
641	6.4100	-11		17	
642	6.4200	-12		18	
643	6.4300	-14		19	
644	6.4400	-15		20	
645	6.4500	-16		21	
646	6.4600	-17		22	
647	6.4700	-18		22	
648	6.4800	-18		23	
649	6.4900	-19		23	
650	6.5000	-20		24	
651	6.5100	-20		24	
652	6.5200	-20		24	
653	6.5300	-20		24	
654	6.5400	-20		24	
655	6.5500	-20		23	
656	6.5600	-20		23	
657	6.5700	-20		22	
658	6.5800	-19		21	
659	6.5900	-19		21	
660	6.6000	-18		20	
661	6.6100	-17		19	
662	6.6200	-16		18	
663	6.6300	-16		16	
664	6.6400	-14		15	
665	6.6500	-14		14	
666	6.6600	-12		13	
667	6.6700	-11		11	
668	6.6800	-10		10	
669	6.6900	-8		8	
670	6.7000	-7		7	
671	6.7100	-6		5	
672	6.7200	-4		4	
673	6.7300	-2		2	
674	6.7400	-1		0	
675	6.7500	0		-1	
676	6.7600	2		-3	
677	6.7700	4		-4	
678	6.7800	5		-6	
679	6.7900	6		-7	
680	6.8000	8		-8	
681	6.8100	9		-10	
682	6.8200	10		-11	
683	6.8300	11		-12	
684	6.8400	12		-13	
685	6.8500	14		-14	
686	6.8600	14		-15	
687	6.8700	15		-16	
688	6.8800	16		-16	
689	6.8900	16		-17	
690	6.9000	17		-18	
691	6.9100	18		-18	
692	6.9200	18		-18	
693	6.9300	18		-18	
694	6.9400	18		-18	
695	6.9500	18		-18	
696	6.9600	18		-18	
697	6.9700	18		-18	
698	6.9800	18		-17	
699	6.9900	18		-17	
700	7.0000	17		-16	
701	7.0100	16		-16	
702	7.0200	16		-15	
703	7.0300	15		-14	
704	7.0400	14		-13	
705	7.0500	13		-12	
706	7.0600	12		-11	
707	7.0700	11		-10	
708	7.0800	10		-8	
709	7.0900	8		-7	
710	7.1000	7		-6	
711	7.1100	6		-4	
712	7.1200	4		-3	
713	7.1300	3		-2	
714	7.1400	2		0	
715	7.1500	0		1	
716	7.1600	-1		2	
717	7.1700	-2		4	
718	7.1800	-4		5	
719	7.1900	-5		6	
720	7.2000	-6		7	
721	7.2100	-8		8	
722	7.2200	-8		10	
723	7.2300	-10		11	
724	7.2400	-11		12	
725	7.2500	-12		13	
726	7.2600	-13		14	
727	7.2700	-14		14	
728	7.2800	-14		15	
729	7.2900	-16		16	
730	7.3000	-16		16	
731	7.3100	-16		17	
732	7.3200	-17		17	
733	7.3300	-17		17	
734	7.3400	-18		18	
735	7.3500	-18		18	
736	7.3600	-18		18	
737	7.3700	-18		17	
738	7.3800	-18		17	
739	7.3900	-18		17	
740	7.4000	-17		16	
741	7.4100	-17		16	
742	7.4200	-16		15	
743	7.4300	-16		15	
744	7.4400	-15		14	
745	7.4500	-14		13	
746	7.4600	-14		12	
747	7.4700	-12		12	
748	7.4800	-12		10	
749	7.4900	-10		10	
750	7.5000	-10		8	
751	7.5100	-8		7	
752	7.5200	-7		6	
753	7.5300	-6		5	
754	7.5400	-5		4	
755	7.5500	-4		3	
756	7.5600	-2		2	
757	7.5700	-1		0	
758	7.5800	0		-1	
759	7.5900	2		-2	
760	7.6000	3		-3	
761	7.6100	4		-4	
762	7.6200	5		-5	
763	7.6300	6		-6	
764	7.6400	8		-7	
765	7.6500	8		-8	
766	7.6600	10		-9	
767	7.6700	10		-10	
768	7.6800	11		-10	
769	7.6900	12		-11	
770	7.7000	13		-11	
771	7.7100	14		-12	
772	7.7200	14		-12	
773	7.7300	14		-13	
774	7.7400	15		-13	
775	7.7500	15		-13	
776	7.7600	16		-13	
777	7.7700	16		-13	
778	7.7800	16		-13	
779	7.7900	16		-13	
780	7.8000	16		-12	
781	7.8100	16		-12	
782	7.8200	15		-12	
783	7.8300	15		-11	
784	7.8400	14		-10	
785	7.8500	14		-10	
786	7.8600	13		-9	
787	7.8700	12		-8	
788	7.8800	12		-7	
789	7.8900	11		-6	
790	7.9000	10		-6	
791	7.9100	9		-5	
792	7.9200	8		-4	
793	7.9300	7		-3	
794	7.9400	6		-2	
795	7.9500	5		0	
796	7.9600	4		1	
797	7.9700	3		2	
798	7.9800	2		3	
799	7.9900	1		4	
800	8.0000	0		5	
801	8.0100	-1		6	
802	8.0200	-2		7	
803	8.0300	-4		8	
804	8.0400	-4		9	
805	8.0500	-6		10	
806	8.0600	-6		10	
807	8.0700	-7		11	
808	8.0800	-8		12	
809	8.0900	-9		12	
810	8.1000	-10		13	
811	8.1100	-10		14	
812	8.1200	-11		14	
813	8.1300	-12		14	
814	8.1400	-12		15	
815	8.1500	-12		15	
816	8.1600	-13		15	
817	8.1700	-13		15	
818	8.1800	-13		15	
819	8.1900	-13		15	
820	8.2000	-13		15	
821	8.2100	-13		15	
822	8.2200	-13		14	
823	8.2300	-13		14	
824	8.2400	-13		14	
825	8.2500	-12		13	
826	8.2600	-12		12	
827	8.2700	-12		12	
828	8.2800	-11		11	
829	8.2900	-10		10	
830	8.3000	-10		10	
831	8.3100	-9		9	
832	8.3200	-8		8	
833	8.3300	-8		7	
834	8.3400	-6		6	
835	8.3500	-6		5	
836	8.3600	-5		4	
837	8.3700	-4		3	
838	8.3800	-3		2	
839	8.3900	-2		1	
840	8.4000	-1		0	
841	8.4100	0		-1	
842	8.4200	1		-2	
843	8.4300	2		-3	
844	8.4400	2		-4	
845	8.4500	4		-5	
846	8.4600	4		-6	
847	8.4700	5		-6	
848	8.4800	6		-7	
849	8.4900	7		-8	
850	8.5000	8		-8	
851	8.5100	8		-9	
852	8.5200	8		-10	
853	8.5300	9		-10	
854	8.5400	10		-10	
855	8.5500	10		-11	
856	8.5600	10		-11	
857	8.5700	11		-11	
858	8.5800	11		-11	
859	8.5900	11		-11	
860	8.6000	11		-11	
861	8.6100	11		-11	
862	8.6200	11		-11	
863	8.6300	11		-11	
864	8.6400	11		-11	
865	8.6500	10		-10	
866	8.6600	10		-10	
867	8.6700	10		-9	
868	8.6800	10		-9	
869	8.6900	9		-8	
870	8.7000	8		-8	
871	8.7100	8		-7	
872	8.7200	7		-6	
873	8.7300	6		-5	
874	8.7400	6		-5	
875	8.7500	5		-4	
876	8.7600	4		-3	
877	8.7700	4		-2	
878	8.7800	3		-1	
879	8.7900	2		0	
880	8.8000	1		0	
881	8.8100	0		2	
882	8.8200	0		2	
883	8.8300	-2		3	
884	8.8400	-2		4	
885	8.8500	-3		5	
886	8.8600	-4		6	
887	8.8700	-4		6	
888	8.8800	-6		7	
889	8.8900	-6		8	
890	8.9000	-7		8	
891	8.9100	-8		9	
892	8.9200	-8		10	
893	8.9300	-8		10	
894	8.9400	-9		11	
895	8.9500	-10		11	
896	8.9600	-10		11	
897	8.9700	-10		12	
898	8.9800	-10		12	
899	8.9900	-10		12	
900	9.0000	-11		12	
901	9.0100	-11		12	
902	9.0200	-11		12	
903	9.0300	-11		12	
904	9.0400	-11		12	
905	9.0500	-10		12	
906	9.0600	-10		12	
907	9.0700	-10		11	
908	9.0800	-10		11	
909	9.0900	-9		10	
910	9.1000	-9		10	
911	9.1100	-8		9	
912	9.1200	-8		9	
913	9.1300	-7		8	
914	9.1400	-6		8	
915	9.1500	-6		7	
916	9.1600	-5		6	
917	9.1700	-4		6	
918	9.1800	-4		5	
919	9.1900	-3		4	
920	9.2000	-2		3	
921	9.2100	-2		2	
922	9.2200	0		2	
923	9.2300	0		1	
924	9.2400	1		0	
925	9.2500	2		0	
926	9.2600	2		-1	
927	9.2700	3		-2	
928	9.2800	4		-2	
929	9.2900	4		-3	
930	9.3000	5		-4	
931	9.3100	6		-4	
932	9.3200	6		-5	
933	9.3300	7		-5	
934	9.3400	8		-6	
935	9.3500	8		-6	
936	9.3600	8		-7	
937	9.3700	9		-7	
938	9.3800	9		-7	
939	9.3900	10		-7	
940	9.4000	10		-8	
941	9.4100	10		-8	
942	9.4200	10		-8	
943	9.4300	10		-8	
944	9.4400	10		-8	
945	9.4500	10		-7	
946	9.4600	10		-7	
947	9.4700	10		-7	
948	9.4800	10		-7	
949	9.4900	9		-6	
950	9.5000	9		-6	
951	9.5100	8		-6	
952	9.5200	8		-5	
953	9.5300	8		-5	
954	9.5400	7		-4	
955	9.5500	7		-4	
956	9.5600	6		-3	
957	9.5700	6		-2	
958	9.5800	5		-2	
959	9.5900	4		-1	
960	9.6000	4		0	
961	9.6100	3		0	
962	9.6200	2		1	
963	9.6300	2		2	
964	9.6400	1		2	
965	9.6500	0		3	
966	9.6600	-1		4	
967	9.6700	-2		4	
968	9.6800	-2		5	
969	9.6900	-3		5	
970	9.7000	-4		6	
971	9.7100	-4		6	
972	9.7200	-4		7	
973	9.7300	-5		7	
974	9.7400	-6		8	
975	9.7500	-6		8	
976	9.7600	-7		8	
977	9.7700	-7		9	
978	9.7800	-8		9	
979	9.7900	-8		9	
980	9.8000	-8		10	
981	9.8100	-8		10	
982	9.8200	-8		10	
983	9.8300	-9		10	
984	9.8400	-9		10	
985	9.8500	-9		10	
986	9.8600	-9		9	
987	9.8700	-9		9	
988	9.8800	-9		9	
989	9.8900	-9		9	
990	9.9000	-8		8	
991	9.9100	-8		8	
992	9.9200	-8		8	
993	9.9300	-8		7	
994	9.9400	-7		7	
995	9.9500	-7		6	
996	9.9600	-6		6	
997	9.9700	-6		5	
998	9.9800	-6		5	
999	9.9900	-5		4	
1000	10.0000	-4		4	
1001	10.0100	-4		3	
1002	10.0200	-3		2	
1003	10.0300	-2		2	
1004	10.0400	-2		1	
1005	10.0500	-2		0	
1006	10.0600	-1		0	
1007	10.0700	0		-1	
1008	10.0800	0		-1	
1009	10.0900	1		-2	
1010	10.1000	2		-2	
1011	10.1100	2		-3	
1012	10.1200	3		-4	
1013	10.1300	3		-4	
1014	10.1400	4		-4	
1015	10.1500	4		-5	
1016	10.1600	4		-5	
1017	10.1700	5		-6	
1018	10.1800	6		-6	
1019	10.1900	6		-6	
1020	10.2000	6		-6	
1021	10.2100	6		-6	
1022	10.2200	6		-7	
1023	10.2300	7		-7	
1024	10.2400	7		-7	
1025	10.2500	7		-7	
1026	10.2600	7		-7	
1027	10.2700	7		-6	
1028	10.2800	7		-6	
1029	10.2900	7		-6	
1030	10.3000	7		-6	
1031	10.3100	7		-6	
1032	10.3200	6		-5	
1033	10.3300	6		-5	
1034	10.3400	6		-5	
1035	10.3500	6		-4	
1036	10.3600	6		-4	
1037	10.3700	5		-3	
1038	10.3800	4		-3	
1039	10.3900	4		-2	
1040	10.4000	4		-2	
1041	10.4100	3		-1	
1042	10.4200	3		-1	
1043	10.4300	2		0	
1044	10.4400	2		0	
1045	10.4500	1		1	
1046	10.4600	1		2	
1047	10.4700	0		2	
1048	10.4800	0		3	
1049	10.4900	-1		3	
1050	10.5000	-2		4	
1051	10.5100	-2		4	
1052	10.5200	-2		5	
1053	10.5300	-3		5	
1054	10.5400	-3		6	
1055	10.5500	-4		6	
1056	10.5600	-4		7	
1057	10.5700	-4		7	
1058	10.5800	-5		7	
1059	10.5900	-5		8	
1060	10.6000	-6		8	
1061	10.6100	-6		8	
1062	10.6200	-6		8	
1063	10.6300	-6		8	
1064	10.6400	-6		8	
1065	10.6500	-6		9	
1066	10.6600	-6		9	
1067	10.6700	-6		9	
1068	10.6800	-6		9	
1069	10.6900	-6		8	
1070	10.7000	-6		8	
1071	10.7100	-6		8	
1072	10.7200	-6		8	
1073	10.7300	-6		8	
1074	10.7400	-6		7	
1075	10.7500	-6		7	
1076	10.7600	-5		7	
1077	10.7700	-5		6	
1078	10.7800	-4		6	
1079	10.7900	-4		6	
1080	10.8000	-4		5	
1081	10.8100	-3		5	
1082	10.8200	-3		4	
1083	10.8300	-2		4	
1084	10.8400	-2		3	
1085	10.8500	-2		3	
1086	10.8600	-1		2	
1087	10.8700	0		2	
1088	10.8800	0		1	
1089	10.8900	0		1	
1090	10.9000	1		0	
1091	10.9100	2		0	
1092	10.9200	2		0	
1093	10.9300	2		-1	
1094	10.9400	3		-2	
1095	10.9500	3		-2	
1096	10.9600	4		-2	
1097	10.9700	4		-3	
1098	10.9800	4		-3	
1099	10.9900	5		-3	
1100	11.0000	5		-4	
1101	11.0100	5		-4	
1102	11.0200	6		-4	
1103	11.0300	6		-4	
1104	11.0400	6		-4	
1105	11.0500	6		-4	
1106	11.0600	6		-4	
1107	11.0700	6		-4	
1108	11.0800	6		-4	
1109	11.0900	6		-4	
1110	11.1000	6		-4	
1111	11.1100	6		-4	
1112	11.1200	6		-4	
1113	11.1300	6		-4	
1114	11.1400	6		-4	
1115	11.1500	6		-4	
1116	11.1600	5		-3	
1117	11.1700	5		-3	
1118	11.1800	4		-3	
1119	11.1900	4		-2	
1120	11.2000	4		-2	
1121	11.2100	4		-2	
1122	11.2200	3		-1	
1123	11.2300	3		-1	
1124	11.2400	2		-1	
1125	11.2500	2		0	
1126	11.2600	2		0	
1127	11.2700	1		1	
1128	11.2800	0		1	
1129	11.2900	0		2	
1130	11.3000	0		2	
1131	11.3100	-1		2	
1132	11.3200	-1		3	
1133	11.3300	-2		3	
1134	11.3400	-2		4	
1135	11.3500	-2		4	
1136	11.3600	-3		4	
1137	11.3700	-3		5	
1138	11.3800	-4		5	
1139	11.3900	-4		5	
1140	11.4000	-4		5	
1141	11.4100	-4		6	
1142	11.4200	-5		6	
1143	11.4300	-5		6	
1144	11.4400	-6		6	
1145	11.4500	-6		6	
1146	11.4600	-6		6	
1147	11.4700	-6		6	
1148	11.4800	-6		6	
1149	11.4900	-6		6	
1150	11.5000	-6		6	
1151	11.5100	-6		6	
1152	11.5200	-6		6	
1153	11.5300	-6		6	
1154	11.5400	-6		6	
1155	11.5500	-6		6	
1156	11.5600	-6		6	
1157	11.5700	-5		5	
1158	11.5800	-5		5	
1159	11.5900	-5		5	
1160	11.6000	-4		4	
1161	11.6100	-4		4	
1162	11.6200	-4		4	
1163	11.6300	-4		3	
1164	11.6400	-3		3	
1165	11.6500	-3		3	
1166	11.6600	-2		2	
1167	11.6700	-2		2	
1168	11.6800	-2		2	
1169	11.6900	-2		1	
1170	11.7000	-1		1	
1171	11.7100	0		0	
1172	11.7200	0		0	
1173	11.7300	0		0	
1174	11.7400	0		-1	
1175	11.7500	1		-1	
1176	11.7600	2		-1	
1177	11.7700	2		-2	
1178	11.7800	2		-2	
1179	11.7900	2		-2	
1180	11.8000	3		-2	
1181	11.8100	3		-3	
1182	11.8200	4		-3	
1183	11.8300	4		-3	
1184	11.8400	4		-3	
1185	11.8500	4		-3	
1186	11.8600	4		-4	
1187	11.8700	4		-4	
1188	11.8800	4		-4	
1189	11.8900	4		-4	
1190	11.9000	5		-4	
1191	11.9100	5		-4	
1192	11.9200	5		-4	
1193	11.9300	5		-3	
1194	11.9400	5		-3	
1195	11.9500	4		-3	
1196	11.9600	4		-3	
1197	11.9700	4		-3	
1198	11.9800	4		-2	
1199	11.9900	4		-2	
1200	12.0000	4		-2	
1201	12.0100	4		-2	
1202	12.0200	4		-1	
1203	12.0300	3		-1	
1204	12.0400	3		-1	
1205	12.0500	2		0	
1206	12.0600	2		0	
1207	12.0700	2		0	
1208	12.0800	2		1	
1209	12.0900	1		1	
1210	12.1000	1		1	
1211	12.1100	0		2	
1212	12.1200	0		2	
1213	12.1300	0		2	
1214	12.1400	0		3	
1215	12.1500	-1		3	
1216	12.1600	-1		4	
1217	12.1700	-2		4	
1218	12.1800	-2		4	
1219	12.1900	-2		4	
1220	12.2000	-2		5	
1221	12.2100	-2		5	
1222	12.2200	-3		5	
1223	12.2300	-3		5	
1224	12.2400	-3		6	
1225	12.2500	-4		6	
1226	12.2600	-4		6	
1227	12.2700	-4		6	
1228	12.2800	-4		6	
1229	12.2900	-4		6	
1230	12.3000	-4		6	
1231	12.3100	-4		6	
1232	12.3200	-4		6	
1233	12.3300	-4		6	
1234	12.3400	-4		6	
1235	12.3500	-4		6	
1236	12.3600	-4		6	
1237	12.3700	-4		6	
1238	12.3800	-4		6	
1239	12.3900	-4		5	
1240	12.4000	-4		5	
1241	12.4100	-3		5	
1242	12.4200	-3		5	
1243	12.4300	-3		4	
1244	12.4400	-2		4	
1245	12.4500	-2		4	
1246	12.4600	-2		4	
1247	12.4700	-2		3	
1248	12.4800	-2		3	
1249	12.4900	-1		3	
1250	12.5000	-1		2	
1251	12.5100	0		2	
1252	12.5200	0		2	
1253	12.5300	0		1	
1254	12.5400	0		1	
1255	12.5500	0		1	
1256	12.5600	1		0	
1257	12.5700	1		0	
1258	12.5800	2		0	
1259	12.5900	2		0	
1260	12.6000	2		-1	
1261	12.6100	2		-1	
1262	12.6200	2		-1	
1263	12.6300	3		-1	
1264	12.6400	3		-2	
1265	12.6500	3		-2	
1266	12.6600	3		-2	
1267	12.6700	4		-2	
1268	12.6800	4		-2	
1269	12.6900	4		-2	
1270	12.7000	4		-2	
1271	12.7100	4		-2	
1272	12.7200	4		-2	
1273	12.7300	4		-2	
1274	12.7400	4		-2	
1275	12.7500	4		-2	
1276	12.7600	4		-2	
1277	12.7700	4		-2	
1278	12.7800	4		-2	
1279	12.7900	4		-2	
1280	12.8000	3		-2	
1281	12.8100	3		-2	
1282	12.8200	3		-2	
1283	12.8300	2		-1	
1284	12.8400	2		-1	
1285	12.8500	2		-1	
1286	12.8600	2		-1	
1287	12.8700	2		0	
1288	12.8800	2		0	
1289	12.8900	1		0	
1290	12.9000	1		0	
1291	12.9100	1		1	
1292	12.9200	0		1	
1293	12.9300	0		1	
1294	12.9400	0		2	
1295	12.9500	0		2	
1296	12.9600	-1		2	
1297	12.9700	-1		2	
1298	12.9800	-1		2	
1299	12.9900	-2		3	
1300	13.0000	-2		3	
1301	13.0100	-2		3	
1302	13.0200	-2		4	
1303	13.0300	-2		4	
1304	13.0400	-3		4	
1305	13.0500	-3		4	
1306	13.0600	-3		4	
1307	13.0700	-3		4	
1308	13.0800	-4		4	
1309	13.0900	-4		4	
1310	13.1000	-4		4	
1311	13.1100	-4		5	
1312	13.1200	-4		5	
1313	13.1300	-4		5	
1314	13.1400	-4		5	
1315	13.1500	-4		5	
1316	13.1600	-4		5	
1317	13.1700	-4		5	
1318	13.1800	-4		4	
1319	13.1900	-4		4	
1320	13.2000	-4		4	
1321	13.2100	-4		4	
1322	13.2200	-3		4	
1323	13.2300	-3		4	
1324	13.2400	-3		4	
1325	13.2500	-2		4	
1326	13.2600	-2		3	
1327	13.2700	-2		3	
1328	13.2800	-2		3	
1329	13.2900	-2		3	
1330	13.3000	-2		2	
1331	13.3100	-1		2	
1332	13.3200	-1		2	
1333	13.3300	-1		2	
1334	13.3400	0		2	
1335	13.3500	0		1	
1336	13.3600	0		1	
1337	13.3700	0		1	
1338	13.3800	0		1	
1339	13.3900	1		0	
1340	13.4000	1		0	
1341	13.4100	1		0	
1342	13.4200	2		0	
1343	13.4300	2		0	
1344	13.4400	2		-1	
1345	13.4500	2		-1	
1346	13.4600	2		-1	
1347	13.4700	2		-1	
1348	13.4800	3		-1	
1349	13.4900	3		-1	
1350	13.5000	3		-1	
1351	13.5100	3		-1	
1352	13.5200	3		-1	
1353	13.5300	3		-1	
1354	13.5400	3		-1	
1355	13.5500	3		-1	
1356	13.5600	3		-1	
1357	13.5700	3		-1	
1358	13.5800	3		-1	
1359	13.5900	3		-1	
1360	13.6000	3		-1	
1361	13.6100	3		-1	
1362	13.6200	3		-1	
1363	13.6300	3		-1	
1364	13.6400	3		0	
1365	13.6500	2		0	
1366	13.6600	2		0	
1367	13.6700	2		0	
1368	13.6800	2		0	
1369	13.6900	2		0	
1370	13.7000	2		1	
1371	13.7100	2		1	
1372	13.7200	1		1	
1373	13.7300	1		1	
1374	13.7400	1		2	
1375	13.7500	0		2	
1376	13.7600	0		2	
1377	13.7700	0		2	
1378	13.7800	0		2	
1379	13.7900	0		3	
1380	13.8000	0		3	
1381	13.8100	-1		3	
1382	13.8200	-1		3	
1383	13.8300	-1		3	
1384	13.8400	-2		4	
1385	13.8500	-2		4	
1386	13.8600	-2		4	
1387	13.8700	-2		4	
1388	13.8800	-2		4	
1389	13.8900	-2		4	
1390	13.9000	-2		4	
1391	13.9100	-2		4	
1392	13.9200	-2		4	
1393	13.9300	-2		4	
1394	13.9400	-3		4	
1395	13.9500	-3		4	
1396	13.9600	-3		4	
1397	13.9700	-3		4	
1398	13.9800	-3		4	
1399	13.9900	-3		4	
1400	14.0000	-3		4	
1401	14.0100	-2		4	
1402	14.0200	-2		4	
1403	14.0300	-2		4	
1404	14.0400	-2		4	
1405	14.0500	-2		4	
1406	14.0600	-2		3	
1407	14.0700	-2		3	
1408	14.0800	-2		3	
1409	14.0900	-2		3	
1410	14.1000	-2		3	
1411	14.1100	-2		2	
1412	14.1200	-1		2	
1413	14.1300	-1		2	
1414	14.1400	-1		2	
1415	14.1500	-1		2	
1416	14.1600	0		1	
1417	14.1700	0		1	
1418	14.1800	0		1	
1419	14.1900	0		1	
1420	14.2000	0		1	
1421	14.2100	0		0	
1422	14.2200	0		0	
1423	14.2300	1		0	
1424	14.2400	1		0	
1425	14.2500	1		0	
1426	14.2600	1		0	
1427	14.2700	2		0	
1428	14.2800	2		-1	
1429	14.2900	2		-1	
1430	14.3000	2		-1	
1431	14.3100	2		-1	
1432	14.3200	2		-1	
1433	14.3300	2		-1	
1434	14.3400	2		-1	
1435	14.3500	2		-1	
1436	14.3600	2		-1	
1437	14.3700	2		-1	
1438	14.3800	2		-1	
1439	14.3900	2		-1	
1440	14.4000	2		-1	
1441	14.4100	2		-1	
1442	14.4200	2		-1	
1443	14.4300	2		-1	
1444	14.4400	2		-1	
1445	14.4500	2		-1	
1446	14.4600	2		0	
1447	14.4700	2		0	
1448	14.4800	2		0	
1449	14.4900	2		0	
1450	14.5000	2		0	
1451	14.5100	1		0	
1452	14.5200	1		0	
1453	14.5300	1		1	
1454	14.5400	1		1	
1455	14.5500	0		1	
1456	14.5600	0		1	
1457	14.5700	0		1	
1458	14.5800	0		2	
1459	14.5900	0		2	
1460	14.6000	0		2	
1461	14.6100	0		2	
1462	14.6200	0		2	
1463	14.6300	-1		2	
1464	14.6400	-1		3	
1465	14.6500	-1		3	
1466	14.6600	-1		3	
1467	14.6700	-1		3	
1468	14.6800	-2		3	
1469	14.6900	-2		3	
1470	14.7000	-2		4	
1471	14.7100	-2		4	
1472	14.7200	-2		4	
1473	14.7300	-2		4	
1474	14.7400	-2		4	
1475	14.7500	-2		4	
1476	14.7600	-2		4	
1477	14.7700	-2		4	
1478	14.7800	-2		4	
1479	14.7900	-2		4	
1480	14.8000	-2		4	
1481	14.8100	-2		4	
1482	14.8200	-2		4	
1483	14.8300	-2		4	
1484	14.8400	-2		4	
1485	14.8500	-2		4	
1486	14.8600	-2		4	
1487	14.8700	-2		4	
1488	14.8800	-2		3	
1489	14.8900	-2		3	
1490	14.9000	-1		3	
1491	14.9100	-1		3	
1492	14.9200	-1		3	
1493	14.9300	-1		3	
1494	14.9400	-1		3	
1495	14.9500	0		2	
1496	14.9600	0		2	
1497	14.9700	0		2	
1498	14.9800	0		2	
1499	14.9900	0		2	
1500	15.0000	0		2	
1501	15.0100	0		2	
1502	15.0200	0		1	
1503	15.0300	1		1	
1504	15.0400	1		1	
1505	15.0500	1		1	
1506	15.0600	1		1	
1507	15.0700	1		1	
1508	15.0800	2		1	
1509	15.0900	2		0	
1510	15.1000	2		0	
1511	15.1100	2		0	
1512	15.1200	2		0	
1513	15.1300	2		0	
1514	15.1400	2		0	
1515	15.1500	2		0	
1516	15.1600	2		0	
1517	15.1700	2		0	
1518	15.1800	2		0	
1519	15.1900	2		0	
1520	15.2000	2		0	
1521	15.2100	2		0	
1522	15.2200	2		0	
1523	15.2300	2		0	
1524	15.2400	2		0	
1525	15.2500	2		0	
1526	15.2600	2		0	
1527	15.2700	2		0	
1528	15.2800	2		0	
1529	15.2900	2		0	
1530	15.3000	2		0	
1531	15.3100	2		0	
1532	15.3200	2		1	
1533	15.3300	2		1	
1534	15.3400	1		1	
1535	15.3500	1		1	
1536	15.3600	1		1	
1537	15.3700	1		1	
1538	15.3800	1		1	
1539	15.3900	0		2	
1540	15.4000	0		2	
1541	15.4100	0		2	
1542	15.4200	0		2	
1543	15.4300	0		2	
1544	15.4400	0		2	
1545	15.4500	0		2	
1546	15.4600	0		2	
1547	15.4700	-1		2	
1548	15.4800	-1		3	
1549	15.4900	-1		3	
1550	15.5000	-1		3	
1551	15.5100	-1		3	
1552	15.5200	-2		3	
1553	15.5300	-2		3	
1554	15.5400	-2		3	
1555	15.5500	-2		3	
1556	15.5600	-2		3	
1557	15.5700	-2		3	
1558	15.5800	-2		3	
1559	15.5900	-2		3	
1560	15.6000	-2		3	
1561	15.6100	-2		3	
1562	15.6200	-2		3	
1563	15.6300	-2		3	
1564	15.6400	-2		3	
1565	15.6500	-2		3	
1566	15.6600	-2		3	
1567	15.6700	-2		3	
1568	15.6800	-2		3	
1569	15.6900	-2		3	
1570	15.7000	-2		3	
1571	15.7100	-2		3	
1572	15.7200	-2		2	
1573	15.7300	-2		2	
1574	15.7400	-1		2	
1575	15.7500	-1		2	
1576	15.7600	-1		2	
1577	15.7700	-1		2	
1578	15.7800	-1		2	
1579	15.7900	-1		2	
1580	15.8000	0		2	
1581	15.8100	0		2	
1582	15.8200	0		1	
1583	15.8300	0		1	
1584	15.8400	0		1	
1585	15.8500	0		1	
1586	15.8600	0		1	
1587	15.8700	0		1	
1588	15.8800	0		1	
1589	15.8900	0		1	
1590	15.9000	1		0	
1591	15.9100	1		0	
1592	15.9200	1		0	
1593	15.9300	1		0	
1594	15.9400	1		0	
1595	15.9500	1		0	
1596	15.9600	2		0	
1597	15.9700	2		0	
1598	15.9800	2		0	
1599	15.9900	2		0	
1600	16.0000	2		0	
1601	16.0100	2		0	
1602	16.0200	2		0	
1603	16.0300	2		0	
1604	16.0400	2		0	
1605	16.0500	2		0	
1606	16.0600	2		0	
1607	16.0700	2		0	
1608	16.0800	2		0	
1609	16.0900	2		0	
1610	16.1000	2		0	
1611	16.1100	2		0	
1612	16.1200	2		0	
1613	16.1300	2		1	
1614	16.1400	2		1	
1615	16.1500	1		1	
1616	16.1600	1		1	
1617	16.1700	1		1	
1618	16.1800	1		1	
1619	16.1900	1		1	
1620	16.2000	1		2	
1621	16.2100	1		2	
1622	16.2200	0		2	
1623	16.2300	0		2	
1624	16.2400	0		2	
1625	16.2500	0		2	
1626	16.2600	0		2	
1627	16.2700	0		2	
1628	16.2800	0		2	
1629	16.2900	0		2	
1630	16.3000	0		3	
1631	16.3100	0		3	
1632	16.3200	0		3	
1633	16.3300	0		3	
1634	16.3400	0		3	
1635	16.3500	-1		3	
1636	16.3600	-1		3	
1637	16.3700	-1		3	
1638	16.3800	-1		3	
1639	16.3900	-1		3	
1640	16.4000	-1		3	
1641	16.4100	-1		3	
1642	16.4200	-1		3	
1643	16.4300	-1		3	
1644	16.4400	-1		3	
1645	16.4500	-1		3	
1646	16.4600	-1		3	
1647	16.4700	-1		3	
1648	16.4800	-1		3	
1649	16.4900	-1		3	
1650	16.5000	-1		3	
1651	16.5100	-1		3	
1652	16.5200	-1		3	
1653	16.5300	-1		3	
1654	16.5400	-1		3	
1655	16.5500	-1		3	
1656	16.5600	0		3	
1657	16.5700	0		3	
1658	16.5800	0		3	
1659	16.5900	0		2	
1660	16.6000	0		2	
1661	16.6100	0		2	
1662	16.6200	0		2	
1663	16.6300	0		2	
1664	16.6400	0		2	
1665	16.6500	0		2	
1666	16.6600	0		2	
1667	16.6700	0		2	
1668	16.6800	0		2	
1669	16.6900	0		2	
1670	16.7000	1		1	
1671	16.7100	1		1	
1672	16.7200	1		1	
1673	16.7300	1		1	
1674	16.7400	1		1	
1675	16.7500	1		1	
1676	16.7600	1		1	
1677	16.7700	1		1	
1678	16.7800	1		1	
1679	16.7900	2		1	
1680	16.8000	2		1	
1681	16.8100	2		1	
1682	16.8200	2		0	
1683	16.8300	2		0	
1684	16.8400	2		0	
1685	16.8500	2		0	
1686	16.8600	2		0	
1687	16.8700	2		0	
1688	16.8800	2		0	
1689	16.8900	2		0	
1690	16.9000	2		0	
1691	16.9100	2		0	
1692	16.9200	2		1	
1693	16.9300	1		1	
1694	16.9400	1		1	
1695	16.9500	1		1	
1696	16.9600	1		1	
1697	16.9700	1		1	
1698	16.9800	1		1	
1699	16.9900	1		1	
1700	17.0000	1		1	
1701	17.0100	1		1	
1702	17.0200	0		1	
1703	17.0300	0		1	
1704	17.0400	0		2	
1705	17.0500	0		2	
1706	17.0600	0		2	
1707	17.0700	0		2	
1708	17.0800	0		2	
1709	17.0900	0		2	
1710	17.1000	0		2	
1711	17.1100	0		2	
1712	17.1200	0		2	
1713	17.1300	0		2	
1714	17.1400	0		2	
1715	17.1500	0		2	
1716	17.1600	-1		2	
1717	17.1700	-1		2	
1718	17.1800	-1		2	
1719	17.1900	-1		3	
1720	17.2000	-1		3	
1721	17.2100	-1		3	
1722	17.2200	-1		3	
1723	17.2300	-1		3	
1724	17.2400	-1		3	
1725	17.2500	-1		3	
1726	17.2600	-1		3	
1727	17.2700	-1		3	
1728	17.2800	-1		3	
1729	17.2900	-1		3	
1730	17.3000	-1		3	
1731	17.3100	-1		3	
1732	17.3200	-1		3	
1733	17.3300	-1		3	
1734	17.3400	-1		3	
1735	17.3500	-1		2	
1736	17.3600	-1		2	
1737	17.3700	-1		2	
1738	17.3800	-1		2	
1739	17.3900	-1		2	
1740	17.4000	-1		2	
1741	17.4100	0		2	
1742	17.4200	0		2	
1743	17.4300	0		2	
1744	17.4400	0		2	
1745	17.4500	0		2	
1746	17.4600	0		2	
1747	17.4700	0		2	
1748	17.4800	0		2	
1749	17.4900	0		2	
1750	17.5000	0		2	
1751	17.5100	0		1	
1752	17.5200	0		1	
1753	17.5300	0		1	
1754	17.5400	0		1	
1755	17.5500	0		1	
1756	17.5600	0		1	
1757	17.5700	1		1	
1758	17.5800	1		1	
1759	17.5900	1		1	
1760	17.6000	1		1	
1761	17.6100	1		1	
1762	17.6200	1		1	
1763	17.6300	1		1	
1764	17.6400	1		1	
1765	17.6500	1		1	
1766	17.6600	1		1	
1767	17.6700	1		1	
1768	17.6800	1		1	
1769	17.6900	1		1	
1770	17.7000	1		1	
1771	17.7100	1		1	
1772	17.7200	1		1	
1773	17.7300	1		1	
1774	17.7400	1		1	
1775	17.7500	1		1	
1776	17.7600	1		1	
1777	17.7700	1		1	
1778	17.7800	1		1	
1779	17.7900	1		1	
1780	17.8000	1		1	
1781	17.8100	1		1	
1782	17.8200	1		1	
1783	17.8300	1		1	
1784	17.8400	1		2	
1785	17.8500	0		2	
1786	17.8600	0		2	
1787	17.8700	0		2	
1788	17.8800	0		2	
1789	17.8900	0		2	
1790	17.9000	0		2	
1791	17.9100	0		2	
1792	17.9200	0		2	
1793	17.9300	0		2	
1794	17.9400	0		2	
1795	17.9500	0		2	
1796	17.9600	0		2	
1797	17.9700	0		2	
1798	17.9800	0		2	
1799	17.9900	0		2	
1800	18.0000	0		2	
1801	18.0100	0		2	
1802	18.0200	0		3	
1803	18.0300	0		3	
1804	18.0400	0		3	
1805	18.0500	0		3	
1806	18.0600	0		3	
1807	18.0700	-1		3	
1808	18.0800	-1		3	
1809	18.0900	-1		3	
1810	18.1000	-1		3	
1811	18.1100	-1		3	
1812	18.1200	-1		3	
1813	18.1300	-1		3	
1814	18.1400	-1		3	
1815	18.1500	-1		3	
1816	18.1600	-1		3	
1817	18.1700	0		2	
1818	18.1800	0		2	
1819	18.1900	0		2	
1820	18.2000	0		2	
1821	18.2100	0		2	
1822	18.2200	0		2	
1823	18.2300	0		2	
1824	18.2400	0		2	
1825	18.2500	0		2	
1826	18.2600	0		2	
1827	18.2700	0		2	
1828	18.2800	0		2	
1829	18.2900	0		2	
1830	18.3000	0		2	
1831	18.3100	0		2	
1832	18.3200	0		2	
1833	18.3300	0		2	
1834	18.3400	0		2	
1835	18.3500	0		1	
1836	18.3600	0		1	
1837	18.3700	0		1	
1838	18.3800	0		1	
1839	18.3900	0		1	
1840	18.4000	1		1	
1841	18.4100	1		1	
1842	18.4200	1		1	
1843	18.4300	1		1	
1844	18.4400	1		1	
1845	18.4500	1		1	
1846	18.4600	1		1	
1847	18.4700	1		1	
1848	18.4800	1		1	
1849	18.4900	1		1	
1850	18.5000	1		1	
1851	18.5100	1		1	
1852	18.5200	1		1	
1853	18.5300	1		1	
1854	18.5400	1		1	
1855	18.5500	1		1	
1856	18.5600	1		1	
1857	18.5700	1		1	
1858	18.5800	1		1	
1859	18.5900	1		1	
1860	18.6000	1		1	
1861	18.6100	1		1	
1862	18.6200	1		1	
1863	18.6300	1		1	
1864	18.6400	0		1	
1865	18.6500	0		1	
1866	18.6600	0		1	
1867	18.6700	0		1	
1868	18.6800	0		2	
1869	18.6900	0		2	
1870	18.7000	0		2	
1871	18.7100	0		2	
1872	18.7200	0		2	
1873	18.7300	0		2	
1874	18.7400	0		2	
1875	18.7500	0		2	
1876	18.7600	0		2	
1877	18.7700	0		2	
1878	18.7800	0		2	
1879	18.7900	0		2	
1880	18.8000	0		2	
1881	18.8100	0		2	
1882	18.8200	0		2	
1883	18.8300	0		2	
1884	18.8400	0		2	
1885	18.8500	0		2	
1886	18.8600	0		2	
1887	18.8700	0		2	
1888	18.8800	0		2	
1889	18.8900	0		2	
1890	18.9000	0		2	
1891	18.9100	0		2	
1892	18.9200	0		2	
1893	18.9300	0		2	
1894	18.9400	0		2	
1895	18.9500	0		2	
1896	18.9600	0		2	
1897	18.9700	0		2	
1898	18.9800	0		2	
1899	18.9900	0		2	
1900	19.0000	0		2	
1901	19.0100	0		2	
1902	19.0200	0		2	
1903	19.0300	0		2	
1904	19.0400	0		2	
1905	19.0500	0		2	
1906	19.0600	0		2	
1907	19.0700	0		2	
1908	19.0800	0		2	
1909	19.0900	0		2	
1910	19.1000	0		2	
1911	19.1100	0		2	
1912	19.1200	0		2	
1913	19.1300	0		2	
1914	19.1400	0		2	
1915	19.1500	0		2	
1916	19.1600	0		2	
1917	19.1700	0		2	
1918	19.1800	0		1	
1919	19.1900	0		1	
1920	19.2000	0		1	
1921	19.2100	0		1	
1922	19.2200	0		1	
1923	19.2300	0		1	
1924	19.2400	0		1	
1925	19.2500	1		1	
1926	19.2600	1		1	
1927	19.2700	1		1	
1928	19.2800	1		1	
1929	19.2900	1		1	
1930	19.3000	1		1	
1931	19.3100	1		1	
1932	19.3200	1		1	
1933	19.3300	1		1	
1934	19.3400	1		1	
1935	19.3500	1		1	
1936	19.3600	1		1	
1937	19.3700	1		1	
1938	19.3800	1		1	
1939	19.3900	1		1	
1940	19.4000	1		1	
1941	19.4100	1		1	
1942	19.4200	1		1	
1943	19.4300	1		1	
1944	19.4400	1		1	
1945	19.4500	1		1	
1946	19.4600	0		1	
1947	19.4700	0		2	
1948	19.4800	0		2	
1949	19.4900	0		2	
1950	19.5000	0		2	
1951	19.5100	0		2	
1952	19.5200	0		2	
1953	19.5300	0		2	
1954	19.5400	0		2	
1955	19.5500	0		2	
1956	19.5600	0		2	
1957	19.5700	0		2	
1958	19.5800	0		2	
1959	19.5900	0		2	
1960	19.6000	0		2	
1961	19.6100	0		2	
1962	19.6200	0		2	
1963	19.6300	0		2	
1964	19.6400	0		2	
1965	19.6500	0		2	
1966	19.6600	0		2	
1967	19.6700	0		2	
1968	19.6800	0		2	
1969	19.6900	0		2	
1970	19.7000	0		2	
1971	19.7100	0		2	
1972	19.7200	0		2	
1973	19.7300	0		2	
1974	19.7400	0		2	
1975	19.7500	0		2	
1976	19.7600	0		2	
1977	19.7700	0		2	
1978	19.7800	0		2	
1979	19.7900	0		2	
1980	19.8000	0		2	
1981	19.8100	0		2	
1982	19.8200	0		2	
1983	19.8300	0		2	
1984	19.8400	0		2	
1985	19.8500	0		2	
1986	19.8600	0		2	
1987	19.8700	0		2	
1988	19.8800	0		2	
1989	19.8900	0		2	
1990	19.9000	0		2	
1991	19.9100	0		2	
1992	19.9200	0		2	
1993	19.9300	0		2	
1994	19.9400	0		2	
1995	19.9500	0		2	
1996	19.9600	0		2	
1997	19.9700	0		2	
1998	19.9800	0		2	
1999	19.9900	0		2	
2000	20.0000	0		2	
2001	20.0100	0		2	
2002	20.0200	0		2	
2003	20.0300	0		1	
2004	20.0400	0		1	
2005	20.0500	0		1	
2006	20.0600	0		1	
2007	20.0700	0		1	
2008	20.0800	0		1	
2009	20.0900	1		1	
2010	20.1000	1		1	
2011	20.1100	1		1	
2012	20.1200	1		1	
2013	20.1300	1		1	
2014	20.1400	1		1	
2015	20.1500	1		1	
2016	20.1600	1		1	
2017	20.1700	1		1	
2018	20.1800	1		1	
2019	20.1900	1		1	
2020	20.2000	1		1	
2021	20.2100	1		1	
2022	20.2200	1		1	
2023	20.2300	1		1	
2024	20.2400	1		1	
2025	20.2500	1		1	
2026	20.2600	1		1	
2027	20.2700	0		1	
2028	20.2800	0		2	
2029	20.2900	0		2	
2030	20.3000	0		2	
2031	20.3100	0		2	
2032	20.3200	0		2	
2033	20.3300	0		2	
2034	20.3400	0		2	
2035	20.3500	0		2	
2036	20.3600	0		2	
2037	20.3700	0		2	
2038	20.3800	0		2	
2039	20.3900	0		2	
2040	20.4000	0		2	
2041	20.4100	0		2	
2042	20.4200	0		2	
2043	20.4300	0		2	
2044	20.4400	0		2	
2045	20.4500	0		2	
2046	20.4600	0		2	
2047	20.4700	0		2	
2048	20.4800	0		2	
2049	20.4900	0		2	
2050	20.5000	0		2	
2051	20.5100	0		2	
2052	20.5200	0		2	
2053	20.5300	0		2	
2054	20.5400	0		2	
2055	20.5500	0		2	
2056	20.5600	0		2	
2057	20.5700	0		2	
2058	20.5800	0		2	
2059	20.5900	0		2	
2060	20.6000	0		2	
2061	20.6100	0		2	
2062	20.6200	0		2	
2063	20.6300	0		2	
2064	20.6400	0		2	
2065	20.6500	0		2	
2066	20.6600	0		2	
2067	20.6700	0		2	
2068	20.6800	0		2	
2069	20.6900	0		2	
2070	20.7000	0		2	
2071	20.7100	0		2	
2072	20.7200	0		2	
2073	20.7300	0		2	
2074	20.7400	0		2	
2075	20.7500	0		2	
2076	20.7600	0		2	
2077	20.7700	0		2	
2078	20.7800	0		2	
2079	20.7900	0		2	
2080	20.8000	0		2	
2081	20.8100	0		2	
2082	20.8200	0		2	
2083	20.8300	0		2	
2084	20.8400	0		1	
2085	20.8500	0		1	
2086	20.8600	0		1	
2087	20.8700	0		1	
2088	20.8800	0		1	
2089	20.8900	0		1	
2090	20.9000	0		1	
2091	20.9100	0		1	
2092	20.9200	0		1	
2093	20.9300	0		1	
2094	20.9400	0		1	
2095	20.9500	0		1	
2096	20.9600	0		1	
2097	20.9700	0		1	
2098	20.9800	0		1	
2099	20.9900	0		1	
2100	21.0000	0		1	
2101	21.0100	0		1	
2102	21.0200	0		1	
2103	21.0300	0		1	
2104	21.0400	0		1	
2105	21.0500	0		1	
2106	21.0600	0		1	
2107	21.0700	0		1	
2108	21.0800	0		1	
2109	21.0900	0		1	
2110	21.1000	0		1	
2111	21.1100	0		2	
2112	21.1200	0		2	
2113	21.1300	0		2	
2114	21.1400	0		2	
2115	21.1500	0		2	
2116	21.1600	0		2	
2117	21.1700	0		2	
2118	21.1800	0		2	
2119	21.1900	0		2	
2120	21.2000	0		2	
2121	21.2100	0		2	
2122	21.2200	0		2	
2123	21.2300	0		2	
2124	21.2400	0		2	
2125	21.2500	0		2	
2126	21.2600	0		2	
2127	21.2700	0		2	
2128	21.2800	0		2	
2129	21.2900	0		2	
2130	21.3000	0		2	
2131	21.3100	0		2	
2132	21.3200	0		2	
2133	21.3300	0		2	
2134	21.3400	0		2	
2135	21.3500	0		2	
2136	21.3600	0		2	
2137	21.3700	0		2	
2138	21.3800	0		2	
2139	21.3900	0		2	
2140	21.4000	0		2	
2141	21.4100	0		2	
2142	21.4200	0		2	
2143	21.4300	0		2	
2144	21.4400	0		2	
2145	21.4500	0		2	
2146	21.4600	0		2	
2147	21.4700	0		2	
2148	21.4800	0		2	
2149	21.4900	0		2	
2150	21.5000	0		2	
2151	21.5100	0		2	
2152	21.5200	0		2	
2153	21.5300	0		2	
2154	21.5400	0		2	
2155	21.5500	0		2	
2156	21.5600	0		2	
2157	21.5700	0		2	
2158	21.5800	0		2	
2159	21.5900	0		2	
2160	21.6000	0		2	
2161	21.6100	0		2	
2162	21.6200	0		2	
2163	21.6300	0		2	
2164	21.6400	0		2	
2165	21.6500	0		2	
2166	21.6600	0		2	
2167	21.6700	0		2	
2168	21.6800	0		2	
2169	21.6900	0		2	
2170	21.7000	0		1	
2171	21.7100	0		1	
2172	21.7200	0		1	
2173	21.7300	0		1	
2174	21.7400	0		1	
2175	21.7500	0		1	
2176	21.7600	0		1	
2177	21.7700	0		1	
2178	21.7800	0		1	
2179	21.7900	0		1	
2180	21.8000	0		1	
2181	21.8100	0		1	
2182	21.8200	0		1	
2183	21.8300	0		1	
2184	21.8400	0		1	
2185	21.8500	0		1	
2186	21.8600	0		1	
2187	21.8700	0		1	
2188	21.8800	0		1	
2189	21.8900	0		1	
2190	21.9000	0		1	
2191	21.9100	0		1	
2192	21.9200	0		1	
2193	21.9300	0		1	
2194	21.9400	0		1	
2195	21.9500	0		1	
2196	21.9600	0		2	
2197	21.9700	0		2	
2198	21.9800	0		2	
2199	21.9900	0		2	
2200	22.0000	0		2	
2201	22.0100	0		2	
2202	22.0200	0		2	
2203	22.0300	0		2	
2204	22.0400	0		2	
2205	22.0500	0		2	
2206	22.0600	0		2	
2207	22.0700	0		2	
2208	22.0800	0		2	
2209	22.0900	0		2	
2210	22.1000	0		2	
2211	22.1100	0		2	
2212	22.1200	0		2	
2213	22.1300	0		2	
2214	22.1400	0		2	
2215	22.1500	0		2	
2216	22.1600	0		2	
2217	22.1700	0		2	
2218	22.1800	0		2	
2219	22.1900	0		2	
2220	22.2000	0		2	
2221	22.2100	0		2	
2222	22.2200	0		2	
2223	22.2300	0		2	
2224	22.2400	0		2	
2225	22.2500	0		2	
2226	22.2600	0		2	
2227	22.2700	0		2	
2228	22.2800	0		2	
2229	22.2900	0		2	
2230	22.3000	0		2	
2231	22.3100	0		2	
2232	22.3200	0		2	
2233	22.3300	0		2	
2234	22.3400	0		2	
2235	22.3500	0		2	
2236	22.3600	0		2	
2237	22.3700	0		2	
2238	22.3800	0		2	
2239	22.3900	0		2	
2240	22.4000	0		2	
2241	22.4100	0		2	
2242	22.4200	0		2	
2243	22.4300	0		2	
2244	22.4400	0		2	
2245	22.4500	0		2	
2246	22.4600	0		2	
2247	22.4700	0		2	
2248	22.4800	0		2	
2249	22.4900	0		2	
2250	22.5000	0		1	
2251	22.5100	0		1	
2252	22.5200	0		1	
2253	22.5300	0		1	
2254	22.5400	0		1	
2255	22.5500	0		1	
2256	22.5600	0		1	
2257	22.5700	0		1	
2258	22.5800	0		1	
2259	22.5900	0		1	
2260	22.6000	0		1	
2261	22.6100	0		1	
2262	22.6200	0		1	
2263	22.6300	0		1	
2264	22.6400	0		1	
2265	22.6500	0		1	
2266	22.6600	0		1	
2267	22.6700	0		1	
2268	22.6800	0		1	
2269	22.6900	0		1	
2270	22.7000	0		1	
2271	22.7100	0		1	
2272	22.7200	0		1	
2273	22.7300	0		1	
2274	22.7400	0		1	
2275	22.7500	0		1	
2276	22.7600	0		1	
2277	22.7700	0		1	
2278	22.7800	0		1	
2279	22.7900	0		1	
2280	22.8000	0		1	
2281	22.8100	0		2	
2282	22.8200	0		2	
2283	22.8300	0		2	
2284	22.8400	0		2	
2285	22.8500	0		2	
2286	22.8600	0		2	
2287	22.8700	0		2	
2288	22.8800	0		2	
2289	22.8900	0		2	
2290	22.9000	0		2	
2291	22.9100	0		2	
2292	22.9200	0		2	
2293	22.9300	0		2	
2294	22.9400	0		2	
2295	22.9500	0		2	
2296	22.9600	0		2	
2297	22.9700	0		2	
2298	22.9800	0		2	
2299	22.9900	0		2	
2300	23.0000	0		2	
2301	23.0100	0		2	
2302	23.0200	0		2	
2303	23.0300	0		2	
2304	23.0400	0		2	
2305	23.0500	0		2	
2306	23.0600	0		2	
2307	23.0700	0		2	
2308	23.0800	0		2	
2309	23.0900	0		2	
2310	23.1000	0		2	
2311	23.1100	0		2	
2312	23.1200	0		2	
2313	23.1300	0		2	
2314	23.1400	0		2	
2315	23.1500	0		2	
2316	23.1600	0		2	
2317	23.1700	0		2	
2318	23.1800	0		2	
2319	23.1900	0		2	
2320	23.2000	0		2	
2321	23.2100	0		2	
2322	23.2200	0		2	
2323	23.2300	0		2	
2324	23.2400	0		2	
2325	23.2500	0		2	
2326	23.2600	0		2	
2327	23.2700	0		2	
2328	23.2800	0		2	
2329	23.2900	0		2	
2330	23.3000	0		2	
2331	23.3100	0		2	
2332	23.3200	0		2	
2333	23.3300	0		2	
2334	23.3400	0		2	
2335	23.3500	0		2	
2336	23.3600	0		2	
2337	23.3700	0		2	
2338	23.3800	0		2	
2339	23.3900	0		2	
2340	23.4000	0		2	
2341	23.4100	0		2	
2342	23.4200	0		2	
2343	23.4300	0		2	
2344	23.4400	0		2	
2345	23.4500	0		2	
2346	23.4600	0		2	
2347	23.4700	0		2	
2348	23.4800	0		2	
2349	23.4900	0		2	
2350	23.5000	0		2	
2351	23.5100	0		2	
2352	23.5200	0		2	
2353	23.5300	0		2	
2354	23.5400	0		2	
2355	23.5500	0		2	
2356	23.5600	0		2	
2357	23.5700	0		2	
2358	23.5800	0		2	
2359	23.5900	0		2	
2360	23.6000	0		2	
2361	23.6100	0		2	
2362	23.6200	0		2	
2363	23.6300	0		2	
2364	23.6400	0		2	
2365	23.6500	0		2	
2366	23.6600	0		2	
2367	23.6700	0		2	
2368	23.6800	0		2	
2369	23.6900	0		2	
2370	23.7000	0		2	
2371	23.7100	0		2	
2372	23.7200	0		2	
2373	23.7300	0		2	
2374	23.7400	0		2	
2375	23.7500	0		2	
2376	23.7600	0		2	
2377	23.7700	0		2	
2378	23.7800	0		2	
2379	23.7900	0		2	
2380	23.8000	0		2	
2381	23.8100	0		2	
2382	23.8200	0		2	
2383	23.8300	0		2	
2384	23.8400	0		2	
2385	23.8500	0		2	
2386	23.8600	0		2	
2387	23.8700	0		2	
2388	23.8800	0		2	
2389	23.8900	0		2	
2390	23.9000	0		2	
2391	23.9100	0		2	
2392	23.9200	0		2	
2393	23.9300	0		2	
2394	23.9400	0		2	
2395	23.9500	0		2	
2396	23.9600	0		2	
2397	23.9700	0		2	
2398	23.9800	0		2	
2399	23.9900	0		2	
2400	24.0000	0		2	
2401	24.0100	0		2	
2402	24.0200	0		2	
2403	24.0300	0		2	
2404	24.0400	0		2	
2405	24.0500	0		2	
2406	24.0600	0		2	
2407	24.0700	0		2	
2408	24.0800	0		2	
2409	24.0900	0		2	
2410	24.1000	0		2	
2411	24.1100	0		2	
2412	24.1200	0		2	
2413	24.1300	0		2	
2414	24.1400	0		2	
2415	24.1500	0		2	
2416	24.1600	0		2	
2417	24.1700	0		2	
2418	24.1800	0		2	
2419	24.1900	0		2	
2420	24.2000	0		2	
2421	24.2100	0		2	
2422	24.2200	0		2	
2423	24.2300	0		2	
2424	24.2400	0		2	
2425	24.2500	0		2	
2426	24.2600	0		2	
2427	24.2700	0		2	
2428	24.2800	0		2	
2429	24.2900	0		2	
2430	24.3000	0		2	
2431	24.3100	0		2	
2432	24.3200	0		2	
2433	24.3300	0		2	
2434	24.3400	0		2	
2435	24.3500	0		2	
2436	24.3600	0		2	
2437	24.3700	0		2	
2438	24.3800	0		2	
2439	24.3900	0		2	
2440	24.4000	0		2	
2441	24.4100	0		2	
2442	24.4200	0		2	
2443	24.4300	0		2	
2444	24.4400	0		2	
2445	24.4500	0		2	
2446	24.4600	0		2	
2447	24.4700	0		2	
2448	24.4800	0		2	
2449	24.4900	0		2	
2450	24.5000	0		2	
2451	24.5100	0		2	
2452	24.5200	0		2	
2453	24.5300	0		2	
2454	24.5400	0		2	
2455	24.5500	0		2	
2456	24.5600	0		2	
2457	24.5700	0		2	
2458	24.5800	0		2	
2459	24.5900	0		2	
2460	24.6000	0		2	
2461	24.6100	0		2	
2462	24.6200	0		2	
2463	24.6300	0		2	
2464	24.6400	0		2	
2465	24.6500	0		2	
2466	24.6600	0		2	
2467	24.6700	0		2	
2468	24.6800	0		2	
2469	24.6900	0		2	
2470	24.7000	0		2	
2471	24.7100	0		2	
2472	24.7200	0		2	
2473	24.7300	0		2	
2474	24.7400	0		2	
2475	24.7500	0		2	
2476	24.7600	0		2	
2477	24.7700	0		2	
2478	24.7800	0		2	
2479	24.7900	0		2	
2480	24.8000	0		2	
2481	24.8100	0		2	
2482	24.8200	0		2	
2483	24.8300	0		2	
2484	24.8400	0		2	
2485	24.8500	0		2	
2486	24.8600	0		2	
2487	24.8700	0		2	
2488	24.8800	0		2	
2489	24.8900	0		2	
2490	24.9000	0		2	
2491	24.9100	0		2	
2492	24.9200	0		2	
2493	24.9300	0		2	
2494	24.9400	0		2	
2495	24.9500	0		2	
2496	24.9600	0		2	
2497	24.9700	0		2	
2498	24.9800	0		2	
2499	24.9900	0		2	
2500	25.0000	0		2	
2501	25.0100	0		2	
2502	25.0200	0		2	
2503	25.0300	0		2	
2504	25.0400	0		2	
2505	25.0500	0		2	
2506	25.0600	0		2	
2507	25.0700	0		2	
2508	25.0800	0		2	
2509	25.0900	0		2	
2510	25.1000	0		2	
2511	25.1100	0		2	
2512	25.1200	0		2	
2513	25.1300	0		2	
2514	25.1400	0		2	
2515	25.1500	0		2	
2516	25.1600	0		2	
2517	25.1700	0		2	
2518	25.1800	0		2	
2519	25.1900	0		2	
2520	25.2000	0		2	
2521	25.2100	0		2	
2522	25.2200	0		2	
2523	25.2300	0		2	
2524	25.2400	0		2	
2525	25.2500	0		2	
2526	25.2600	0		2	
2527	25.2700	0		2	
2528	25.2800	0		2	
2529	25.2900	0		2	
2530	25.3000	0		2	
2531	25.3100	0		2	
2532	25.3200	0		2	
2533	25.3300	0		2	
2534	25.3400	0		2	
2535	25.3500	0		2	
2536	25.3600	0		2	
2537	25.3700	0		2	
2538	25.3800	0		2	
2539	25.3900	0		2	
2540	25.4000	0		2	
2541	25.4100	0		2	
2542	25.4200	0		2	
2543	25.4300	0		2	
2544	25.4400	0		2	
2545	25.4500	0		2	
2546	25.4600	0		2	
2547	25.4700	0		2	
2548	25.4800	0		2	
2549	25.4900	0		2	
2550	25.5000	0		2	
2551	25.5100	0		2	
2552	25.5200	0		2	
2553	25.5300	0		2	
2554	25.5400	0		2	
2555	25.5500	0		2	
2556	25.5600	0		2	
2557	25.5700	0		2	
2558	25.5800	0		2	
2559	25.5900	0		2	
2560	25.6000	0		2	
2561	25.6100	0		2	
2562	25.6200	0		2	
2563	25.6300	0		2	
2564	25.6400	0		2	
2565	25.6500	0		2	
2566	25.6600	0		2	
2567	25.6700	0		2	
2568	25.6800	0		2	
2569	25.6900	0		2	
2570	25.7000	0		2	
2571	25.7100	0		2	
2572	25.7200	0		2	
2573	25.7300	0		2	
2574	25.7400	0		2	
2575	25.7500	0		2	
2576	25.7600	0		2	
2577	25.7700	0		2	
2578	25.7800	0		2	
2579	25.7900	0		2	
2580	25.8000	0		2	
2581	25.8100	0		2	
2582	25.8200	0		2	
2583	25.8300	0		2	
2584	25.8400	0		2	
2585	25.8500	0		2	
2586	25.8600	0		2	
2587	25.8700	0		2	
2588	25.8800	0		2	
2589	25.8900	0		2	
2590	25.9000	0		2	
2591	25.9100	0		2	
2592	25.9200	0		2	
2593	25.9300	0		2	
2594	25.9400	0		2	
2595	25.9500	0		2	
2596	25.9600	0		2	
2597	25.9700	0		2	
2598	25.9800	0		2	
2599	25.9900	0		2	
2600	26.0000	0		2	
2601	26.0100	0		2	
2602	26.0200	0		2	
2603	26.0300	0		2	
2604	26.0400	0		2	
2605	26.0500	0		2	
2606	26.0600	0		2	
2607	26.0700	0		2	
2608	26.0800	0		2	
2609	26.0900	0		2	
2610	26.1000	0		2	
2611	26.1100	0		2	
2612	26.1200	0		2	
2613	26.1300	0		2	
2614	26.1400	0		2	
2615	26.1500	0		2	
2616	26.1600	0		2	
2617	26.1700	0		2	
2618	26.1800	0		2	
2619	26.1900	0		2	
2620	26.2000	0		2	
2621	26.2100	0		2	
2622	26.2200	0		2	
2623	26.2300	0		2	
2624	26.2400	0		2	
2625	26.2500	0		2	
2626	26.2600	0		2	
2627	26.2700	0		2	
2628	26.2800	0		2	
2629	26.2900	0		2	
2630	26.3000	0		2	
2631	26.3100	0		2	
2632	26.3200	0		2	
2633	26.3300	0		2	
2634	26.3400	0		2	
2635	26.3500	0		2	
2636	26.3600	0		2	
2637	26.3700	0		2	
2638	26.3800	0		2	
2639	26.3900	0		2	
2640	26.4000	0		2	
2641	26.4100	0		2	
2642	26.4200	0		2	
2643	26.4300	0		2	
2644	26.4400	0		2	
2645	26.4500	0		2	
2646	26.4600	0		2	
2647	26.4700	0		2	
2648	26.4800	0		2	
2649	26.4900	0		2	
2650	26.5000	0		2	
2651	26.5100	0		2	
2652	26.5200	0		2	
2653	26.5300	0		2	
2654	26.5400	0		2	
2655	26.5500	0		2	
2656	26.5600	0		2	
2657	26.5700	0		2	
2658	26.5800	0		2	
2659	26.5900	0		2	
2660	26.6000	0		2	
2661	26.6100	0		2	
2662	26.6200	0		2	
2663	26.6300	0		2	
2664	26.6400	0		2	
2665	26.6500	0		2	
2666	26.6600	0		2	
2667	26.6700	0		2	
2668	26.6800	0		2	
2669	26.6900	0		2	
2670	26.7000	0		2	
2671	26.7100	0		2	
2672	26.7200	0		2	
2673	26.7300	0		2	
2674	26.7400	0		2	
2675	26.7500	0		2	
2676	26.7600	0		2	
2677	26.7700	0		2	
2678	26.7800	0		2	
2679	26.7900	0		2	
2680	26.8000	0		2	
2681	26.8100	0		2	
2682	26.8200	0		2	
2683	26.8300	0		2	
2684	26.8400	0		2	
2685	26.8500	0		2	
2686	26.8600	0		2	
2687	26.8700	0		2	
2688	26.8800	0		2	
2689	26.8900	0		2	
2690	26.9000	0		2	
2691	26.9100	0		2	
2692	26.9200	0		2	
2693	26.9300	0		2	
2694	26.9400	0		2	
2695	26.9500	0		2	
2696	26.9600	0		2	
2697	26.9700	0		2	
2698	26.9800	0		2	
2699	26.9900	0		2	
2700	27.0000	0		2	
2701	27.0100	0		2	
2702	27.0200	0		2	
2703	27.0300	0		2	
2704	27.0400	0		2	
2705	27.0500	0		2	
2706	27.0600	0		2	
2707	27.0700	0		2	
2708	27.0800	0		2	
2709	27.0900	0		2	
2710	27.1000	0		2	
2711	27.1100	0		2	
2712	27.1200	0		2	
2713	27.1300	0		2	
2714	27.1400	0		2	
2715	27.1500	0		2	
2716	27.1600	0		2	
2717	27.1700	0		2	
2718	27.1800	0		2	
2719	27.1900	0		2	
2720	27.2000	0		2	
2721	27.2100	0		2	
2722	27.2200	0		2	
2723	27.2300	0		2	
2724	27.2400	0		2	
2725	27.2500	0		2	
2726	27.2600	0		2	
2727	27.2700	0		2	
2728	27.2800	0		2	
2729	27.2900	0		2	
2730	27.3000	0		2	
2731	27.3100	0		2	
2732	27.3200	0		2	
2733	27.3300	0		2	
2734	27.3400	0		2	
2735	27.3500	0		2	
2736	27.3600	0		2	
2737	27.3700	0		2	
2738	27.3800	0		2	
2739	27.3900	0		2	
2740	27.4000	0		2	
2741	27.4100	0		2	
2742	27.4200	0		2	
2743	27.4300	0		2	
2744	27.4400	0		2	
2745	27.4500	0		2	
2746	27.4600	0		2	
2747	27.4700	0		2	
2748	27.4800	0		2	
2749	27.4900	0		2	
2750	27.5000	0		2	
2751	27.5100	0		2	
2752	27.5200	0		2	
2753	27.5300	0		2	
2754	27.5400	0		2	
2755	27.5500	0		2	
2756	27.5600	0		2	
2757	27.5700	0		2	
2758	27.5800	0		2	
2759	27.5900	0		2	
2760	27.6000	0		2	
2761	27.6100	0		2	
2762	27.6200	0		2	
2763	27.6300	0		2	
2764	27.6400	0		2	
2765	27.6500	0		2	
2766	27.6600	0		2	
2767	27.6700	0		2	
2768	27.6800	0		2	
2769	27.6900	0		2	
2770	27.7000	0		2	
2771	27.7100	0		2	
2772	27.7200	0		2	
2773	27.7300	0		2	
2774	27.7400	0		2	
2775	27.7500	0		2	
2776	27.7600	0		2	
2777	27.7700	0		2	
2778	27.7800	0		2	
2779	27.7900	0		2	
2780	27.8000	0		2	
2781	27.8100	0		2	
2782	27.8200	0		2	
2783	27.8300	0		2	
2784	27.8400	0		2	
2785	27.8500	0		2	
2786	27.8600	0		2	
2787	27.8700	0		2	
2788	27.8800	0		2	
2789	27.8900	0		2	
2790	27.9000	0		2	
2791	27.9100	0		2	
2792	27.9200	0		2	
2793	27.9300	0		2	
2794	27.9400	0		2	
2795	27.9500	0		2	
2796	27.9600	0		2	
2797	27.9700	0		2	
2798	27.9800	0		2	
2799	27.9900	0		2	
2800	28.0000	0		2	
2801	28.0100	0		2	
2802	28.0200	0		2	
2803	28.0300	0		2	
2804	28.0400	0		2	
2805	28.0500	0		2	
2806	28.0600	0		2	
2807	28.0700	0		2	
2808	28.0800	0		2	
2809	28.0900	0		2	
2810	28.1000	0		2	
2811	28.1100	0		2	
2812	28.1200	0		2	
2813	28.1300	0		2	
2814	28.1400	0		2	
2815	28.1500	0		2	
2816	28.1600	0		2	
2817	28.1700	0		2	
2818	28.1800	0		2	
2819	28.1900	0		2	
2820	28.2000	0		2	
2821	28.2100	0		2	
2822	28.2200	0		2	
2823	28.2300	0		2	
2824	28.2400	0		2	
2825	28.2500	0		2	
2826	28.2600	0		2	
2827	28.2700	0		2	
2828	28.2800	0		2	
2829	28.2900	0		2	
2830	28.3000	0		2	
2831	28.3100	0		2	
2832	28.3200	0		2	
2833	28.3300	0		2	
2834	28.3400	0		2	
2835	28.3500	0		2	
2836	28.3600	0		2	
2837	28.3700	0		2	
2838	28.3800	0		2	
2839	28.3900	0		2	
2840	28.4000	0		2	
2841	28.4100	0		2	
2842	28.4200	0		2	
2843	28.4300	0		2	
2844	28.4400	0		2	
2845	28.4500	0		2	
2846	28.4600	0		2	
2847	28.4700	0		2	
2848	28.4800	0		2	
2849	28.4900	0		2	
2850	28.5000	0		2	
2851	28.5100	0		2	
2852	28.5200	0		2	
2853	28.5300	0		2	
2854	28.5400	0		2	
2855	28.5500	0		2	
2856	28.5600	0		2	
2857	28.5700	0		2	
2858	28.5800	0		2	
2859	28.5900	0		2	
2860	28.6000	0		2	
2861	28.6100	0		2	
2862	28.6200	0		2	
2863	28.6300	0		2	
2864	28.6400	0		2	
2865	28.6500	0		2	
2866	28.6600	0		2	
2867	28.6700	0		2	
2868	28.6800	0		2	
2869	28.6900	0		2	
2870	28.7000	0		2	
2871	28.7100	0		2	
2872	28.7200	0		2	
2873	28.7300	0		2	
2874	28.7400	0		2	
2875	28.7500	0		2	
2876	28.7600	0		2	
2877	28.7700	0		2	
2878	28.7800	0		2	
2879	28.7900	0		2	
2880	28.8000	0		2	
2881	28.8100	0		2	
2882	28.8200	0		2	
2883	28.8300	0		2	
2884	28.8400	0		2	
2885	28.8500	0		2	
2886	28.8600	0		2	
2887	28.8700	0		2	
2888	28.8800	0		2	
2889	28.8900	0		2	
2890	28.9000	0		2	
2891	28.9100	0		2	
2892	28.9200	0		2	
2893	28.9300	0		2	
2894	28.9400	0		2	
2895	28.9500	0		2	
2896	28.9600	0		2	
2897	28.9700	0		2	
2898	28.9800	0		2	
2899	28.9900	0		2	
2900	29.0000	0		2	
2901	29.0100	0		2	
2902	29.0200	0		2	
2903	29.0300	0		2	
2904	29.0400	0		2	
2905	29.0500	0		2	
2906	29.0600	0		2	
2907	29.0700	0		2	
2908	29.0800	0		2	
2909	29.0900	0		2	
2910	29.1000	0		2	
2911	29.1100	0		2	
2912	29.1200	0		2	
2913	29.1300	0		2	
2914	29.1400	0		2	
2915	29.1500	0		2	
2916	29.1600	0		2	
2917	29.1700	0		2	
2918	29.1800	0		2	
2919	29.1900	0		2	
2920	29.2000	0		2	
2921	29.2100	0		2	
2922	29.2200	0		2	
2923	29.2300	0		2	
2924	29.2400	0		2	
2925	29.2500	0		2	
2926	29.2600	0		2	
2927	29.2700	0		2	
2928	29.2800	0		2	
2929	29.2900	0		2	
2930	29.3000	0		2	
2931	29.3100	0		2	
2932	29.3200	0		2	
2933	29.3300	0		2	
2934	29.3400	0		2	
2935	29.3500	0		2	
2936	29.3600	0		2	
2937	29.3700	0		2	
2938	29.3800	0		2	
2939	29.3900	0		2	
2940	29.4000	0		2	
2941	29.4100	0		2	
2942	29.4200	0		2	
2943	29.4300	0		2	
2944	29.4400	0		2	
2945	29.4500	0		2	
2946	29.4600	0		2	
2947	29.4700	0		2	
2948	29.4800	0		2	
2949	29.4900	0		2	
2950	29.5000	0		2	
2951	29.5100	0		2	
2952	29.5200	0		2	
2953	29.5300	0		2	
2954	29.5400	0		2	
2955	29.5500	0		2	
2956	29.5600	0		2	
2957	29.5700	0		2	
2958	29.5800	0		2	
2959	29.5900	0		2	
2960	29.6000	0		2	
2961	29.6100	0		2	
2962	29.6200	0		2	
2963	29.6300	0		2	
2964	29.6400	0		2	
2965	29.6500	0		2	
2966	29.6600	0		2	
2967	29.6700	0		2	
2968	29.6800	0		2	
2969	29.6900	0		2	
2970	29.7000	0		2	
2971	29.7100	0		2	
2972	29.7200	0		2	
2973	29.7300	0		2	
2974	29.7400	0		2	
2975	29.7500	0		2	
2976	29.7600	0		2	
2977	29.7700	0		2	
2978	29.7800	0		2	
2979	29.7900	0		2	
2980	29.8000	0		2	
2981	29.8100	0		2	
2982	29.8200	0		2	
2983	29.8300	0		2	
2984	29.8400	0		2	
2985	29.8500	0		2	
2986	29.8600	0		2	
2987	29.8700	0		2	
2988	29.8800	0		2	
2989	29.8900	0		2	
2990	29.9000	0		2	
2991	29.9100	0		2	
2992	29.9200	0		2	
2993	29.9300	0		2	
2994	29.9400	0		2	
2995	29.9500	0		2	
2996	29.9600	0		2	
2997	29.9700	0		2	
2998	29.9800	0		2	
2999	29.9900	0		2	
3000	30.0000	0		2	
3001	30.0100	0		2	
3002	30.0200	0		2	
3003	30.0300	0		2	
3004	30.0400	0		2	
3005	30.0500	0		2	
3006	30.0600	0		2	
3007	30.0700	0		2	
3008	30.0800	0		2	
3009	30.0900	0		2	
3010	30.1000	0		2	
3011	30.1100	0		2	
3012	30.1200	0		2	
3013	30.1300	0		2	
3014	30.1400	0		2	
3015	30.1500	0		2	
3016	30.1600	0		2	
3017	30.1700	0		2	
3018	30.1800	0		2	
3019	30.1900	0		2	
3020	30.2000	0		2	
3021	30.2100	0		2	
3022	30.2200	0		2	
3023	30.2300	0		2	
3024	30.2400	0		2	
3025	30.2500	0		2	
3026	30.2600	0		2	
3027	30.2700	0		2	
3028	30.2800	0		2	
3029	30.2900	0		2	
3030	30.3000	0		2	
3031	30.3100	0		2	
3032	30.3200	0		2	
3033	30.3300	0		2	
3034	30.3400	0		2	
3035	30.3500	0		2	
3036	30.3600	0		2	
3037	30.3700	0		2	
3038	30.3800	0		2	
3039	30.3900	0		2	
3040	30.4000	0		2	
3041	30.4100	0		2	
3042	30.4200	0		2	
3043	30.4300	0		2	
3044	30.4400	0		2	
3045	30.4500	0		2	
3046	30.4600	0		2	
3047	30.4700	0		2	
3048	30.4800	0		2	
3049	30.4900	0		2	
3050	30.5000	0		2	
3051	30.5100	0		2	
3052	30.5200	0		2	
3053	30.5300	0		2	
3054	30.5400	0		2	
3055	30.5500	0		2	
3056	30.5600	0		2	
3057	30.5700	0		2	
3058	30.5800	0		2	
3059	30.5900	0		2	
3060	30.6000	0		2	
3061	30.6100	0		2	
3062	30.6200	0		2	
3063	30.6300	0		2	
3064	30.6400	0		2	
3065	30.6500	0		2	
3066	30.6600	0		2	
3067	30.6700	0		2	
3068	30.6800	0		2	
3069	30.6900	0		2	
3070	30.7000	0		2	
3071	30.7100	0		2	
3072	30.7200	0		2	
3073	30.7300	0		2	
3074	30.7400	0		2	
3075	30.7500	0		2	
3076	30.7600	0		2	
3077	30.7700	0		2	
3078	30.7800	0		2	
3079	30.7900	0		2	
3080	30.8000	0		2	
3081	30.8100	0		2	
3082	30.8200	0		2	
3083	30.8300	0		2	
3084	30.8400	0		2	
3085	30.8500	0		2	
3086	30.8600	0		2	
3087	30.8700	0		2	
3088	30.8800	0		2	
3089	30.8900	0		2	
3090	30.9000	0		2	
3091	30.9100	0		2	
3092	30.9200	0		2	
3093	30.9300	0		2	
3094	30.9400	0		2	
3095	30.9500	0		2	
3096	30.9600	0		2	
3097	30.9700	0		2	
3098	30.9800	0		2	
3099	30.9900	0		2	
3100	31.0000	0		2	
3101	31.0100	0		2	
3102	31.0200	0		2	
3103	31.0300	0		2	
3104	31.0400	0		2	
3105	31.0500	0		2	
3106	31.0600	0		2	
3107	31.0700	0		2	
3108	31.0800	0		2	
3109	31.0900	0		2	
3110	31.1000	0		2	
3111	31.1100	0		2	
3112	31.1200	0		2	
3113	31.1300	0		2	
3114	31.1400	0		2	
3115	31.1500	0		2	
3116	31.1600	0		2	
3117	31.1700	0		2	
3118	31.1800	0		2	
3119	31.1900	0		2	
3120	31.2000	0		2	
3121	31.2100	0		2	
3122	31.2200	0		2	
3123	31.2300	0		2	
3124	31.2400	0		2	
3125	31.2500	0		2	
3126	31.2600	0		2	
3127	31.2700	0		2	
3128	31.2800	0		2	
3129	31.2900	0		2	
3130	31.3000	0		2	
3131	31.3100	0		2	
3132	31.3200	0		2	
3133	31.3300	0		2	
3134	31.3400	0		2	
3135	31.3500	0		2	
3136	31.3600	0		2	
3137	31.3700	0		2	
3138	31.3800	0		2	
3139	31.3900	0		2	
3140	31.4000	0		2	
3141	31.4100	0		2	
3142	31.4200	0		2	
3143	31.4300	0		2	
3144	31.4400	0		2	
3145	31.4500	0		2	
3146	31.4600	0		2	
3147	31.4700	0		2	
3148	31.4800	0		2	
3149	31.4900	0		2	
3150	31.5000	0		2	
3151	31.5100	0		2	
3152	31.5200	0		2	
3153	31.5300	0		2	
3154	31.5400	0		2	
3155	31.5500	0		2	
3156	31.5600	0		2	
3157	31.5700	0		2	
3158	31.5800	0		2	
3159	31.5900	0		2	
3160	31.6000	0		2	
3161	31.6100	0		2	
3162	31.6200	0		2	
3163	31.6300	0		2	
3164	31.6400	0		2	
3165	31.6500	0		2	
3166	31.6600	0		2	
3167	31.6700	0		2	
3168	31.6800	0		2	
3169	31.6900	0		2	
3170	31.7000	0		2	
3171	31.7100	0		2	
3172	31.7200	0		2	
3173	31.7300	0		2	
3174	31.7400	0		2	
3175	31.7500	0		2	
3176	31.7600	0		2	
3177	31.7700	0		2	
3178	31.7800	0		2	
3179	31.7900	0		2	
3180	31.8000	0		2	
3181	31.8100	0		2	
3182	31.8200	0		2	
3183	31.8300	0		2	
3184	31.8400	0		2	
3185	31.8500	0		2	
3186	31.8600	0		2	
3187	31.8700	0		2	
3188	31.8800	0		2	
3189	31.8900	0		2	
3190	31.9000	0		2	
3191	31.9100	0		2	
3192	31.9200	0		2	
3193	31.9300	0		2	
3194	31.9400	0		2	
3195	31.9500	0		2	
3196	31.9600	0		2	
3197	31.9700	0		2	
3198	31.9800	0		2	
3199	31.9900	0		2	
3200	32.0000	0		2	
3201	32.0100	0		2	
3202	32.0200	0		2	
3203	32.0300	0		2	
3204	32.0400	0		2	
3205	32.0500	0		2	
3206	32.0600	0		2	
3207	32.0700	0		2	
3208	32.0800	0		2	
3209	32.0900	0		2	
3210	32.1000	0		2	
3211	32.1100	0		2	
3212	32.1200	0		2	
3213	32.1300	0		2	
3214	32.1400	0		2	
3215	32.1500	0		2	
3216	32.1600	0		2	
3217	32.1700	0		2	
3218	32.1800	0		2	
3219	32.1900	0		2	
3220	32.2000	0		2	
3221	32.2100	0		2	
3222	32.2200	0		2	
3223	32.2300	0		2	
3224	32.2400	0		2	
3225	32.2500	0		2	
3226	32.2600	0		2	
3227	32.2700	0		2	
3228	32.2800	0		2	
3229	32.2900	0		2	
3230	32.3000	0		2	
3231	32.3100	0		2	
3232	32.3200	0		2	
3233	32.3300	0		2	
3234	32.3400	0		2	
3235	32.3500	0		2	
3236	32.3600	0		2	
3237	32.3700	0		2	
3238	32.3800	0		2	
3239	32.3900	0		2	
3240	32.4000	0		2	
3241	32.4100	0		2	
3242	32.4200	0		2	
3243	32.4300	0		2	
3244	32.4400	0		2	
3245	32.4500	0		2	
3246	32.4600	0		2	
3247	32.4700	0		2	
3248	32.4800	0		2	
3249	32.4900	0		2	
3250	32.5000	0		2	
3251	32.5100	0		2	
3252	32.5200	0		2	
3253	32.5300	0		2	
3254	32.5400	0		2	
3255	32.5500	0		2	
3256	32.5600	0		2	
3257	32.5700	0		2	
3258	32.5800	0		2	
3259	32.5900	0		2	
3260	32.6000	0		2	
3261	32.6100	0		2	
3262	32.6200	0		2	
3263	32.6300	0		2	
3264	32.6400	0		2	
3265	32.6500	0		2	
3266	32.6600	0		2	
3267	32.6700	0		2	
3268	32.6800	0		2	
3269	32.6900	0		2	
3270	32.7000	0		2	
3271	32.7100	0		2	
3272	32.7200	0		2	
3273	32.7300	0		2	
3274	32.7400	0		2	
3275	32.7500	0		2	
3276	32.7600	0		2	
3277	32.7700	0		2	
3278	32.7800	0		2	
3279	32.7900	0		2	
3280	32.8000	0		2	
3281	32.8100	0		2	
3282	32.8200	0		2	
3283	32.8300	0		2	
3284	32.8400	0		2	
3285	32.8500	0		2	
3286	32.8600	0		2	
3287	32.8700	0		2	
3288	32.8800	0		2	
3289	32.8900	0		2	
3290	32.9000	0		2	
3291	32.9100	0		2	
3292	32.9200	0		2	
3293	32.9300	0		2	
3294	32.9400	0		2	
3295	32.9500	0		2	
3296	32.9600	0		2	
3297	32.9700	0		2	
3298	32.9800	0		2	
3299	32.9900	0		2	
3300	33.0000	0		2	
3301	33.0100	0		2	
3302	33.0200	0		2	
3303	33.0300	0		2	
3304	33.0400	0		2	
3305	33.0500	0		2	
3306	33.0600	0		2	
3307	33.0700	0		2	
3308	33.0800	0		2	
3309	33.0900	0		2	
3310	33.1000	0		2	
3311	33.1100	0		2	
3312	33.1200	0		2	
3313	33.1300	0		2	
3314	33.1400	0		2	
3315	33.1500	0		2	
3316	33.1600	0		2	
3317	33.1700	0		2	
3318	33.1800	0		2	
3319	33.1900	0		2	
3320	33.2000	0		2	
3321	33.2100	0		2	
3322	33.2200	0		2	
3323	33.2300	0		2	
3324	33.2400	0		2	
3325	33.2500	0		2	
3326	33.2600	0		2	
3327	33.2700	0		2	
3328	33.2800	0		2	
3329	33.2900	0		2	
3330	33.3000	0		2	
3331	33.3100	0		2	
3332	33.3200	0		2	
3333	33.3300	0		2	
3334	33.3400	0		2	
3335	33.3500	0		2	
3336	33.3600	0		2	
3337	33.3700	0		2	
3338	33.3800	0		2	
3339	33.3900	0		2	
3340	33.4000	0		2	
3341	33.4100	0		2	
3342	33.4200	0		2	
3343	33.4300	0		2	
3344	33.4400	0		2	
3345	33.4500	0		2	
3346	33.4600	0		2	
3347	33.4700	0		2	
3348	33.4800	0		2	
3349	33.4900	0		2	
3350	33.5000	0		2	
3351	33.5100	0		2	
3352	33.5200	0		2	
3353	33.5300	0		2	
3354	33.5400	0		2	
3355	33.5500	0		2	
3356	33.5600	0		2	
3357	33.5700	0		2	
3358	33.5800	0		2	
3359	33.5900	0		2	
3360	33.6000	0		2	
3361	33.6100	0		2	
3362	33.6200	0		2	
3363	33.6300	0		2	
3364	33.6400	0		2	
3365	33.6500	0		2	
3366	33.6600	0		2	
3367	33.6700	0		2	
3368	33.6800	0		2	
3369	33.6900	0		2	
3370	33.7000	0		2	
3371	33.7100	0		2	
3372	33.7200	0		2	
3373	33.7300	0		2	
3374	33.7400	0		2	
3375	33.7500	0		2	
3376	33.7600	0		2	
3377	33.7700	0		2	
3378	33.7800	0		2	
3379	33.7900	0		2	
3380	33.8000	0		2	
3381	33.8100	0		2	
3382	33.8200	0		2	
3383	33.8300	0		2	
3384	33.8400	0		2	
3385	33.8500	0		2	
3386	33.8600	0		2	
3387	33.8700	0		2	
3388	33.8800	0		2	
3389	33.8900	0		2	
3390	33.9000	0		2	
3391	33.9100	0		2	
3392	33.9200	0		2	
3393	33.9300	0		2	
3394	33.9400	0		2	
3395	33.9500	0		2	
3396	33.9600	0		2	
3397	33.9700	0		2	
3398	33.9800	0		2	
3399	33.9900	0		2	
3400	34.0000	0		2	
3401	34.0100	0		2	
3402	34.0200	0		2	
3403	34.0300	0		2	
3404	34.0400	0		2	
3405	34.0500	0		2	
3406	34.0600	0		2	
3407	34.0700	0		2	
3408	34.0800	0		2	
3409	34.0900	0		2	
3410	34.1000	0		2	
3411	34.1100	0		2	
3412	34.1200	0		2	
3413	34.1300	0		2	
3414	34.1400	0		2	
3415	34.1500	0		2	
3416	34.1600	0		2	
3417	34.1700	0		2	
3418	34.1800	0		2	
3419	34.1900	0		2	
3420	34.2000	0		2	
3421	34.2100	0		2	
3422	34.2200	0		2	
3423	34.2300	0		2	
3424	34.2400	0		2	
3425	34.2500	0		2	
3426	34.2600	0		2	
3427	34.2700	0		2	
3428	34.2800	0		2	
3429	34.2900	0		2	
3430	34.3000	0		2	
3431	34.3100	0		2	
3432	34.3200	0		2	
3433	34.3300	0		2	
3434	34.3400	0		2	
3435	34.3500	0		2	
3436	34.3600	0		2	
3437	34.3700	0		2	
3438	34.3800	0		2	
3439	34.3900	0		2	
3440	34.4000	0		2	
3441	34.4100	0		2	
3442	34.4200	0		2	
3443	34.4300	0		2	
3444	34.4400	0		2	
3445	34.4500	0		2	
3446	34.4600	0		2	
3447	34.4700	0		2	
3448	34.4800	0		2	
3449	34.4900	0		2	
3450	34.5000	0		2	
3451	34.5100	0		2	
3452	34.5200	0		2	
3453	34.5300	0		2	
3454	34.5400	0		2	
3455	34.5500	0		2	
3456	34.5600	0		2	
3457	34.5700	0		2	
3458	34.5800	0		2	
3459	34.5900	0		2	
3460	34.6000	0		2	
3461	34.6100	0		2	
3462	34.6200	0		2	
3463	34.6300	0		2	
3464	34.6400	0		2	
3465	34.6500	0		2	
3466	34.6600	0		2	
3467	34.6700	0		2	
3468	34.6800	0		2	
3469	34.6900	0		2	
3470	34.7000	0		2	
3471	34.7100	0		2	
3472	34.7200	0		2	
3473	34.7300	0		2	
3474	34.7400	0		2	
3475	34.7500	0		2	
3476	34.7600	0		2	
3477	34.7700	0		2	
3478	34.7800	0		2	
3479	34.7900	0		2	
3480	34.8000	0		2	
3481	34.8100	0		2	
3482	34.8200	0		2	
3483	34.8300	0		2	
3484	34.8400	0		2	
3485	34.8500	0		2	
3486	34.8600	0		2	
3487	34.8700	0		2	
3488	34.8800	0		2	
3489	34.8900	0		2	
3490	34.9000	0		2	
3491	34.9100	0		2	
3492	34.9200	0		2	
3493	34.9300	0		2	
3494	34.9400	0		2	
3495	34.9500	0		2	
3496	34.9600	0		2	
3497	34.9700	0		2	
3498	34.9800	0		2	
3499	34.9900	0		2	
3500	35.0000	0		2	
3501	35.0100	0		2	
3502	35.0200	0		2	
3503	35.0300	0		2	
3504	35.0400	0		2	
3505	35.0500	0		2	
3506	35.0600	0		2	
3507	35.0700	0		2	
3508	35.0800	0		2	
3509	35.0900	0		2	
3510	35.1000	0		2	
3511	35.1100	0		2	
3512	35.1200	0		2	
3513	35.1300	0		2	
3514	35.1400	0		2	
3515	35.1500	0		2	
3516	35.1600	0		2	
3517	35.1700	0		2	
3518	35.1800	0		2	
3519	35.1900	0		2	
3520	35.2000	0		2	
3521	35.2100	0		2	
3522	35.2200	0		2	
3523	35.2300	0		2	
3524	35.2400	0		2	
3525	35.2500	0		2	
3526	35.2600	0		2	
3527	35.2700	0		2	
3528	35.2800	0		2	
3529	35.2900	0		2	
3530	35.3000	0		2	
3531	35.3100	0		2	
3532	35.3200	0		2	
3533	35.3300	0		2	
3534	35.3400	0		2	
3535	35.3500	0		2	
3536	35.3600	0		2	
3537	35.3700	0		2	
3538	35.3800	0		2	
3539	35.3900	0		2	
3540	35.4000	0		2	
3541	35.4100	0		2	
3542	35.4200	0		2	
3543	35.4300	0		2	
3544	35.4400	0		2	
3545	35.4500	0		2	
3546	35.4600	0		2	
3547	35.4700	0		2	
3548	35.4800	0		2	
3549	35.4900	0		2	
3550	35.5000	0		2	
3551	35.5100	0		2	
3552	35.5200	0		2	
3553	35.5300	0		2	
3554	35.5400	0		2	
3555	35.5500	0		2	
3556	35.5600	0		2	
3557	35.5700	0		2	
3558	35.5800	0		2	
3559	35.5900	0		2	
3560	35.6000	0		2	
3561	35.6100	0		2	
3562	35.6200	0		2	
3563	35.6300	0		2	
3564	35.6400	0		2	
3565	35.6500	0		2	
3566	35.6600	0		2	
3567	35.6700	0		2	
3568	35.6800	0		2	
3569	35.6900	0		2	
3570	35.7000	0		2	
3571	35.7100	0		2	
3572	35.7200	0		2	
3573	35.7300	0		2	
3574	35.7400	0		2	
3575	35.7500	0		2	
3576	35.7600	0		2	
3577	35.7700	0		2	
3578	35.7800	0		2	
3579	35.7900	0		2	
3580	35.8000	0		2	
3581	35.8100	0		2	
3582	35.8200	0		2	
3583	35.8300	0		2	
3584	35.8400	0		2	
3585	35.8500	0		2	
3586	35.8600	0		2	
3587	35.8700	0		2	
3588	35.8800	0		2	
3589	35.8900	0		2	
3590	35.9000	0		2	
3591	35.9100	0		2	
3592	35.9200	0		2	
3593	35.9300	0		2	
3594	35.9400	0		2	
3595	35.9500	0		2	
3596	35.9600	0		2	
3597	35.9700	0		2	
3598	35.9800	0		2	
3599	35.9900	0		2	
3600	36.0000	0		2	
3601	36.0100	0		2	
3602	36.0200	0		2	
3603	36.0300	0		2	
3604	36.0400	0		2	
3605	36.0500	0		2	
3606	36.0600	0		2	
3607	36.0700	0		2	
3608	36.0800	0		2	
3609	36.0900	0		2	
3610	36.1000	0		2	
3611	36.1100	0		2	
3612	36.1200	0		2	
3613	36.1300	0		2	
3614	36.1400	0		2	
3615	36.1500	0		2	
3616	36.1600	0		2	
3617	36.1700	0		2	
3618	36.1800	0		2	
3619	36.1900	0		2	
3620	36.2000	0		2	
3621	36.2100	0		2	
3622	36.2200	0		2	
3623	36.2300	0		2	
3624	36.2400	0		2	
3625	36.2500	0		2	
3626	36.2600	0		2	
3627	36.2700	0		2	
3628	36.2800	0		2	
3629	36.2900	0		2	
3630	36.3000	0		2	
3631	36.3100	0		2	
3632	36.3200	0		2	
3633	36.3300	0		2	
3634	36.3400	0		2	
3635	36.3500	0		2	
3636	36.3600	0		2	
3637	36.3700	0		2	
3638	36.3800	0		2	
3639	36.3900	0		2	
3640	36.4000	0		2	
3641	36.4100	0		2	
3642	36.4200	0		2	
3643	36.4300	0		2	
3644	36.4400	0		2	
3645	36.4500	0		2	
3646	36.4600	0		2	
3647	36.4700	0		2	
3648	36.4800	0		2	
3649	36.4900	0		2	
3650	36.5000	0		2	
3651	36.5100	0		2	
3652	36.5200	0		2	
3653	36.5300	0		2	
3654	36.5400	0		2	
3655	36.5500	0		2	
3656	36.5600	0		2	
3657	36.5700	0		2	
3658	36.5800	0		2	
3659	36.5900	0		2	
3660	36.6000	0		2	
3661	36.6100	0		2	
3662	36.6200	0		2	
3663	36.6300	0		2	
3664	36.6400	0		2	
3665	36.6500	0		2	
3666	36.6600	0		2	
3667	36.6700	0		2	
3668	36.6800	0		2	
3669	36.6900	0		2	
3670	36.7000	0		2	
3671	36.7100	0		2	
3672	36.7200	0		2	
3673	36.7300	0		2	
3674	36.7400	0		2	
3675	36.7500	0		2	
3676	36.7600	0		2	
3677	36.7700	0		2	
3678	36.7800	0		2	
3679	36.7900	0		2	
3680	36.8000	0		2	
3681	36.8100	0		2	
3682	36.8200	0		2	
3683	36.8300	0		2	
3684	36.8400	0		2	
3685	36.8500	0		2	
3686	36.8600	0		2	
3687	36.8700	0		2	
3688	36.8800	0		2	
3689	36.8900	0		2	
3690	36.9000	0		2	
3691	36.9100	0		2	
3692	36.9200	0		2	
3693	36.9300	0		2	
3694	36.9400	0		2	
3695	36.9500	0		2	
3696	36.9600	0		2	
3697	36.9700	0		2	
3698	36.9800	0		2	
3699	36.9900	0		2	
3700	37.0000	0		2	
3701	37.0100	0		2	
3702	37.0200	0		2	
3703	37.0300	0		2	
3704	37.0400	0		2	
3705	37.0500	0		2	
3706	37.0600	0		2	
3707	37.0700	0		2	
3708	37.0800	0		2	
3709	37.0900	0		2	
3710	37.1000	0		2	
3711	37.1100	0		2	
3712	37.1200	0		2	
3713	37.1300	0		2	
3714	37.1400	0		2	
3715	37.1500	0		2	
3716	37.1600	0		2	
3717	37.1700	0		2	
3718	37.1800	0		2	
3719	37.1900	0		2	
3720	37.2000	0		2	
3721	37.2100	0		2	
3722	37.2200	0		2	
3723	37.2300	0		2	
3724	37.2400	0		2	
3725	37.2500	0		2	
3726	37.2600	0		2	
3727	37.2700	0		2	
3728	37.2800	0		2	
3729	37.2900	0		2	
3730	37.3000	0		2	
3731	37.3100	0		2	
3732	37.3200	0		2	
3733	37.3300	0		2	
3734	37.3400	0		2	
3735	37.3500	0		2	
3736	37.3600	0		2	
3737	37.3700	0		2	
3738	37.3800	0		2	
3739	37.3900	0		2	
3740	37.4000	0		2	
3741	37.4100	0		2	
3742	37.4200	0		2	
3743	37.4300	0		2	
3744	37.4400	0		2	
3745	37.4500	0		2	
3746	37.4600	0		2	
3747	37.4700	0		2	
3748	37.4800	0		2	
3749	37.4900	0		2	
3750	37.5000	0		2	
3751	37.5100	0		2	
3752	37.5200	0		2	
3753	37.5300	0		2	
3754	37.5400	0		2	
3755	37.5500	0		2	
3756	37.5600	0		2	
3757	37.5700	0		2	
3758	37.5800	0		2	
3759	37.5900	0		2	
3760	37.6000	0		2	
3761	37.6100	0		2	
3762	37.6200	0		2	
3763	37.6300	0		2	
3764	37.6400	0		2	
3765	37.6500	0		2	
3766	37.6600	0		2	
3767	37.6700	0		2	
3768	37.6800	0		2	
3769	37.6900	0		2	
3770	37.7000	0		2	
3771	37.7100	0		2	
3772	37.7200	0		2	
3773	37.7300	0		2	
3774	37.7400	0		2	
3775	37.7500	0		2	
3776	37.7600	0		2	
3777	37.7700	0		2	
3778	37.7800	0		2	
3779	37.7900	0		2	
3780	37.8000	0		2	
3781	37.8100	0		2	
3782	37.8200	0		2	
3783	37.8300	0		2	
3784	37.8400	0		2	
3785	37.8500	0		2	
3786	37.8600	0		2	
3787	37.8700	0		2	
3788	37.8800	0		2	
3789	37.8900	0		2	
3790	37.9000	0		2	
3791	37.9100	0		2	
3792	37.9200	0		2	
3793	37.9300	0		2	
3794	37.9400	0		2	
3795	37.9500	0		2	
3796	37.9600	0		2	
3797	37.9700	0		2	
3798	37.9800	0		2	
3799	37.9900	0		2	
3800	38.0000	0		2	
3801	38.0100	0		2	
3802	38.0200	0		2	
3803	38.0300	0		2	
3804	38.0400	0		2	
3805	38.0500	0		2	
3806	38.0600	0		2	
3807	38.0700	0		2	
3808	38.0800	0		2	
3809	38.0900	0		2	
3810	38.1000	0		2	
3811	38.1100	0		2	
3812	38.1200	0		2	
3813	38.1300	0		2	
3814	38.1400	0		2	
3815	38.1500	0		2	
3816	38.1600	0		2	
3817	38.1700	0		2	
3818	38.1800	0		2	
3819	38.1900	0		2	
3820	38.2000	0		2	
3821	38.2100	0		2	
3822	38.2200	0		2	
3823	38.2300	0		2	
3824	38.2400	0		2	
3825	38.2500	0		2	
3826	38.2600	0		2	
3827	38.2700	0		2	
3828	38.2800	0		2	
3829	38.2900	0		2	
3830	38.3000	0		2	
3831	38.3100	0		2	
3832	38.3200	0		2	
3833	38.3300	0		2	
3834	38.3400	0		2	
3835	38.3500	0		2	
3836	38.3600	0		2	
3837	38.3700	0		2	
3838	38.3800	0		2	
3839	38.3900	0		2	
3840	38.4000	0		2	
3841	38.4100	0		2	
3842	38.4200	0		2	
3843	38.4300	0		2	
3844	38.4400	0		2	
3845	38.4500	0		2	
3846	38.4600	0		2	
3847	38.4700	0		2	
3848	38.4800	0		2	
3849	38.4900	0		2	
3850	38.5000	0		2	
3851	38.5100	0		2	
3852	38.5200	0		2	
3853	38.5300	0		2	
3854	38.5400	0		2	
3855	38.5500	0		2	
3856	38.5600	0		2	
3857	38.5700	0		2	
3858	38.5800	0		2	
3859	38.5900	0		2	
3860	38.6000	0		2	
3861	38.6100	0		2	
3862	38.6200	0		2	
3863	38.6300	0		2	
3864	38.6400	0		2	
3865	38.6500	0		2	
3866	38.6600	0		2	
3867	38.6700	0		2	
3868	38.6800	0		2	
3869	38.6900	0		2	
3870	38.7000	0		2	
3871	38.7100	0		2	
3872	38.7200	0		2	
3873	38.7300	0		2	
3874	38.7400	0		2	
3875	38.7500	0		2	
3876	38.7600	0		2	
3877	38.7700	0		2	
3878	38.7800	0		2	
3879	38.7900	0		2	
3880	38.8000	0		2	
3881	38.8100	0		2	
3882	38.8200	0		2	
3883	38.8300	0		2	
3884	38.8400	0		2	
3885	38.8500	0		2	
3886	38.8600	0		2	
3887	38.8700	0		2	
3888	38.8800	0		2	
3889	38.8900	0		2	
3890	38.9000	0		2	
3891	38.9100	0		2	
3892	38.9200	0		2	
3893	38.9300	0		2	
3894	38.9400	0		2	
3895	38.9500	0		2	
3896	38.9600	0		2	
3897	38.9700	0		2	
3898	38.9800	0		2	
3899	38.9900	0		2	
3900	39.0000	0		2	
3901	39.0100	0		2	
3902	39.0200	0		2	
3903	39.0300	0		2	
3904	39.0400	0		2	
3905	39.0500	0		2	
3906	39.0600	0		2	
3907	39.0700	0		2	
3908	39.0800	0		2	
3909	39.0900	0		2	
3910	39.1000	0		2	
3911	39.1100	0		2	
3912	39.1200	0		2	
3913	39.1300	0		2	
3914	39.1400	0		2	
3915	39.1500	0		2	
3916	39.1600	0		2	
3917	39.1700	0		2	
3918	39.1800	0		2	
3919	39.1900	0		2	
3920	39.2000	0		2	
3921	39.2100	0		2	
3922	39.2200	0		2	
3923	39.2300	0		2	
3924	39.2400	0		2	
3925	39.2500	0		2	
3926	39.2600	0		2	
3927	39.2700	0		2	
3928	39.2800	0		2	
3929	39.2900	0		2	
3930	39.3000	0		2	
3931	39.3100	0		2	
3932	39.3200	0		2	
3933	39.3300	0		2	
3934	39.3400	0		2	
3935	39.3500	0		2	
3936	39.3600	0		2	
3937	39.3700	0		2	
3938	39.3800	0		2	
3939	39.3900	0		2	
3940	39.4000	0		2	
3941	39.4100	0		2	
3942	39.4200	0		2	
3943	39.4300	0		2	
3944	39.4400	0		2	
3945	39.4500	0		2	
3946	39.4600	0		2	
3947	39.4700	0		2	
3948	39.4800	0		2	
3949	39.4900	0		2	
3950	39.5000	0		2	
3951	39.5100	0		2	
3952	39.5200	0		2	
3953	39.5300	0		2	
3954	39.5400	0		2	
3955	39.5500	0		2	
3956	39.5600	0		2	
3957	39.5700	0		2	
3958	39.5800	0		2	
3959	39.5900	0		2	
3960	39.6000	0		2	
3961	39.6100	0		2	
3962	39.6200	0		2	
3963	39.6300	0		2	
3964	39.6400	0		2	
3965	39.6500	0		2	
3966	39.6600	0		2	
3967	39.6700	0		2	
3968	39.6800	0		2	
3969	39.6900	0		2	
3970	39.7000	0		2	
3971	39.7100	0		2	
3972	39.7200	0		2	
3973	39.7300	0		2	
3974	39.7400	0		2	
3975	39.7500	0		2	
3976	39.7600	0		2	
3977	39.7700	0		2	
3978	39.7800	0		2	
3979	39.7900	0		2	
3980	39.8000	0		2	
3981	39.8100	0		2	
3982	39.8200	0		2	
3983	39.8300	0		2	
3984	39.8400	0		2	
3985	39.8500	0		2	
3986	39.8600	0		2	
3987	39.8700	0		2	
3988	39.8800	0		2	
3989	39.8900	0		2	
3990	39.9000	0		2	
3991	39.9100	0		2	
3992	39.9200	0		2	
3993	39.9300	0		2	
3994	39.9400	0		2	
3995	39.9500	0		2	
3996	39.9600	0		2	
3997	39.9700	0		2	
3998	39.9800	0		2	
3999	39.9900	0		2	
4000	40.0000	0		2	
4001	40.0100	0		2	
4002	40.0200	0		2	
4003	40.0300	0		2	
4004	40.0400	0		2	
4005	40.0500	0		2	
4006	40.0600	0		2	
4007	40.0700	0		2	
4008	40.0800	0		2	
4009	40.0900	0		2	
4010	40.1000	0		2	
4011	40.1100	0		2	
4012	40.1200	0		2	
4013	40.1300	0		2	
4014	40.1400	0		2	
4015	40.1500	0		2	
4016	40.1600	0		2	
4017	40.1700	0		2	
4018	40.1800	0		2	
4019	40.1900	0		2	
4020	40.2000	0		2	
4021	40.2100	0		2	
4022	40.2200	0		2	
4023	40.2300	0		2	
4024	40.2400	0		2	
4025	40.2500	0		2	
4026	40.2600	0		2	
4027	40.2700	0		2	
4028	40.2800	0		2	
4029	40.2900	0		2	
4030	40.3000	0		2	
4031	40.3100	0		2	
4032	40.3200	0		2	
4033	40.3300	0		2	
4034	40.3400	0		2	
4035	40.3500	0		2	
4036	40.3600	0		2	
4037	40.3700	0		2	
4038	40.3800	0		2	
4039	40.3900	0		2	
4040	40.4000	0		2	
4041	40.4100	0		2	
4042	40.4200	0		2	
4043	40.4300	0		2	
4044	40.4400	0		2	
4045	40.4500	0		2	
4046	40.4600	0		2	
4047	40.4700	0		2	
4048	40.4800	0		2	
4049	40.4900	0		2	
4050	40.5000	0		2	
4051	40.5100	0		2	
4052	40.5200	0		2	
4053	40.5300	0		2	
4054	40.5400	0		2	
4055	40.5500	0		2	
4056	40.5600	0		2	
4057	40.5700	0		2	
4058	40.5800	0		2	
4059	40.5900	0		2	
4060	40.6000	0		2	
4061	40.6100	0		2	
4062	40.6200	0		2	
4063	40.6300	0		2	
4064	40.6400	0		2	
4065	40.6500	0		2	
4066	40.6600	0		2	
4067	40.6700	0		2	
4068	40.6800	0		2	
4069	40.6900	0		2	
4070	40.7000	0		2	
4071	40.7100	0		2	
4072	40.7200	0		2	
4073	40.7300	0		2	
4074	40.7400	0		2	
4075	40.7500	0		2	
4076	40.7600	0		2	
4077	40.7700	0		2	
4078	40.7800	0		2	
4079	40.7900	0		2	
4080	40.8000	0		2	
4081	40.8100	0		2	
4082	40.8200	0		2	
4083	40.8300	0		2	
4084	40.8400	0		2	
4085	40.8500	0		2	
4086	40.8600	0		2	
4087	40.8700	0		2	
4088	40.8800	0		2	
4089	40.8900	0		2	
4090	40.9000	0		2	
4091	40.9100	0		2	
4092	40.9200	0		2	
4093	40.9300	0		2	
4094	40.9400	0		2	
4095	40.9500	0		2	
4096	40.9600	0		2	
4097	40.9700	0		2	
4098	40.9800	0		2	
4099	40.9900	0		2	
4100	41.0000	0		2	
4101	41.0100	0		2	
4102	41.0200	0		2	
4103	41.0300	0		2	
4104	41.0400	0		2	
4105	41.0500	0		2	
4106	41.0600	0		2	
4107	41.0700	0		2	
4108	41.0800	0		2	
4109	41.0900	0		2	
4110	41.1000	0		2	
4111	41.1100	0		2	
4112	41.1200	0		2	
4113	41.1300	0		2	
4114	41.1400	0		2	
4115	41.1500	0		2	
4116	41.1600	0		2	
4117	41.1700	0		2	
4118	41.1800	0		2	
4119	41.1900	0		2	
4120	41.2000	0		2	
4121	41.2100	0		2	
4122	41.2200	0		2	
4123	41.2300	0		2	
4124	41.2400	0		2	
4125	41.2500	0		2	
4126	41.2600	0		2	
4127	41.2700	0		2	
4128	41.2800	0		2	
4129	41.2900	0		2	
4130	41.3000	0		2	
4131	41.3100	0		2	
4132	41.3200	0		2	
4133	41.3300	0		2	
4134	41.3400	0		2	
4135	41.3500	0		2	
4136	41.3600	0		2	
4137	41.3700	0		2	
4138	41.3800	0		2	
4139	41.3900	0		2	
4140	41.4000	0		2	
4141	41.4100	0		2	
4142	41.4200	0		2	
4143	41.4300	0		2	
4144	41.4400	0		2	
4145	41.4500	0		2	
4146	41.4600	0		2	
4147	41.4700	0		2	
4148	41.4800	0		2	
4149	41.4900	0		2	
4150	41.5000	0		2	
4151	41.5100	0		2	
4152	41.5200	0		2	
4153	41.5300	0		2	
4154	41.5400	0		2	
4155	41.5500	0		2	
4156	41.5600	0		2	
4157	41.5700	0		2	
4158	41.5800	0		2	
4159	41.5900	0		2	
4160	41.6000	0		2	
4161	41.6100	0		2	
4162	41.6200	0		2	
4163	41.6300	0		2	
4164	41.6400	0		2	
4165	41.6500	0		2	
4166	41.6600	0		2	
4167	41.6700	0		2	
4168	41.6800	0		2	
4169	41.6900	0		2	
4170	41.7000	0		2	
4171	41.7100	0		2	
4172	41.7200	0		2	
4173	41.7300	0		2	
4174	41.7400	0		2	
4175	41.7500	0		2	
4176	41.7600	0		2	
4177	41.7700	0		2	
4178	41.7800	0		2	
4179	41.7900	0		2	
4180	41.8000	0		2	
4181	41.8100	0		2	
4182	41.8200	0		2	
4183	41.8300	0		2	
4184	41.8400	0		2	
4185	41.8500	0		2	
4186	41.8600	0		2	
4187	41.8700	0		2	
4188	41.8800	0		2	
4189	41.8900	0		2	
4190	41.9000	0		2	
4191	41.9100	0		2	
4192	41.9200	0		2	
4193	41.9300	0		2	
4194	41.9400	0		2	
4195	41.9500	0		2	
4196	41.9600	0		2	
4197	41.9700	0		2	
4198	41.9800	0		2	
4199	41.9900	0		2	
4200	42.0000	0		2	
4201	42.0100	0		2	
4202	42.0200	0		2	
4203	42.0300	0		2	
4204	42.0400	0		2	
4205	42.0500	0		2	
4206	42.0600	0		2	
4207	42.0700	0		2	
4208	42.0800	0		2	
4209	42.0900	0		2	
4210	42.1000	0		2	
4211	42.1100	0		2	
4212	42.1200	0		2	
4213	42.1300	0		2	
4214	42.1400	0		2	
4215	42.1500	0		2	
4216	42.1600	0		2	
4217	42.1700	0		2	
4218	42.1800	0		2	
4219	42.1900	0		2	
4220	42.2000	0		2	
4221	42.2100	0		2	
4222	42.2200	0		2	
4223	42.2300	0		2	
4224	42.2400	0		2	
4225	42.2500	0		2	
4226	42.2600	0		2	
4227	42.2700	0		2	
4228	42.2800	0		2	
4229	42.2900	0		2	
4230	42.3000	0		2	
4231	42.3100	0		2	
4232	42.3200	0		2	
4233	42.3300	0		2	
4234	42.3400	0		2	
4235	42.3500	0		2	
4236	42.3600	0		2	
4237	42.3700	0		2	
4238	42.3800	0		2	
4239	42.3900	0		2	
4240	42.4000	0		2	
4241	42.4100	0		2	
4242	42.4200	0		2	
4243	42.4300	0		2	
4244	42.4400	0		2	
4245	42.4500	0		2	
4246	42.4600	0		2	
4247	42.4700	0		2	
4248	42.4800	0		2	
4249	42.4900	0		2	
4250	42.5000	0		2	
4251	42.5100	0		2	
4252	42.5200	0		2	
4253	42.5300	0		2	
4254	42.5400	0		2	
4255	42.5500	0		2	
4256	42.5600	0		2	
4257	42.5700	0		2	
4258	42.5800	0		2	
4259	42.5900	0		2	
4260	42.6000	0		2	
4261	42.6100	0		2	
4262	42.6200	0		2	
4263	42.6300	0		2	
4264	42.6400	0		2	
4265	42.6500	0		2	
4266	42.6600	0		2	
4267	42.6700	0		2	
4268	42.6800	0		2	
4269	42.6900	0		2	
4270	42.7000	0		2	
4271	42.7100	0		2	
4272	42.7200	0		2	
4273	42.7300	0		2	
4274	42.7400	0		2	
4275	42.7500	0		2	
4276	42.7600	0		2	
4277	42.7700	0		2	
4278	42.7800	0		2	
4279	42.7900	0		2	
4280	42.8000	0		2	
4281	42.8100	0		2	
4282	42.8200	0		2	
4283	42.8300	0		2	
4284	42.8400	0		2	
4285	42.8500	0		2	
4286	42.8600	0		2	
4287	42.8700	0		2	
4288	42.8800	0		2	
4289	42.8900	0		2	
4290	42.9000	0		2	
4291	42.9100	0		2	
4292	42.9200	0		2	
4293	42.9300	0		2	
4294	42.9400	0		2	
4295	42.9500	0		2	
4296	42.9600	0		2	
4297	42.9700	0		2	
4298	42.9800	0		2	
4299	42.9900	0		2	
4300	43.0000	0		2	
4301	43.0100	0		2	
4302	43.0200	0		2	
4303	43.0300	0		2	
4304	43.0400	0		2	
4305	43.0500	0		2	
4306	43.0600	0		2	
4307	43.0700	0		2	
4308	43.0800	0		2	
4309	43.0900	0		2	
4310	43.1000	0		2	
4311	43.1100	0		2	
4312	43.1200	0		2	
4313	43.1300	0		2	
4314	43.1400	0		2	
4315	43.1500	0		2	
4316	43.1600	0		2	
4317	43.1700	0		2	
4318	43.1800	0		2	
4319	43.1900	0		2	
4320	43.2000	0		2	
4321	43.2100	0		2	
4322	43.2200	0		2	
4323	43.2300	0		2	
4324	43.2400	0		2	
4325	43.2500	0		2	
4326	43.2600	0		2	
4327	43.2700	0		2	
4328	43.2800	0		2	
4329	43.2900	0		2	
4330	43.3000	0		2	
4331	43.3100	0		2	
4332	43.3200	0		2	
4333	43.3300	0		2	
4334	43.3400	0		2	
4335	43.3500	0		2	
4336	43.3600	0		2	
4337	43.3700	0		2	
4338	43.3800	0		2	
4339	43.3900	0		2	
4340	43.4000	0		2	
4341	43.4100	0		2	
4342	43.4200	0		2	
4343	43.4300	0		2	
4344	43.4400	0		2	
4345	43.4500	0		2	
4346	43.4600	0		2	
4347	43.4700	0		2	
4348	43.4800	0		2	
4349	43.4900	0		2	
4350	43.5000	0		2	
4351	43.5100	0		2	
4352	43.5200	0		2	
4353	43.5300	0		2	
4354	43.5400	0		2	
4355	43.5500	0		2	
4356	43.5600	0		2	
4357	43.5700	0		2	
4358	43.5800	0		2	
4359	43.5900	0		2	
4360	43.6000	0		2	
4361	43.6100	0		2	
4362	43.6200	0		2	
4363	43.6300	0		2	
4364	43.6400	0		2	
4365	43.6500	0		2	
4366	43.6600	0		2	
4367	43.6700	0		2	
4368	43.6800	0		2	
4369	43.6900	0		2	
4370	43.7000	0		2	
4371	43.7100	0		2	
4372	43.7200	0		2	
4373	43.7300	0		2	
4374	43.7400	0		2	
4375	43.7500	0		2	
4376	43.7600	0		2	
4377	43.7700	0		2	
4378	43.7800	0		2	
4379	43.7900	0		2	
4380	43.8000	0		2	
4381	43.8100	0		2	
4382	43.8200	0		2	
4383	43.8300	0		2	
4384	43.8400	0		2	
4385	43.8500	0		2	
4386	43.8600	0		2	
4387	43.8700	0		2	
4388	43.8800	0		2	
4389	43.8900	0		2	
4390	43.9000	0		2	
4391	43.9100	0		2	
4392	43.9200	0		2	
4393	43.9300	0		2	
4394	43.9400	0		2	
4395	43.9500	0		2	
4396	43.9600	0		2	
4397	43.9700	0		2	
4398	43.9800	0		2	
4399	43.9900	0		2	
4400	44.0000	0		2	
4401	44.0100	0		2	
4402	44.0200	0		2	
4403	44.0300	0		2	
4404	44.0400	0		2	
4405	44.0500	0		2	
4406	44.0600	0		2	
4407	44.0700	0		2	
4408	44.0800	0		2	
4409	44.0900	0		2	
4410	44.1000	0		2	
4411	44.1100	0		2	
4412	44.1200	0		2	
4413	44.1300	0		2	
4414	44.1400	0		2	
4415	44.1500	0		2	
4416	44.1600	0		2	
4417	44.1700	0		2	
4418	44.1800	0		2	
4419	44.1900	0		2	
4420	44.2000	0		2	
4421	44.2100	0		2	
4422	44.2200	0		2	
4423	44.2300	0		2	
4424	44.2400	0		2	
4425	44.2500	0		2	
4426	44.2600	0		2	
4427	44.2700	0		2	
4428	44.2800	0		2	
4429	44.2900	0		2	
4430	44.3000	0		2	
4431	44.3100	0		2	
4432	44.3200	0		2	
4433	44.3300	0		2	
4434	44.3400	0		2	
4435	44.3500	0		2	
4436	44.3600	0		2	
4437	44.3700	0		2	
4438	44.3800	0		2	
4439	44.3900	0		2	
4440	44.4000	0		2	
4441	44.4100	0		2	
4442	44.4200	0		2	
4443	44.4300	0		2	
4444	44.4400	0		2	
4445	44.4500	0		2	
4446	44.4600	0		2	
4447	44.4700	0		2	
4448	44.4800	0		2	
4449	44.4900	0		2	
4450	44.5000	0		2	
4451	44.5100	0		2	
4452	44.5200	0		2	
4453	44.5300	0		2	
4454	44.5400	0		2	
4455	44.5500	0		2	
4456	44.5600	0		2	
4457	44.5700	0		2	
4458	44.5800	0		2	
4459	44.5900	0		2	
4460	44.6000	0		2	
4461	44.6100	0		2	
4462	44.6200	0		2	
4463	44.6300	0		2	
4464	44.6400	0		2	
4465	44.6500	0		2	
4466	44.6600	0		2	
4467	44.6700	0		2	
4468	44.6800	0		2	
4469	44.6900	0		2	
4470	44.7000	0		2	
4471	44.7100	0		2	
4472	44.7200	0		2	
4473	44.7300	0		2	
4474	44.7400	0		2	
4475	44.7500	0		2	
4476	44.7600	0		2	
4477	44.7700	0		2	
4478	44.7800	0		2	
4479	44.7900	0		2	
4480	44.8000	0		2	
4481	44.8100	0		2	
4482	44.8200	0		2	
4483	44.8300	0		2	
4484	44.8400	0		2	
4485	44.8500	0		2	
4486	44.8600	0		2	
4487	44.8700	0		2	
4488	44.8800	0		2	
4489	44.8900	0		2	
4490	44.9000	0		2	
4491	44.9100	0		2	
4492	44.9200	0		2	
4493	44.9300	0		2	
4494	44.9400	0		2	
4495	44.9500	0		2	
4496	44.9600	0		2	
4497	44.9700	0		2	
4498	44.9800	0		2	
4499	44.9900	0		2	
4500	45.0000	0		2	
4501	45.0100	0		2	
4502	45.0200	0		2	
4503	45.0300	0		2	
4504	45.0400	0		2	
4505	45.0500	0		2	
4506	45.0600	0		2	
4507	45.0700	0		2	
4508	45.0800	0		2	
4509	45.0900	0		2	
4510	45.1000	0		2	
4511	45.1100	0		2	
4512	45.1200	0		2	
4513	45.1300	0		2	
4514	45.1400	0		2	
4515	45.1500	0		2	
4516	45.1600	0		2	
4517	45.1700	0		2	
4518	45.1800	0		2	
4519	45.1900	0		2	
4520	45.2000	0		2	
4521	45.2100	0		2	
4522	45.2200	0		2	
4523	45.2300	0		2	
4524	45.2400	0		2	
4525	45.2500	0		2	
4526	45.2600	0		2	
4527	45.2700	0		2	
4528	45.2800	0		2	
4529	45.2900	0		2	
4530	45.3000	0		2	
4531	45.3100	0		2	
4532	45.3200	0		2	
4533	45.3300	0		2	
4534	45.3400	0		2	
4535	45.3500	1		2	
4536	45.3600	1		2	
4537	45.3700	1		2	
4538	45.3800	1		2	
4539	45.3900	1		2	
4540	45.4000	1		2	
4541	45.4100	1		2	
4542	45.4200	1		2	
4543	45.4300	1		2	
4544	45.4400	1		2	
4545	45.4500	0		2	
4546	45.4600	0		2	
4547	45.4700	0		2	
4548	45.4800	0		2	
4549	45.4900	0		2	
4550	45.5000	0		2	
4551	45.5100	0		2	
4552	45.5200	0		2	
4553	45.5300	0		2	
4554	45.5400	0		2	
4555	45.5500	0		2	
4556	45.5600	0		2	
4557	45.5700	0		2	
4558	45.5800	0		2	
4559	45.5900	0		2	
4560	45.6000	0		2	
4561	45.6100	0		2	
4562	45.6200	0		2	
4563	45.6300	0		2	
4564	45.6400	0		2	
4565	45.6500	0		2	
4566	45.6600	0		2	
4567	45.6700	0		2	
4568	45.6800	0		2	
4569	45.6900	0		2	
4570	45.7000	0		2	
4571	45.7100	0		2	
4572	45.7200	0		2	
4573	45.7300	0		2	
4574	45.7400	0		2	
4575	45.7500	0		2	
4576	45.7600	0		2	
4577	45.7700	0		2	
4578	45.7800	0		2	
4579	45.7900	0		2	
4580	45.8000	0		2	
4581	45.8100	0		2	
4582	45.8200	0		2	
4583	45.8300	0		2	
4584	45.8400	0		2	
4585	45.8500	0		2	
4586	45.8600	0		2	
4587	45.8700	0		2	
4588	45.8800	0		2	
4589	45.8900	0		2	
4590	45.9000	0		2	
4591	45.9100	0		2	
4592	45.9200	0		2	
4593	45.9300	0		2	
4594	45.9400	0		2	
4595	45.9500	0		2	
4596	45.9600	0		2	
4597	45.9700	0		2	
4598	45.9800	0		2	
4599	45.9900	0		2	
4600	46.0000	0		2	
4601	46.0100	0		2	
4602	46.0200	0		2	
4603	46.0300	0		2	
4604	46.0400	0		2	
4605	46.0500	0		2	
4606	46.0600	0		2	
4607	46.0700	0		2	
4608	46.0800	0		2	
4609	46.0900	0		2	
4610	46.1000	0		2	
4611	46.1100	0		2	
4612	46.1200	0		2	
4613	46.1300	0		2	
4614	46.1400	0		2	
4615	46.1500	0		2	
4616	46.1600	0		2	
4617	46.1700	0		2	
4618	46.1800	0		2	
4619	46.1900	0		2	
4620	46.2000	0		2	
4621	46.2100	0		2	
4622	46.2200	0		2	
4623	46.2300	0		2	
4624	46.2400	0		2	
4625	46.2500	0		2	
4626	46.2600	0		2	
4627	46.2700	0		2	
4628	46.2800	0		2	
4629	46.2900	0		2	
4630	46.3000	0		2	
4631	46.3100	0		2	
4632	46.3200	0		2	
4633	46.3300	0		2	
4634	46.3400	0		2	
4635	46.3500	0		2	
4636	46.3600	0		2	
4637	46.3700	0		2	
4638	46.3800	0		2	
4639	46.3900	0		2	
4640	46.4000	0		2	
4641	46.4100	0		2	
4642	46.4200	0		2	
4643	46.4300	0		2	
4644	46.4400	0		2	
4645	46.4500	0		2	
4646	46.4600	0		2	
4647	46.4700	0		2	
4648	46.4800	0		2	
4649	46.4900	0		2	
4650	46.5000	0		2	
4651	46.5100	0		2	
4652	46.5200	0		2	
4653	46.5300	0		2	
4654	46.5400	0		2	
4655	46.5500	0		2	
4656	46.5600	0		2	
4657	46.5700	0		2	
4658	46.5800	0		2	
4659	46.5900	0		2	
4660	46.6000	0		2	
4661	46.6100	0		2	
4662	46.6200	0		2	
4663	46.6300	0		2	
4664	46.6400	0		2	
4665	46.6500	0		2	
4666	46.6600	0		2	
4667	46.6700	0		2	
4668	46.6800	0		2	
4669	46.6900	0		2	
4670	46.7000	0		2	
4671	46.7100	0		2	
4672	46.7200	0		2	
4673	46.7300	0		2	
4674	46.7400	0		2	
4675	46.7500	0		2	
4676	46.7600	0		2	
4677	46.7700	0		2	
4678	46.7800	0		2	
4679	46.7900	0		2	
4680	46.8000	0		2	
4681	46.8100	0		2	
4682	46.8200	0		2	
4683	46.8300	0		2	
4684	46.8400	0		2	
4685	46.8500	0		2	
4686	46.8600	0		2	
4687	46.8700	0		2	
4688	46.8800	0		2	
4689	46.8900	0		2	
4690	46.9000	0		2	
4691	46.9100	0		2	
4692	46.9200	0		2	
4693	46.9300	0		2	
4694	46.9400	0		2	
4695	46.9500	0		2	
4696	46.9600	0		2	
4697	46.9700	0		2	
4698	46.9800	0		2	
4699	46.9900	0		2	
4700	47.0000	0		2	
4701	47.0100	0		2	
4702	47.0200	0		2	
4703	47.0300	0		2	
4704	47.0400	0		2	
4705	47.0500	0		2	
4706	47.0600	0		2	
4707	47.0700	0		2	
4708	47.0800	0		2	
4709	47.0900	0		2	
4710	47.1000	0		2	
4711	47.1100	0		2	
4712	47.1200	0		2	
4713	47.1300	0		2	
4714	47.1400	0		2	
4715	47.1500	0		2	
4716	47.1600	0		2	
4717	47.1700	0		2	
4718	47.1800	0		2	
4719	47.1900	0		2	
4720	47.2000	0		2	
4721	47.2100	0		2	
4722	47.2200	0		2	
4723	47.2300	0		2	
4724	47.2400	0		2	
4725	47.2500	0		2	
4726	47.2600	0		2	
4727	47.2700	0		2	
4728	47.2800	0		2	
4729	47.2900	0		2	
4730	47.3000	0		2	
4731	47.3100	0		2	
4732	47.3200	0		2	
4733	47.3300	0		2	
4734	47.3400	0		2	
4735	47.3500	0		2	
4736	47.3600	0		2	
4737	47.3700	0		2	
4738	47.3800	0		2	
4739	47.3900	0		2	
4740	47.4000	0		2	
4741	47.4100	0		2	
4742	47.4200	0		2	
4743	47.4300	0		2	
4744	47.4400	0		2	
4745	47.4500	0		2	
4746	47.4600	0		2	
4747	47.4700	0		2	
4748	47.4800	0		2	
4749	47.4900	0		2	
4750	47.5000	0		2	
4751	47.5100	0		2	
4752	47.5200	0		2	
4753	47.5300	0		2	
4754	47.5400	0		2	
4755	47.5500	0		2	
4756	47.5600	0		2	
4757	47.5700	0		2	
4758	47.5800	0		2	
4759	47.5900	0		2	
4760	47.6000	0		2	
4761	47.6100	0		2	
4762	47.6200	0		2	
4763	47.6300	0		2	
4764	47.6400	0		2	
4765	47.6500	0		2	
4766	47.6600	0		2	
4767	47.6700	0		2	
4768	47.6800	0		2	
4769	47.6900	0		2	
4770	47.7000	0		2	
4771	47.7100	0		2	
4772	47.7200	0		2	
4773	47.7300	0		2	
4774	47.7400	0		2	
4775	47.7500	0		2	
4776	47.7600	0		2	
4777	47.7700	0		2	
4778	47.7800	0		2	
4779	47.7900	0		2	
4780	47.8000	0		2	
4781	47.8100	0		2	
4782	47.8200	0		2	
4783	47.8300	0		2	
4784	47.8400	0		2	
4785	47.8500	0		2	
4786	47.8600	0		2	
4787	47.8700	0		2	
4788	47.8800	0		2	
4789	47.8900	0		2	
4790	47.9000	0		2	
4791	47.9100	0		2	
4792	47.9200	0		2	
4793	47.9300	0		2	
4794	47.9400	0		2	
4795	47.9500	0		2	
4796	47.9600	0		2	
4797	47.9700	0		2	
4798	47.9800	0		2	
4799	47.9900	0		2	
4800	48.0000	0		2	
4801	48.0100	0		2	
4802	48.0200	0		2	
4803	48.0300	0		2	
4804	48.0400	0		2	
4805	48.0500	0		2	
4806	48.0600	0		2	
4807	48.0700	0		2	
4808	48.0800	0		2	
4809	48.0900	0		2	
4810	48.1000	0		2	
4811	48.1100	0		2	
4812	48.1200	0		2	
4813	48.1300	0		2	
4814	48.1400	0		2	
4815	48.1500	0		2	
4816	48.1600	0		2	
4817	48.1700	0		2	
4818	48.1800	0		2	
4819	48.1900	0		2	
4820	48.2000	0		2	
4821	48.2100	0		2	
4822	48.2200	0		2	
4823	48.2300	0		2	
4824	48.2400	0		2	
4825	48.2500	0		2	
4826	48.2600	0		2	
4827	48.2700	0		2	
4828	48.2800	0		2	
4829	48.2900	0		2	
4830	48.3000	0		2	
4831	48.3100	0		2	
4832	48.3200	0		2	
4833	48.3300	0		2	
4834	48.3400	0		2	
4835	48.3500	0		2	
4836	48.3600	0		2	
4837	48.3700	0		2	
4838	48.3800	0		2	
4839	48.3900	0		2	
4840	48.4000	0		2	
4841	48.4100	0		2	
4842	48.4200	0		2	
4843	48.4300	0		2	
4844	48.4400	0		2	
4845	48.4500	0		2	
4846	48.4600	0		2	
4847	48.4700	0		2	
4848	48.4800	0		2	
4849	48.4900	0		2	
4850	48.5000	0		2	
4851	48.5100	0		2	
4852	48.5200	0		2	
4853	48.5300	0		2	
4854	48.5400	0		2	
4855	48.5500	0		2	
4856	48.5600	0		2	
4857	48.5700	0		2	
4858	48.5800	0		2	
4859	48.5900	0		2	
4860	48.6000	0		2	
4861	48.6100	0		2	
4862	48.6200	0		2	
4863	48.6300	0		2	
4864	48.6400	0		2	
4865	48.6500	0		2	
4866	48.6600	0		2	
4867	48.6700	0		2	
4868	48.6800	0		2	
4869	48.6900	0		2	
4870	48.7000	0		2	
4871	48.7100	0		2	
4872	48.7200	0		2	
4873	48.7300	0		2	
4874	48.7400	0		2	
4875	48.7500	0		2	
4876	48.7600	0		2	
4877	48.7700	0		2	
4878	48.7800	0		2	
4879	48.7900	0		2	
4880	48.8000	0		2	
4881	48.8100	0		2	
4882	48.8200	0		2	
4883	48.8300	0		2	
4884	48.8400	0		2	
4885	48.8500	0		2	
4886	48.8600	0		2	
4887	48.8700	0		2	
4888	48.8800	0		2	
4889	48.8900	0		2	
4890	48.9000	0		2	
4891	48.9100	0		2	
4892	48.9200	0		2	
4893	48.9300	0		2	
4894	48.9400	0		2	
4895	48.9500	0		2	
4896	48.9600	0		2	
4897	48.9700	0		2	
4898	48.9800	0		2	
4899	48.9900	0		2	
4900	49.0000	0		2	
4901	49.0100	0		2	
4902	49.0200	0		2	
4903	49.0300	0		2	
4904	49.0400	0		2	
4905	49.0500	0		2	
4906	49.0600	0		2	
4907	49.0700	0		2	
4908	49.0800	0		2	
4909	49.0900	0		2	
4910	49.1000	0		2	
4911	49.1100	0		2	
4912	49.1200	0		2	
4913	49.1300	0		2	
4914	49.1400	0		2	
4915	49.1500	0		2	
4916	49.1600	0		2	
4917	49.1700	0		2	
4918	49.1800	0		2	
4919	49.1900	0		2	
4920	49.2000	0		2	
4921	49.2100	0		2	
4922	49.2200	0		2	
4923	49.2300	0		2	
4924	49.2400	0		2	
4925	49.2500	0		2	
4926	49.2600	0		2	
4927	49.2700	0		2	
4928	49.2800	0		2	
4929	49.2900	0		2	
4930	49.3000	0		2	
4931	49.3100	0		2	
4932	49.3200	0		2	
4933	49.3300	0		2	
4934	49.3400	0		2	
4935	49.3500	0		2	
4936	49.3600	0		2	
4937	49.3700	0		2	
4938	49.3800	0		2	
4939	49.3900	0		2	
4940	49.4000	0		2	
4941	49.4100	0		2	
4942	49.4200	0		2	
4943	49.4300	0		2	
4944	49.4400	0		2	
4945	49.4500	0		2	
4946	49.4600	0		2	
4947	49.4700	0		2	
4948	49.4800	0		2	
4949	49.4900	0		2	
4950	49.5000	0		2	
4951	49.5100	0		2	
4952	49.5200	0		2	
4953	49.5300	0		2	
4954	49.5400	0		2	
4955	49.5500	0		2	
4956	49.5600	0		2	
4957	49.5700	0		2	
4958	49.5800	0		2	
4959	49.5900	0		2	
4960	49.6000	0		2	
4961	49.6100	0		2	
4962	49.6200	0		2	
4963	49.6300	0		2	
4964	49.6400	0		2	
4965	49.6500	0		2	
4966	49.6600	0		2	
4967	49.6700	0		2	
4968	49.6800	0		2	
4969	49.6900	0		2	
4970	49.7000	0		2	
4971	49.7100	0		2	
4972	49.7200	0		2	
4973	49.7300	0		2	
4974	49.7400	0		2	
4975	49.7500	0		2	
4976	49.7600	0		2	
4977	49.7700	0		2	
4978	49.7800	0		2	
4979	49.7900	0		2	
4980	49.8000	0		2	
4981	49.8100	0		2	
4982	49.8200	0		2	
4983	49.8300	0		2	
4984	49.8400	0		2	
4985	49.8500	0		2	
4986	49.8600	0		2	
4987	49.8700	0		2	
4988	49.8800	0		2	
4989	49.8900	0		2	
4990	49.9000	0		2	
4991	49.9100	0		2	
4992	49.9200	0		2	
4993	49.9300	0		2	
4994	49.9400	0		2	
4995	49.9500	0		2	
4996	49.9600	0		2	
4997	49.9700	0		2	
4998	49.9800	0		2	
4999	49.9900	0		2	
5000	50.0000	0		2	
