#	time(s)	count A	count B	count C	count D
1	0.0100	104		102	
2	0.0200	104		102	
3	0.0300	104		102	
4	0.0400	104		102	
5	0.0500	104		102	
6	0.0600	104		102	
7	0.0700	104		101	
8	0.0800	103		101	
9	0.0900	103		100	
10	0.1000	102		99	
11	0.1100	102		98	
12	0.1200	100		97	
13	0.1300	100		96	
14	0.1400	98		94	
15	0.1500	96		92	
16	0.1600	95		90	
17	0.1700	93		89	
18	0.1800	91		86	
19	0.1900	89		84	
20	0.2000	86		82	
21	0.2100	84		79	
22	0.2200	81		76	
23	0.2300	78		73	
24	0.2400	76		70	
25	0.2500	72		67	
26	0.2600	69		64	
27	0.2700	66		61	
28	0.2800	63		58	
29	0.2900	59		54	
30	0.3000	56		50	
31	0.3100	52		47	
32	0.3200	48		43	
33	0.3300	44		39	
34	0.3400	40		35	
35	0.3500	37		32	
36	0.3600	33		28	
37	0.3700	29		24	
38	0.3800	25		20	
39	0.3900	21		16	
40	0.4000	17		12	
41	0.4100	12		8	
42	0.4200	8		4	
43	0.4300	4		0	
44	0.4400	0		-4	
45	0.4500	-4		-8	
46	0.4600	-7		-12	
47	0.4700	-11		-16	
48	0.4800	-15		-20	
49	0.4900	-19		-24	
50	0.5000	-23		-28	
51	0.5100	-26		-32	
52	0.5200	-30		-35	
53	0.5300	-34		-39	
54	0.5400	-37		-42	
55	0.5500	-39		-45	
56	0.5600	-42		-49	
57	0.5700	-46		-52	
58	0.5800	-49		-55	
59	0.5900	-52		-58	
60	0.6000	-55		-61	
61	0.6100	-58		-63	
62	0.6200	-60		-66	
63	0.6300	-62		-68	
64	0.6400	-65		-70	
65	0.6500	-67		-73	
66	0.6600	-69		-74	
67	0.6700	-71		-76	
68	0.6800	-73		-78	
69	0.6900	-74		-80	
70	0.7000	-76		-81	
71	0.7100	-77		-82	
72	0.7200	-78		-83	
73	0.7300	-80		-84	
74	0.7400	-80		-85	
75	0.7500	-81		-85	
76	0.7600	-82		-86	
77	0.7700	-82		-86	
78	0.7800	-82		-86	
79	0.7900	-82		-86	
80	0.8000	-82		-86	
81	0.8100	-82		-85	
82	0.8200	-82		-84	
83	0.8300	-82		-84	
84	0.8400	-81		-83	
85	0.8500	-80		-82	
86	0.8600	-79		-80	
87	0.8700	-78		-79	
88	0.8800	-77		-78	
89	0.8900	-76		-76	
90	0.9000	-74		-74	
91	0.9100	-73		-72	
92	0.9200	-71		-70	
93	0.9300	-69		-68	
94	0.9400	-67		-66	
95	0.9500	-65		-63	
96	0.9600	-63		-61	
97	0.9700	-61		-58	
98	0.9800	-58		-56	
99	0.9900	-56		-53	
100	1.0000	-54		-50	
101	1.0100	-51		-47	
102	1.0200	-48		-44	
103	1.0300	-46		-41	
104	1.0400	-42		-38	
105	1.0500	-40		-34	
106	1.0600	-38		-31	
107	1.0700	-35		-28	
108	1.0800	-32		-24	
109	1.0900	-29		-21	
110	1.1000	-26		-18	
111	1.1100	-22		-14	
112	1.1200	-19		-11	
113	1.1300	-16		-7	
114	1.1400	-13		-4	
115	1.1500	-10		-1	
116	1.1600	-6		3	
117	1.1700	-3		6	
118	1.1800	0		9	
119	1.1900	3		13	
120	1.2000	6		16	
121	1.2100	10		19	
122	1.2200	13		22	
123	1.2300	16		25	
124	1.2400	19		28	
125	1.2500	22		31	
126	1.2600	25		34	
127	1.2700	28		37	
128	1.2800	30		40	
129	1.2900	33		42	
130	1.3000	36		44	
131	1.3100	38		47	
132	1.3200	41		49	
133	1.3300	44		51	
134	1.3400	46		53	
135	1.3500	48		55	
136	1.3600	50		57	
137	1.3700	52		59	
138	1.3800	54		60	
139	1.3900	56		62	
140	1.4000	58		63	
141	1.4100	59		65	
142	1.4200	61		66	
143	1.4300	62		67	
144	1.4400	64		68	
145	1.4500	64		68	
146	1.4600	66		69	
147	1.4700	66		69	
148	1.4800	67		70	
149	1.4900	68		70	
150	1.5000	68		70	
151	1.5100	69		70	
152	1.5200	69		70	
153	1.5300	69		69	
154	1.5400	69		69	
155	1.5500	69		68	
156	1.5600	69		68	
157	1.5700	68		67	
158	1.5800	68		66	
159	1.5900	67		65	
160	1.6000	66		64	
161	1.6100	65		62	
162	1.6200	64		61	
163	1.6300	63		60	
164	1.6400	62		58	
165	1.6500	60		56	
166	1.6600	59		55	
167	1.6700	58		53	
168	1.6800	56		51	
169	1.6900	54		49	
170	1.7000	52		47	
171	1.7100	50		45	
172	1.7200	48		42	
173	1.7300	46		40	
174	1.7400	44		38	
175	1.7500	42		36	
176	1.7600	39		33	
177	1.7700	37		31	
178	1.7800	34		28	
179	1.7900	32		26	
180	1.8000	29		23	
181	1.8100	26		20	
182	1.8200	24		18	
183	1.8300	21		15	
184	1.8400	18		12	
185	1.8500	16		10	
186	1.8600	13		7	
187	1.8700	10		4	
188	1.8800	8		2	
189	1.8900	4		-1	
190	1.9000	2		-4	
191	1.9100	-1		-6	
192	1.9200	-4		-9	
193	1.9300	-6		-11	
194	1.9400	-9		-14	
195	1.9500	-12		-16	
196	1.9600	-14		-19	
197	1.9700	-17		-21	
198	1.9800	-20		-24	
199	1.9900	-22		-26	
200	2.0000	-24		-28	
201	2.0100	-27		-30	
202	2.0200	-29		-32	
203	2.0300	-32		-34	
204	2.0400	-34		-36	
205	2.0500	-36		-38	
206	2.0600	-38		-40	
207	2.0700	-39		-42	
208	2.0800	-41		-44	
209	2.0900	-42		-45	
210	2.1000	-44		-46	
211	2.1100	-46		-48	
212	2.1200	-47		-49	
213	2.1300	-48		-50	
214	2.1400	-50		-51	
215	2.1500	-51		-52	
216	2.1600	-52		-53	
217	2.1700	-53		-54	
218	2.1800	-54		-55	
219	2.1900	-55		-55	
220	2.2000	-55		-56	
221	2.2100	-56		-56	
222	2.2200	-56		-56	
223	2.2300	-57		-57	
224	2.2400	-57		-57	
225	2.2500	-57		-57	
226	2.2600	-57		-57	
227	2.2700	-57		-56	
228	2.2800	-57		-56	
229	2.2900	-56		-56	
230	2.3000	-56		-55	
231	2.3100	-56		-54	
232	2.3200	-55		-54	
233	2.3300	-54		-53	
234	2.3400	-53		-52	
235	2.3500	-52		-51	
236	2.3600	-51		-50	
237	2.3700	-50		-49	
238	2.3800	-49		-47	
239	2.3900	-48		-46	
240	2.4000	-46		-44	
241	2.4100	-45		-43	
242	2.4200	-43		-41	
243	2.4300	-42		-40	
244	2.4400	-40		-38	
245	2.4500	-39		-36	
246	2.4600	-38		-34	
247	2.4700	-36		-32	
248	2.4800	-34		-30	
249	2.4900	-32		-28	
250	2.5000	-30		-26	
251	2.5100	-28		-24	
252	2.5200	-26		-22	
253	2.5300	-24		-20	
254	2.5400	-22		-18	
255	2.5500	-20		-16	
256	2.5600	-18		-13	
257	2.5700	-15		-11	
258	2.5800	-13		-9	
259	2.5900	-11		-7	
260	2.6000	-8		-4	
261	2.6100	-6		-2	
262	2.6200	-4		0	
263	2.6300	-2		2	
264	2.6400	0		5	
265	2.6500	2		7	
266	2.6600	5		9	
267	2.6700	7		11	
268	2.6800	9		13	
269	2.6900	11		16	
270	2.7000	13		18	
271	2.7100	15		20	
272	2.7200	17		22	
273	2.7300	19		24	
274	2.7400	21		25	
275	2.7500	23		27	
276	2.7600	24		29	
277	2.7700	26		31	
278	2.7800	28		32	
279	2.7900	30		34	
280	2.8000	31		35	
281	2.8100	32		37	
282	2.8200	34		38	
283	2.8300	35		39	
284	2.8400	36		40	
285	2.8500	38		42	
286	2.8600	39		43	
287	2.8700	40		44	
288	2.8800	41		44	
289	2.8900	42		45	
290	2.9000	42		46	
291	2.9100	43		46	
292	2.9200	44		47	
293	2.9300	44		47	
294	2.9400	45		48	
295	2.9500	45		48	
296	2.9600	46		48	
297	2.9700	46		48	
298	2.9800	46		48	
299	2.9900	46		48	
300	3.0000	46		47	
301	3.0100	46		47	
302	3.0200	46		47	
303	3.0300	45		46	
304	3.0400	45		46	
305	3.0500	44		45	
306	3.0600	44		44	
307	3.0700	43		43	
308	3.0800	42		42	
309	3.0900	42		41	
310	3.1000	41		40	
311	3.1100	40		39	
312	3.1200	39		38	
313	3.1300	38		37	
314	3.1400	37		36	
315	3.1500	36		34	
316	3.1600	35		33	
317	3.1700	33		31	
318	3.1800	32		30	
319	3.1900	30		28	
320	3.2000	29		26	
321	3.2100	28		25	
322	3.2200	26		23	
323	3.2300	24		21	
324	3.2400	23		20	
325	3.2500	21		18	
326	3.2600	20		16	
327	3.2700	18		14	
328	3.2800	16		12	
329	3.2900	14		10	
330	3.3000	13		8	
331	3.3100	11		7	
332	3.3200	9		5	
333	3.3300	7		3	
334	3.3400	5		1	
335	3.3500	4		-1	
336	3.3600	2		-3	
337	3.3700	0		-4	
338	3.3800	-2		-6	
339	3.3900	-4		-8	
340	3.4000	-6		-10	
341	3.4100	-8		-12	
342	3.4200	-9		-13	
343	3.4300	-11		-15	
344	3.4400	-13		-16	
345	3.4500	-14		-18	
346	3.4600	-16		-20	
347	3.4700	-18		-21	
348	3.4800	-19		-23	
349	3.4900	-21		-24	
350	3.5000	-22		-25	
351	3.5100	-24		-26	
352	3.5200	-25		-28	
353	3.5300	-26		-29	
354	3.5400	-28		-30	
355	3.5500	-29		-31	
356	3.5600	-30		-32	
357	3.5700	-31		-33	
358	3.5800	-32		-34	
359	3.5900	-33		-35	
360	3.6000	-34		-35	
361	3.6100	-35		-36	
362	3.6200	-36		-36	
363	3.6300	-36		-37	
364	3.6400	-37		-37	
365	3.6500	-38		-38	
366	3.6600	-38		-38	
367	3.6700	-39		-38	
368	3.6800	-39		-38	
369	3.6900	-39		-38	
370	3.7000	-39		-38	
371	3.7100	-39		-38	
372	3.7200	-39		-38	
373	3.7300	-39		-38	
374	3.7400	-39		-38	
375	3.7500	-39		-37	
376	3.7600	-39		-37	
377	3.7700	-39		-36	
378	3.7800	-38		-36	
379	3.7900	-38		-35	
380	3.8000	-37		-35	
381	3.8100	-37		-34	
382	3.8200	-36		-33	
383	3.8300	-36		-32	
384	3.8400	-35		-32	
385	3.8500	-34		-30	
386	3.8600	-33		-30	
387	3.8700	-32		-28	
388	3.8800	-31		-27	
389	3.8900	-30		-26	
390	3.9000	-29		-25	
391	3.9100	-28		-24	
392	3.9200	-26		-23	
393	3.9300	-25		-21	
394	3.9400	-24		-20	
395	3.9500	-22		-19	
396	3.9600	-21		-17	
397	3.9700	-20		-16	
398	3.9800	-18		-14	
399	3.9900	-17		-13	
400	4.0000	-15		-12	
401	4.0100	-14		-10	
402	4.0200	-12		-9	
403	4.0300	-11		-7	
404	4.0400	-9		-6	
405	4.0500	-8		-4	
406	4.0600	-6		-3	
407	4.0700	-4		-1	
408	4.0800	-3		0	
409	4.0900	-2		2	
410	4.1000	0		3	
411	4.1100	2		5	
412	4.1200	3		6	
413	4.1300	4		8	
414	4.1400	6		9	
415	4.1500	8		10	
416	4.1600	9		12	
417	4.1700	10		13	
418	4.1800	12		14	
419	4.1900	13		16	
420	4.2000	14		17	
421	4.2100	16		18	
422	4.2200	17		19	
423	4.2300	18		20	
424	4.2400	19		22	
425	4.2500	20		22	
426	4.2600	21		24	
427	4.2700	22		24	
428	4.2800	23		25	
429	4.2900	24		26	
430	4.3000	25		27	
431	4.3100	26		28	
432	4.3200	26		28	
433	4.3300	27		29	
434	4.3400	28		30	
435	4.3500	28		30	
436	4.3600	29		30	
437	4.3700	30		31	
438	4.3800	30		31	
439	4.3900	30		32	
440	4.4000	30		32	
441	4.4100	31		32	
442	4.4200	31		32	
443	4.4300	31		32	
444	4.4400	31		32	
445	4.4500	31		32	
446	4.4600	31		32	
447	4.4700	31		32	
448	4.4800	31		31	
449	4.4900	30		31	
450	4.5000	30		31	
451	4.5100	30		30	
452	4.5200	30		30	
453	4.5300	29		29	
454	4.5400	28		29	
455	4.5500	28		28	
456	4.5600	27		27	
457	4.5700	26		26	
458	4.5800	26		26	
459	4.5900	25		25	
460	4.6000	24		24	
461	4.6100	24		23	
462	4.6200	23		22	
463	4.6300	22		21	
464	4.6400	21		20	
465	4.6500	20		19	
466	4.6600	19		18	
467	4.6700	18		17	
468	4.6800	17		16	
469	4.6900	16		14	
470	4.7000	14		13	
471	4.7100	14		12	
472	4.7200	12		11	
473	4.7300	11		10	
474	4.7400	10		8	
475	4.7500	9		7	
476	4.7600	8		6	
477	4.7700	6		4	
478	4.7800	5		3	
479	4.7900	4		2	
480	4.8000	3		1	
481	4.8100	2		-1	
482	4.8200	0		-2	
483	4.8300	-1		-3	
484	4.8400	-2		-4	
485	4.8500	-4		-6	
486	4.8600	-4		-7	
487	4.8700	-6		-8	
488	4.8800	-7		-9	
489	4.8900	-8		-10	
490	4.9000	-9		-12	
491	4.9100	-10		-13	
492	4.9200	-12		-14	
493	4.9300	-12		-15	
494	4.9400	-14		-16	
495	4.9500	-14		-17	
496	4.9600	-16		-18	
497	4.9700	-16		-18	
498	4.9800	-17		-19	
499	4.9900	-18		-20	
500	5.0000	-19		-21	
501	5.0100	-20		-22	
502	5.0200	-20		-22	
503	5.0300	-21		-23	
504	5.0400	-22		-24	
505	5.0500	-22		-24	
506	5.0600	-23		-24	
507	5.0700	-24		-25	
508	5.0800	-24		-25	
509	5.0900	-25		-26	
510	5.1000	-25		-26	
511	5.1100	-26		-26	
512	5.1200	-26		-26	
513	5.1300	-26		-26	
514	5.1400	-26		-26	
515	5.1500	-26		-26	
516	5.1600	-26		-26	
517	5.1700	-27		-26	
518	5.1800	-27		-26	
519	5.1900	-27		-26	
520	5.2000	-26		-26	
521	5.2100	-26		-26	
522	5.2200	-26		-25	
523	5.2300	-26		-25	
524	5.2400	-26		-24	
525	5.2500	-26		-24	
526	5.2600	-25		-24	
527	5.2700	-25		-23	
528	5.2800	-24		-22	
529	5.2900	-24		-22	
530	5.3000	-23		-21	
531	5.3100	-23		-21	
532	5.3200	-22		-20	
533	5.3300	-22		-19	
534	5.3400	-21		-18	
535	5.3500	-20		-18	
536	5.3600	-20		-17	
537	5.3700	-19		-16	
538	5.3800	-18		-15	
539	5.3900	-17		-14	
540	5.4000	-16		-13	
541	5.4100	-15		-12	
542	5.4200	-14		-11	
543	5.4300	-14		-10	
544	5.4400	-12		-9	
545	5.4500	-12		-8	
546	5.4600	-10		-7	
547	5.4700	-10		-6	
548	5.4800	-8		-5	
549	5.4900	-8		-4	
550	5.5000	-6		-3	
551	5.5100	-5		-2	
552	5.5200	-4		-1	
553	5.5300	-3		0	
554	5.5400	-2		1	
555	5.5500	-1		2	
556	5.5600	0		3	
557	5.5700	1		4	
558	5.5800	2		5	
559	5.5900	3		6	
560	5.6000	4		7	
561	5.6100	5		8	
562	5.6200	6		9	
563	5.6300	7		10	
564	5.6400	8		10	
565	5.6500	9		11	
566	5.6600	10		12	
567	5.6700	10		13	
568	5.6800	11		14	
569	5.6900	12		14	
570	5.7000	13		15	
571	5.7100	14		16	
572	5.7200	14		16	
573	5.7300	15		17	
574	5.7400	16		17	
575	5.7500	16		18	
576	5.7600	17		18	
577	5.7700	18		19	
578	5.7800	18		19	
579	5.7900	18		20	
580	5.8000	19		20	
581	5.8100	20		20	
582	5.8200	20		21	
583	5.8300	20		21	
584	5.8400	20		21	
585	5.8500	21		21	
586	5.8600	21		21	
587	5.8700	21		22	
588	5.8800	21		22	
589	5.8900	21		22	
590	5.9000	21		21	
591	5.9100	21		21	
592	5.9200	21		21	
593	5.9300	21		21	
594	5.9400	21		21	
595	5.9500	21		21	
596	5.9600	20		20	
597	5.9700	20		20	
598	5.9800	20		20	
599	5.9900	20		19	
600	6.0000	19		19	
601	6.0100	19		18	
602	6.0200	18		18	
603	6.0300	18		17	
604	6.0400	17		17	
605	6.0500	17		16	
606	6.0600	16		16	
607	6.0700	16		15	
608	6.0800	15		14	
609	6.0900	14		14	
610	6.1000	14		13	
611	6.1100	13		12	
612	6.1200	12		12	
613	6.1300	12		11	
614	6.1400	11		10	
615	6.1500	10		9	
616	6.1600	9		8	
617	6.1700	8		8	
618	6.1800	8		7	
619	6.1900	7		6	
620	6.2000	6		5	
621	6.2100	5		4	
622	6.2200	4		4	
623	6.2300	4		3	
624	6.2400	2		2	
625	6.2500	2		1	
626	6.2600	1		0	
627	6.2700	0		-1	
628	6.2800	-1		-2	
629	6.2900	-2		-2	
630	6.3000	-2		-3	
631	6.3100	-3		-4	
632	6.3200	-4		-5	
633	6.3300	-5		-6	
634	6.3400	-6		-6	
635	6.3500	-6		-7	
636	6.3600	-7		-8	
637	6.3700	-8		-9	
638	6.3800	-9		-10	
639	6.3900	-10		-10	
640	6.4000	-10		-11	
641	6.4100	-11		-12	
642	6.4200	-12		-12	
643	6.4300	-12		-13	
644	6.4400	-12		-13	
645	6.4500	-13		-14	
646	6.4600	-14		-14	
647	6.4700	-14		-15	
648	6.4800	-15		-15	
649	6.4900	-15		-16	
650	6.5000	-16		-16	
651	6.5100	-16		-16	
652	6.5200	-16		-17	
653	6.5300	-17		-17	
654	6.5400	-17		-17	
655	6.5500	-17		-18	
656	6.5600	-18		-18	
657	6.5700	-18		-18	
658	6.5800	-18		-18	
659	6.5900	-18		-18	
660	6.6000	-18		-18	
661	6.6100	-18		-18	
662	6.6200	-18		-18	
663	6.6300	-18		-18	
664	6.6400	-18		-18	
665	6.6500	-18		-18	
666	6.6600	-18		-18	
667	6.6700	-18		-18	
668	6.6800	-18		-17	
669	6.6900	-18		-17	
670	6.7000	-18		-17	
671	6.7100	-17		-16	
672	6.7200	-17		-16	
673	6.7300	-17		-16	
674	6.7400	-16		-16	
675	6.7500	-16		-15	
676	6.7600	-16		-15	
677	6.7700	-15		-14	
678	6.7800	-15		-14	
679	6.7900	-14		-13	
680	6.8000	-14		-12	
681	6.8100	-14		-12	
682	6.8200	-13		-11	
683	6.8300	-12		-11	
684	6.8400	-12		-10	
685	6.8500	-11		-10	
686	6.8600	-11		-9	
687	6.8700	-10		-8	
688	6.8800	-10		-8	
689	6.8900	-9		-7	
690	6.9000	-8		-6	
691	6.9100	-8		-6	
692	6.9200	-7		-5	
693	6.9300	-6		-4	
694	6.9400	-6		-3	
695	6.9500	-5		-3	
696	6.9600	-4		-2	
697	6.9700	-4		-1	
698	6.9800	-3		0	
699	6.9900	-2		0	
700	7.0000	-2		1	
701	7.0100	-1		2	
702	7.0200	0		2	
703	7.0300	0		3	
704	7.0400	1		4	
705	7.0500	2		4	
706	7.0600	2		5	
707	7.0700	3		6	
708	7.0800	4		6	
709	7.0900	4		7	
710	7.1000	5		7	
711	7.1100	6		8	
712	7.1200	6		8	
713	7.1300	7		9	
714	7.1400	8		10	
715	7.1500	8		10	
716	7.1600	8		10	
717	7.1700	9		11	
718	7.1800	10		11	
719	7.1900	10		12	
720	7.2000	10		12	
721	7.2100	11		12	
722	7.2200	11		13	
723	7.2300	12		13	
724	7.2400	12		13	
725	7.2500	12		14	
726	7.2600	12		14	
727	7.2700	13		14	
728	7.2800	13		14	
729	7.2900	13		14	
730	7.3000	14		14	
731	7.3100	14		14	
732	7.3200	14		15	
733	7.3300	14		15	
734	7.3400	14		15	
735	7.3500	14		15	
736	7.3600	14		14	
737	7.3700	14		14	
738	7.3800	14		14	
739	7.3900	14		14	
740	7.4000	14		14	
741	7.4100	14		14	
742	7.4200	14		14	
743	7.4300	14		14	
744	7.4400	14		13	
745	7.4500	13		13	
746	7.4600	13		13	
747	7.4700	13		12	
748	7.4800	12		12	
749	7.4900	12		12	
750	7.5000	12		11	
751	7.5100	12		11	
752	7.5200	11		10	
753	7.5300	10		10	
754	7.5400	10		10	
755	7.5500	10		9	
756	7.5600	9		9	
757	7.5700	9		8	
758	7.5800	8		8	
759	7.5900	8		7	
760	7.6000	7		7	
761	7.6100	7		6	
762	7.6200	6		6	
763	7.6300	6		5	
764	7.6400	5		4	
765	7.6500	4		4	
766	7.6600	4		3	
767	7.6700	4		3	
768	7.6800	3		2	
769	7.6900	2		2	
770	7.7000	2		1	
771	7.7100	1		0	
772	7.7200	0		0	
773	7.7300	0		-1	
774	7.7400	0		-1	
775	7.7500	-1		-2	
776	7.7600	-2		-2	
777	7.7700	-2		-3	
778	7.7800	-3		-3	
779	7.7900	-4		-4	
780	7.8000	-4		-4	
781	7.8100	-4		-5	
782	7.8200	-5		-5	
783	7.8300	-6		-6	
784	7.8400	-6		-6	
785	7.8500	-7		-7	
786	7.8600	-7		-7	
787	7.8700	-8		-8	
788	7.8800	-8		-8	
789	7.8900	-8		-8	
790	7.9000	-9		-9	
791	7.9100	-9		-9	
792	7.9200	-10		-10	
793	7.9300	-10		-10	
794	7.9400	-10		-10	
795	7.9500	-11		-10	
796	7.9600	-11		-11	
797	7.9700	-11		-11	
798	7.9800	-12		-11	
799	7.9900	-12		-11	
800	8.0000	-12		-12	
801	8.0100	-12		-12	
802	8.0200	-12		-12	
803	8.0300	-12		-12	
804	8.0400	-12		-12	
805	8.0500	-12		-12	
806	8.0600	-13		-12	
807	8.0700	-13		-12	
808	8.0800	-13		-12	
809	8.0900	-13		-12	
810	8.1000	-13		-12	
811	8.1100	-13		-12	
812	8.1200	-12		-12	
813	8.1300	-12		-12	
814	8.1400	-12		-12	
815	8.1500	-12		-12	
816	8.1600	-12		-11	
817	8.1700	-12		-11	
818	8.1800	-12		-11	
819	8.1900	-12		-11	
820	8.2000	-11		-10	
821	8.2100	-11		-10	
822	8.2200	-11		-10	
823	8.2300	-10		-10	
824	8.2400	-10		-9	
825	8.2500	-10		-9	
826	8.2600	-10		-8	
827	8.2700	-9		-8	
828	8.2800	-9		-8	
829	8.2900	-8		-7	
830	8.3000	-8		-7	
831	8.3100	-8		-6	
832	8.3200	-7		-6	
833	8.3300	-7		-6	
834	8.3400	-6		-5	
835	8.3500	-6		-5	
836	8.3600	-6		-4	
837	8.3700	-5		-4	
838	8.3800	-4		-3	
839	8.3900	-4		-3	
840	8.4000	-4		-2	
841	8.4100	-3		-2	
842	8.4200	-3		-1	
843	8.4300	-2		-1	
844	8.4400	-2		0	
845	8.4500	-1		0	
846	8.4600	-1		1	
847	8.4700	0		1	
848	8.4800	0		2	
849	8.4900	0		2	
850	8.5000	1		3	
851	8.5100	2		3	
852	8.5200	2		4	
853	8.5300	2		4	
854	8.5400	3		4	
855	8.5500	3		5	
856	8.5600	4		5	
857	8.5700	4		6	
858	8.5800	4		6	
859	8.5900	5		6	
860	8.6000	5		7	
861	8.6100	6		7	
862	8.6200	6		7	
863	8.6300	6		8	
864	8.6400	6		8	
865	8.6500	7		8	
866	8.6600	7		9	
867	8.6700	7		9	
868	8.6800	8		9	
869	8.6900	8		9	
870	8.7000	8		9	
871	8.7100	8		10	
872	8.7200	8		10	
873	8.7300	8		10	
874	8.7400	9		10	
875	8.7500	9		10	
876	8.7600	9		10	
877	8.7700	9		10	
878	8.7800	9		10	
879	8.7900	9		10	
880	8.8000	9		10	
881	8.8100	9		10	
882	8.8200	9		10	
883	8.8300	9		10	
884	8.8400	9		10	
885	8.8500	9		10	
886	8.8600	9		10	
887	8.8700	9		10	
888	8.8800	9		10	
889	8.8900	9		9	
890	8.9000	9		9	
891	8.9100	8		9	
892	8.9200	8		9	
893	8.9300	8		8	
894	8.9400	8		8	
895	8.9500	8		8	
896	8.9600	8		8	
897	8.9700	7		7	
898	8.9800	7		7	
899	8.9900	7		7	
900	9.0000	6		6	
901	9.0100	6		6	
902	9.0200	6		6	
903	9.0300	6		5	
904	9.0400	5		5	
905	9.0500	5		5	
906	9.0600	5		4	
907	9.0700	4		4	
908	9.0800	4		4	
909	9.0900	4		3	
910	9.1000	3		3	
911	9.1100	3		2	
912	9.1200	2		2	
913	9.1300	2		2	
914	9.1400	2		1	
915	9.1500	1		1	
916	9.1600	1		0	
917	9.1700	0		0	
918	9.1800	0		0	
919	9.1900	0		-1	
920	9.2000	-1		-1	
921	9.2100	-1		-2	
922	9.2200	-2		-2	
923	9.2300	-2		-2	
924	9.2400	-2		-3	
925	9.2500	-3		-3	
926	9.2600	-3		-3	
927	9.2700	-4		-4	
928	9.2800	-4		-4	
929	9.2900	-4		-4	
930	9.3000	-4		-5	
931	9.3100	-5		-5	
932	9.3200	-5		-5	
933	9.3300	-5		-6	
934	9.3400	-6		-6	
935	9.3500	-6		-6	
936	9.3600	-6		-6	
937	9.3700	-6		-6	
938	9.3800	-7		-7	
939	9.3900	-7		-7	
940	9.4000	-7		-7	
941	9.4100	-8		-7	
942	9.4200	-8		-7	
943	9.4300	-8		-8	
944	9.4400	-8		-8	
945	9.4500	-8		-8	
946	9.4600	-8		-8	
947	9.4700	-8		-8	
948	9.4800	-8		-8	
949	9.4900	-8		-8	
950	9.5000	-9		-8	
951	9.5100	-9		-8	
952	9.5200	-9		-8	
953	9.5300	-9		-8	
954	9.5400	-9		-8	
955	9.5500	-9		-8	
956	9.5600	-9		-8	
957	9.5700	-9		-8	
958	9.5800	-9		-8	
959	9.5900	-9		-8	
960	9.6000	-8		-8	
961	9.6100	-8		-8	
962	9.6200	-8		-7	
963	9.6300	-8		-7	
964	9.6400	-8		-7	
965	9.6500	-8		-7	
966	9.6600	-8		-7	
967	9.6700	-8		-6	
968	9.6800	-7		-6	
969	9.6900	-7		-6	
970	9.7000	-7		-6	
971	9.7100	-7		-6	
972	9.7200	-6		-5	
973	9.7300	-6		-5	
974	9.7400	-6		-5	
975	9.7500	-6		-4	
976	9.7600	-5		-4	
977	9.7700	-5		-4	
978	9.7800	-5		-4	
979	9.7900	-4		-3	
980	9.8000	-4		-3	
981	9.8100	-4		-3	
982	9.8200	-4		-2	
983	9.8300	-3		-2	
984	9.8400	-3		-2	
985	9.8500	-2		-2	
986	9.8600	-2		-1	
987	9.8700	-2		-1	
988	9.8800	-2		0	
989	9.8900	-1		0	
990	9.9000	-1		0	
991	9.9100	0		0	
992	9.9200	0		1	
993	9.9300	0		1	
994	9.9400	0		1	
995	9.9500	1		2	
996	9.9600	1		2	
997	9.9700	1		2	
998	9.9800	2		3	
999	9.9900	2		3	
1000	10.0000	2		3	
1001	10.0100	2		4	
1002	10.0200	3		4	
1003	10.0300	3		4	
1004	10.0400	3		4	
1005	10.0500	4		4	
1006	10.0600	4		5	
1007	10.0700	4		5	
1008	10.0800	4		5	
1009	10.0900	4		5	
1010	10.1000	4		6	
1011	10.1100	5		6	
1012	10.1200	5		6	
1013	10.1300	5		6	
1014	10.1400	5		6	
1015	10.1500	6		6	
1016	10.1600	6		6	
1017	10.1700	6		7	
1018	10.1800	6		7	
1019	10.1900	6		7	
1020	10.2000	6		7	
1021	10.2100	6		7	
1022	10.2200	6		7	
1023	10.2300	6		7	
1024	10.2400	6		7	
1025	10.2500	6		7	
1026	10.2600	6		7	
1027	10.2700	6		7	
1028	10.2800	6		7	
1029	10.2900	6		7	
1030	10.3000	6		7	
1031	10.3100	6		7	
1032	10.3200	6		6	
1033	10.3300	6		6	
1034	10.3400	6		6	
1035	10.3500	6		6	
1036	10.3600	6		6	
1037	10.3700	5		6	
1038	10.3800	5		6	
1039	10.3900	5		6	
1040	10.4000	5		5	
1041	10.4100	5		5	
1042	10.4200	4		5	
1043	10.4300	4		5	
1044	10.4400	4		4	
1045	10.4500	4		4	
1046	10.4600	4		4	
1047	10.4700	4		4	
1048	10.4800	3		4	
1049	10.4900	3		3	
1050	10.5000	3		3	
1051	10.5100	3		3	
1052	10.5200	2		3	
1053	10.5300	2		2	
1054	10.5400	2		2	
1055	10.5500	2		2	
1056	10.5600	2		2	
1057	10.5700	1		1	
1058	10.5800	1		1	
1059	10.5900	1		1	
1060	10.6000	0		0	
1061	10.6100	0		0	
1062	10.6200	0		0	
1063	10.6300	0		0	
1064	10.6400	-1		-1	
1065	10.6500	-1		-1	
1066	10.6600	-1		-1	
1067	10.6700	-2		-2	
1068	10.6800	-2		-2	
1069	10.6900	-2		-2	
1070	10.7000	-2		-2	
1071	10.7100	-2		-2	
1072	10.7200	-3		-3	
1073	10.7300	-3		-3	
1074	10.7400	-3		-3	
1075	10.7500	-3		-3	
1076	10.7600	-4		-4	
1077	10.7700	-4		-4	
1078	10.7800	-4		-4	
1079	10.7900	-4		-4	
1080	10.8000	-4		-4	
1081	10.8100	-4		-4	
1082	10.8200	-5		-5	
1083	10.8300	-5		-5	
1084	10.8400	-5		-5	
1085	10.8500	-5		-5	
1086	10.8600	-5		-5	
1087	10.8700	-5		-5	
1088	10.8800	-6		-5	
1089	10.8900	-6		-5	
1090	10.9000	-6		-5	
1091	10.9100	-6		-5	
1092	10.9200	-6		-5	
1093	10.9300	-6		-6	
1094	10.9400	-6		-6	
1095	10.9500	-6		-6	
1096	10.9600	-6		-6	
1097	10.9700	-6		-6	
1098	10.9800	-6		-6	
1099	10.9900	-6		-5	
1100	11.0000	-6		-5	
1101	11.0100	-6		-5	
1102	11.0200	-6		-5	
1103	11.0300	-6		-5	
1104	11.0400	-6		-5	
1105	11.0500	-6		-5	
1106	11.0600	-6		-5	
1107	11.0700	-6		-5	
1108	11.0800	-6		-5	
1109	11.0900	-6		-4	
1110	11.1000	-5		-4	
1111	11.1100	-5		-4	
1112	11.1200	-5		-4	
1113	11.1300	-5		-4	
1114	11.1400	-5		-4	
1115	11.1500	-4		-4	
1116	11.1600	-4		-3	
1117	11.1700	-4		-3	
1118	11.1800	-4		-3	
1119	11.1900	-4		-3	
1120	11.2000	-4		-3	
1121	11.2100	-4		-2	
1122	11.2200	-4		-2	
1123	11.2300	-3		-2	
1124	11.2400	-3		-2	
1125	11.2500	-3		-2	
1126	11.2600	-2		-1	
1127	11.2700	-2		-1	
1128	11.2800	-2		-1	
1129	11.2900	-2		-1	
1130	11.3000	-2		0	
1131	11.3100	-2		0	
1132	11.3200	-1		0	
1133	11.3300	-1		0	
1134	11.3400	-1		0	
1135	11.3500	0		0	
1136	11.3600	0		1	
1137	11.3700	0		1	
1138	11.3800	0		1	
1139	11.3900	0		1	
1140	11.4000	1		2	
1141	11.4100	1		2	
1142	11.4200	1		2	
1143	11.4300	1		2	
1144	11.4400	2		2	
1145	11.4500	2		2	
1146	11.4600	2		3	
1147	11.4700	2		3	
1148	11.4800	2		3	
1149	11.4900	2		3	
1150	11.5000	2		3	
1151	11.5100	3		4	
1152	11.5200	3		4	
1153	11.5300	3		4	
1154	11.5400	3		4	
1155	11.5500	3		4	
1156	11.5600	4		4	
1157	11.5700	4		4	
1158	11.5800	4		4	
1159	11.5900	4		4	
1160	11.6000	4		4	
1161	11.6100	4		4	
1162	11.6200	4		4	
1163	11.6300	4		5	
1164	11.6400	4		5	
1165	11.6500	4		5	
1166	11.6600	4		5	
1167	11.6700	4		5	
1168	11.6800	4		5	
1169	11.6900	4		5	
1170	11.7000	4		5	
1171	11.7100	4		5	
1172	11.7200	4		5	
1173	11.7300	4		5	
1174	11.7400	4		4	
1175	11.7500	4		4	
1176	11.7600	4		4	
1177	11.7700	4		4	
1178	11.7800	4		4	
1179	11.7900	4		4	
1180	11.8000	4		4	
1181	11.8100	4		4	
1182	11.8200	4		4	
1183	11.8300	3		4	
1184	11.8400	3		4	
1185	11.8500	3		4	
1186	11.8600	3		3	
1187	11.8700	3		3	
1188	11.8800	3		3	
1189	11.8900	2		3	
1190	11.9000	2		3	
1191	11.9100	2		3	
1192	11.9200	2		2	
1193	11.9300	2		2	
1194	11.9400	2		2	
1195	11.9500	2		2	
1196	11.9600	1		2	
1197	11.9700	1		2	
1198	11.9800	1		1	
1199	11.9900	1		1	
1200	12.0000	0		1	
1201	12.0100	0		1	
1202	12.0200	0		1	
1203	12.0300	0		0	
1204	12.0400	0		0	
1205	12.0500	0		0	
1206	12.0600	0		0	
1207	12.0700	-1		0	
1208	12.0800	-1		0	
1209	12.0900	-1		-1	
1210	12.1000	-1		-1	
1211	12.1100	-2		-1	
1212	12.1200	-2		-1	
1213	12.1300	-2		-1	
1214	12.1400	-2		-2	
1215	12.1500	-2		-2	
1216	12.1600	-2		-2	
1217	12.1700	-2		-2	
1218	12.1800	-2		-2	
1219	12.1900	-3		-2	
1220	12.2000	-3		-2	
1221	12.2100	-3		-3	
1222	12.2200	-3		-3	
1223	12.2300	-3		-3	
1224	12.2400	-3		-3	
1225	12.2500	-3		-3	
1226	12.2600	-4		-3	
1227	12.2700	-4		-3	
1228	12.2800	-4		-3	
1229	12.2900	-4		-4	
1230	12.3000	-4		-4	
1231	12.3100	-4		-4	
1232	12.3200	-4		-4	
1233	12.3300	-4		-4	
1234	12.3400	-4		-4	
1235	12.3500	-4		-4	
1236	12.3600	-4		-4	
1237	12.3700	-4		-4	
1238	12.3800	-4		-4	
1239	12.3900	-4		-4	
1240	12.4000	-4		-4	
1241	12.4100	-4		-4	
1242	12.4200	-4		-4	
1243	12.4300	-4		-4	
1244	12.4400	-4		-4	
1245	12.4500	-4		-4	
1246	12.4600	-4		-4	
1247	12.4700	-4		-4	
1248	12.4800	-4		-4	
1249	12.4900	-4		-4	
1250	12.5000	-4		-3	
1251	12.5100	-4		-3	
1252	12.5200	-4		-3	
1253	12.5300	-4		-3	
1254	12.5400	-4		-3	
1255	12.5500	-4		-3	
1256	12.5600	-4		-3	
1257	12.5700	-3		-3	
1258	12.5800	-3		-2	
1259	12.5900	-3		-2	
1260	12.6000	-3		-2	
1261	12.6100	-3		-2	
1262	12.6200	-3		-2	
1263	12.6300	-3		-2	
1264	12.6400	-2		-2	
1265	12.6500	-2		-2	
1266	12.6600	-2		-1	
1267	12.6700	-2		-1	
1268	12.6800	-2		-1	
1269	12.6900	-2		-1	
1270	12.7000	-2		-1	
1271	12.7100	-2		0	
1272	12.7200	-2		0	
1273	12.7300	-1		0	
1274	12.7400	-1		0	
1275	12.7500	-1		0	
1276	12.7600	-1		0	
1277	12.7700	-1		0	
1278	12.7800	0		1	
1279	12.7900	0		1	
1280	12.8000	0		1	
1281	12.8100	0		1	
1282	12.8200	0		1	
1283	12.8300	0		1	
1284	12.8400	0		2	
1285	12.8500	0		2	
1286	12.8600	1		2	
1287	12.8700	1		2	
1288	12.8800	1		2	
1289	12.8900	1		2	
1290	12.9000	1		2	
1291	12.9100	1		2	
1292	12.9200	2		2	
1293	12.9300	2		3	
1294	12.9400	2		3	
1295	12.9500	2		3	
1296	12.9600	2		3	
1297	12.9700	2		3	
1298	12.9800	2		3	
1299	12.9900	2		3	
1300	13.0000	2		3	
1301	13.0100	2		3	
1302	13.0200	2		3	
1303	13.0300	2		3	
1304	13.0400	2		3	
1305	13.0500	3		3	
1306	13.0600	3		4	
1307	13.0700	3		4	
1308	13.0800	3		4	
1309	13.0900	3		4	
1310	13.1000	3		4	
1311	13.1100	3		4	
1312	13.1200	3		4	
1313	13.1300	3		4	
1314	13.1400	3		3	
1315	13.1500	3		3	
1316	13.1600	3		3	
1317	13.1700	3		3	
1318	13.1800	3		3	
1319	13.1900	3		3	
1320	13.2000	3		3	
1321	13.2100	3		3	
1322	13.2200	2		3	
1323	13.2300	2		3	
1324	13.2400	2		3	
1325	13.2500	2		3	
1326	13.2600	2		3	
1327	13.2700	2		3	
1328	13.2800	2		2	
1329	13.2900	2		2	
1330	13.3000	2		2	
1331	13.3100	2		2	
1332	13.3200	2		2	
1333	13.3300	2		2	
1334	13.3400	2		2	
1335	13.3500	2		2	
1336	13.3600	1		2	
1337	13.3700	1		2	
1338	13.3800	1		1	
1339	13.3900	1		1	
1340	13.4000	1		1	
1341	13.4100	1		1	
1342	13.4200	0		1	
1343	13.4300	0		1	
1344	13.4400	0		0	
1345	13.4500	0		0	
1346	13.4600	0		0	
1347	13.4700	0		0	
1348	13.4800	0		0	
1349	13.4900	0		0	
1350	13.5000	0		0	
1351	13.5100	-1		0	
1352	13.5200	-1		0	
1353	13.5300	-1		-1	
1354	13.5400	-1		-1	
1355	13.5500	-1		-1	
1356	13.5600	-1		-1	
1357	13.5700	-2		-1	
1358	13.5800	-2		-1	
1359	13.5900	-2		-1	
1360	13.6000	-2		-1	
1361	13.6100	-2		-2	
1362	13.6200	-2		-2	
1363	13.6300	-2		-2	
1364	13.6400	-2		-2	
1365	13.6500	-2		-2	
1366	13.6600	-2		-2	
1367	13.6700	-2		-2	
1368	13.6800	-2		-2	
1369	13.6900	-3		-2	
1370	13.7000	-3		-2	
1371	13.7100	-3		-2	
1372	13.7200	-3		-2	
1373	13.7300	-3		-2	
1374	13.7400	-3		-2	
1375	13.7500	-3		-2	
1376	13.7600	-3		-2	
1377	13.7700	-3		-2	
1378	13.7800	-3		-3	
1379	13.7900	-3		-3	
1380	13.8000	-3		-3	
1381	13.8100	-3		-3	
1382	13.8200	-3		-3	
1383	13.8300	-3		-3	
1384	13.8400	-3		-3	
1385	13.8500	-3		-3	
1386	13.8600	-3		-3	
1387	13.8700	-3		-2	
1388	13.8800	-3		-2	
1389	13.8900	-3		-2	
1390	13.9000	-3		-2	
1391	13.9100	-3		-2	
1392	13.9200	-3		-2	
1393	13.9300	-3		-2	
1394	13.9400	-3		-2	
1395	13.9500	-3		-2	
1396	13.9600	-3		-2	
1397	13.9700	-3		-2	
1398	13.9800	-2		-2	
1399	13.9900	-2		-2	
1400	14.0000	-2		-2	
1401	14.0100	-2		-2	
1402	14.0200	-2		-2	
1403	14.0300	-2		-2	
1404	14.0400	-2		-2	
1405	14.0500	-2		-1	
1406	14.0600	-2		-1	
1407	14.0700	-2		-1	
1408	14.0800	-2		-1	
1409	14.0900	-2		-1	
1410	14.1000	-2		-1	
1411	14.1100	-2		-1	
1412	14.1200	-1		-1	
1413	14.1300	-1		0	
1414	14.1400	-1		0	
1415	14.1500	-1		0	
1416	14.1600	-1		0	
1417	14.1700	-1		0	
1418	14.1800	-1		0	
1419	14.1900	-1		0	
1420	14.2000	0		0	
1421	14.2100	0		0	
1422	14.2200	0		0	
1423	14.2300	0		1	
1424	14.2400	0		1	
1425	14.2500	0		1	
1426	14.2600	0		1	
1427	14.2700	0		1	
1428	14.2800	0		1	
1429	14.2900	0		1	
1430	14.3000	0		1	
1431	14.3100	0		1	
1432	14.3200	1		2	
1433	14.3300	1		2	
1434	14.3400	1		2	
1435	14.3500	1		2	
1436	14.3600	1		2	
1437	14.3700	1		2	
1438	14.3800	1		2	
1439	14.3900	1		2	
1440	14.4000	1		2	
1441	14.4100	1		2	
1442	14.4200	2		2	
1443	14.4300	2		2	
1444	14.4400	2		2	
1445	14.4500	2		2	
1446	14.4600	2		2	
1447	14.4700	2		2	
1448	14.4800	2		2	
1449	14.4900	2		2	
1450	14.5000	2		2	
1451	14.5100	2		2	
1452	14.5200	2		3	
1453	14.5300	2		3	
1454	14.5400	2		3	
1455	14.5500	2		3	
1456	14.5600	2		3	
1457	14.5700	2		3	
1458	14.5800	2		3	
1459	14.5900	2		3	
1460	14.6000	2		2	
1461	14.6100	2		2	
1462	14.6200	2		2	
1463	14.6300	2		2	
1464	14.6400	2		2	
1465	14.6500	2		2	
1466	14.6600	2		2	
1467	14.6700	2		2	
1468	14.6800	2		2	
1469	14.6900	2		2	
1470	14.7000	2		2	
1471	14.7100	2		2	
1472	14.7200	2		2	
1473	14.7300	1		2	
1474	14.7400	1		2	
1475	14.7500	1		2	
1476	14.7600	1		2	
1477	14.7700	1		2	
1478	14.7800	1		1	
1479	14.7900	1		1	
1480	14.8000	1		1	
1481	14.8100	1		1	
1482	14.8200	1		1	
1483	14.8300	0		1	
1484	14.8400	0		1	
1485	14.8500	0		1	
1486	14.8600	0		1	
1487	14.8700	0		1	
1488	14.8800	0		1	
1489	14.8900	0		0	
1490	14.9000	0		0	
1491	14.9100	0		0	
1492	14.9200	0		0	
1493	14.9300	0		0	
1494	14.9400	0		0	
1495	14.9500	0		0	
1496	14.9600	0		0	
1497	14.9700	-1		0	
1498	14.9800	-1		0	
1499	14.9900	-1		0	
1500	15.0000	-1		0	
1501	15.0100	-1		-1	
1502	15.0200	-1		-1	
1503	15.0300	-1		-1	
1504	15.0400	-1		-1	
1505	15.0500	-1		-1	
1506	15.0600	-1		-1	
1507	15.0700	-2		-1	
1508	15.0800	-2		-1	
1509	15.0900	-2		-1	
1510	15.1000	-2		-1	
1511	15.1100	-2		-1	
1512	15.1200	-2		-1	
1513	15.1300	-2		-1	
1514	15.1400	-2		-1	
1515	15.1500	-2		-2	
1516	15.1600	-2		-2	
1517	15.1700	-2		-2	
1518	15.1800	-2		-2	
1519	15.1900	-2		-2	
1520	15.2000	-2		-2	
1521	15.2100	-2		-2	
1522	15.2200	-2		-2	
1523	15.2300	-2		-2	
1524	15.2400	-2		-2	
1525	15.2500	-2		-2	
1526	15.2600	-2		-2	
1527	15.2700	-2		-2	
1528	15.2800	-2		-2	
1529	15.2900	-2		-2	
1530	15.3000	-2		-2	
1531	15.3100	-2		-2	
1532	15.3200	-2		-2	
1533	15.3300	-2		-2	
1534	15.3400	-2		-2	
1535	15.3500	-2		-2	
1536	15.3600	-2		-2	
1537	15.3700	-2		-2	
1538	15.3800	-2		-2	
1539	15.3900	-2		-2	
1540	15.4000	-2		-1	
1541	15.4100	-2		-1	
1542	15.4200	-2		-1	
1543	15.4300	-2		-1	
1544	15.4400	-2		-1	
1545	15.4500	-2		-1	
1546	15.4600	-2		-1	
1547	15.4700	-2		-1	
1548	15.4800	-2		-1	
1549	15.4900	-2		-1	
1550	15.5000	-2		-1	
1551	15.5100	-2		-1	
1552	15.5200	-2		-1	
1553	15.5300	-1		-1	
1554	15.5400	-1		0	
1555	15.5500	-1		0	
1556	15.5600	-1		0	
1557	15.5700	-1		0	
1558	15.5800	-1		0	
1559	15.5900	-1		0	
1560	15.6000	-1		0	
1561	15.6100	-1		0	
1562	15.6200	-1		0	
1563	15.6300	-1		0	
1564	15.6400	0		0	
1565	15.6500	0		0	
1566	15.6600	0		0	
1567	15.6700	0		0	
1568	15.6800	0		1	
1569	15.6900	0		1	
1570	15.7000	0		1	
1571	15.7100	0		1	
1572	15.7200	0		1	
1573	15.7300	0		1	
1574	15.7400	0		1	
1575	15.7500	0		1	
1576	15.7600	0		1	
1577	15.7700	0		1	
1578	15.7800	0		1	
1579	15.7900	0		1	
1580	15.8000	0		1	
1581	15.8100	1		1	
1582	15.8200	1		1	
1583	15.8300	1		2	
1584	15.8400	1		2	
1585	15.8500	1		2	
1586	15.8600	1		2	
1587	15.8700	1		2	
1588	15.8800	1		2	
1589	15.8900	1		2	
1590	15.9000	1		2	
1591	15.9100	1		2	
1592	15.9200	1		2	
1593	15.9300	1		2	
1594	15.9400	1		2	
1595	15.9500	1		2	
1596	15.9600	1		2	
1597	15.9700	1		2	
1598	15.9800	1		2	
1599	15.9900	1		2	
1600	16.0000	1		2	
1601	16.0100	1		2	
1602	16.0200	1		2	
1603	16.0300	1		2	
1604	16.0400	1		2	
1605	16.0500	1		2	
1606	16.0600	1		2	
1607	16.0700	1		2	
1608	16.0800	1		2	
1609	16.0900	1		2	
1610	16.1000	1		2	
1611	16.1100	1		2	
1612	16.1200	1		2	
1613	16.1300	1		2	
1614	16.1400	1		2	
1615	16.1500	1		2	
1616	16.1600	1		2	
1617	16.1700	1		2	
1618	16.1800	1		2	
1619	16.1900	1		1	
1620	16.2000	1		1	
1621	16.2100	1		1	
1622	16.2200	1		1	
1623	16.2300	0		1	
1624	16.2400	0		1	
1625	16.2500	0		1	
1626	16.2600	0		1	
1627	16.2700	0		1	
1628	16.2800	0		1	
1629	16.2900	0		1	
1630	16.3000	0		1	
1631	16.3100	0		1	
1632	16.3200	0		1	
1633	16.3300	0		1	
1634	16.3400	0		1	
1635	16.3500	0		0	
1636	16.3600	0		0	
1637	16.3700	0		0	
1638	16.3800	0		0	
1639	16.3900	0		0	
1640	16.4000	0		0	
1641	16.4100	0		0	
1642	16.4200	0		0	
1643	16.4300	0		0	
1644	16.4400	-1		0	
1645	16.4500	-1		0	
1646	16.4600	-1		0	
1647	16.4700	-1		0	
1648	16.4800	-1		0	
1649	16.4900	-1		0	
1650	16.5000	-1		0	
1651	16.5100	-1		0	
1652	16.5200	-1		-1	
1653	16.5300	-1		-1	
1654	16.5400	-1		-1	
1655	16.5500	-1		-1	
1656	16.5600	-1		-1	
1657	16.5700	-1		-1	
1658	16.5800	-1		-1	
1659	16.5900	-1		-1	
1660	16.6000	-1		-1	
1661	16.6100	-1		-1	
1662	16.6200	-2		-1	
1663	16.6300	-2		-1	
1664	16.6400	-2		-1	
1665	16.6500	-2		-1	
1666	16.6600	-2		-1	
1667	16.6700	-2		-1	
1668	16.6800	-2		-1	
1669	16.6900	-2		-1	
1670	16.7000	-2		-1	
1671	16.7100	-2		-1	
1672	16.7200	-2		-1	
1673	16.7300	-2		-1	
1674	16.7400	-2		-1	
1675	16.7500	-2		-1	
1676	16.7600	-2		-1	
1677	16.7700	-2		-1	
1678	16.7800	-2		-1	
1679	16.7900	-2		-1	
1680	16.8000	-2		-1	
1681	16.8100	-2		-1	
1682	16.8200	-2		-1	
1683	16.8300	-2		-1	
1684	16.8400	-2		-1	
1685	16.8500	-2		-1	
1686	16.8600	-2		-1	
1687	16.8700	-2		-1	
1688	16.8800	-2		-1	
1689	16.8900	-2		-1	
1690	16.9000	-2		-1	
1691	16.9100	-2		-1	
1692	16.9200	-2		-1	
1693	16.9300	-2		-1	
1694	16.9400	-1		-1	
1695	16.9500	-1		-1	
1696	16.9600	-1		-1	
1697	16.9700	-1		0	
1698	16.9800	-1		0	
1699	16.9900	-1		0	
1700	17.0000	-1		0	
1701	17.0100	-1		0	
1702	17.0200	-1		0	
1703	17.0300	-1		0	
1704	17.0400	-1		0	
1705	17.0500	-1		0	
1706	17.0600	-1		0	
1707	17.0700	-1		0	
1708	17.0800	-1		0	
1709	17.0900	-1		0	
1710	17.1000	-1		0	
1711	17.1100	-1		0	
1712	17.1200	0		0	
1713	17.1300	0		0	
1714	17.1400	0		0	
1715	17.1500	0		0	
1716	17.1600	0		0	
1717	17.1700	0		1	
1718	17.1800	0		1	
1719	17.1900	0		1	
1720	17.2000	0		1	
1721	17.2100	0		1	
1722	17.2200	0		1	
1723	17.2300	0		1	
1724	17.2400	0		1	
1725	17.2500	0		1	
1726	17.2600	0		1	
1727	17.2700	0		1	
1728	17.2800	0		1	
1729	17.2900	0		1	
1730	17.3000	0		1	
1731	17.3100	0		1	
1732	17.3200	0		1	
1733	17.3300	0		1	
1734	17.3400	0		1	
1735	17.3500	0		1	
1736	17.3600	0		1	
1737	17.3700	1		1	
1738	17.3800	1		1	
1739	17.3900	1		1	
1740	17.4000	1		1	
1741	17.4100	1		1	
1742	17.4200	1		1	
1743	17.4300	1		1	
1744	17.4400	1		1	
1745	17.4500	1		1	
1746	17.4600	1		1	
1747	17.4700	1		1	
1748	17.4800	1		1	
1749	17.4900	1		1	
1750	17.5000	1		1	
1751	17.5100	1		1	
1752	17.5200	1		1	
1753	17.5300	1		1	
1754	17.5400	1		1	
1755	17.5500	1		1	
1756	17.5600	1		1	
1757	17.5700	1		1	
1758	17.5800	1		1	
1759	17.5900	1		1	
1760	17.6000	1		1	
1761	17.6100	1		1	
1762	17.6200	1		1	
1763	17.6300	1		1	
1764	17.6400	1		1	
1765	17.6500	0		1	
1766	17.6600	0		1	
1767	17.6700	0		1	
1768	17.6800	0		1	
1769	17.6900	0		1	
1770	17.7000	0		1	
1771	17.7100	0		1	
1772	17.7200	0		1	
1773	17.7300	0		1	
1774	17.7400	0		1	
1775	17.7500	0		1	
1776	17.7600	0		1	
1777	17.7700	0		1	
1778	17.7800	0		1	
1779	17.7900	0		0	
1780	17.8000	0		0	
1781	17.8100	0		0	
1782	17.8200	0		0	
1783	17.8300	0		0	
1784	17.8400	0		0	
1785	17.8500	0		0	
1786	17.8600	0		0	
1787	17.8700	0		0	
1788	17.8800	0		0	
1789	17.8900	0		0	
1790	17.9000	-1		0	
1791	17.9100	-1		0	
1792	17.9200	-1		0	
1793	17.9300	-1		0	
1794	17.9400	-1		0	
1795	17.9500	-1		0	
1796	17.9600	-1		0	
1797	17.9700	-1		0	
1798	17.9800	-1		0	
1799	17.9900	-1		0	
1800	18.0000	-1		0	
1801	18.0100	-1		0	
1802	18.0200	-1		0	
1803	18.0300	-1		-1	
1804	18.0400	-1		-1	
1805	18.0500	-1		-1	
1806	18.0600	-1		-1	
1807	18.0700	-1		-1	
1808	18.0800	-1		-1	
1809	18.0900	-1		-1	
1810	18.1000	-1		-1	
1811	18.1100	-1		-1	
1812	18.1200	-1		-1	
1813	18.1300	-1		-1	
1814	18.1400	-1		-1	
1815	18.1500	-1		-1	
1816	18.1600	-1		-1	
1817	18.1700	-1		-1	
1818	18.1800	-1		-1	
1819	18.1900	-1		-1	
1820	18.2000	-1		-1	
1821	18.2100	-1		-1	
1822	18.2200	-1		-1	
1823	18.2300	-1		-1	
1824	18.2400	-1		-1	
1825	18.2500	-1		-1	
1826	18.2600	-1		-1	
1827	18.2700	-1		-1	
1828	18.2800	-1		-1	
1829	18.2900	-1		-1	
1830	18.3000	-1		-1	
1831	18.3100	-1		-1	
1832	18.3200	-1		-1	
1833	18.3300	-1		-1	
1834	18.3400	-1		-1	
1835	18.3500	-1		-1	
1836	18.3600	-1		-1	
1837	18.3700	-1		-1	
1838	18.3800	-1		-1	
1839	18.3900	-1		-1	
1840	18.4000	-1		0	
1841	18.4100	-1		0	
1842	18.4200	-1		0	
1843	18.4300	-1		0	
1844	18.4400	-1		0	
1845	18.4500	-1		0	
1846	18.4600	-1		0	
1847	18.4700	-1		0	
1848	18.4800	-1		0	
1849	18.4900	-1		0	
1850	18.5000	-1		0	
1851	18.5100	-1		0	
1852	18.5200	-1		0	
1853	18.5300	-1		0	
1854	18.5400	-1		0	
1855	18.5500	0		0	
1856	18.5600	0		0	
1857	18.5700	0		0	
1858	18.5800	0		0	
1859	18.5900	0		0	
1860	18.6000	0		0	
1861	18.6100	0		0	
1862	18.6200	0		0	
1863	18.6300	0		0	
1864	18.6400	0		1	
1865	18.6500	0		1	
1866	18.6600	0		1	
1867	18.6700	0		1	
1868	18.6800	0		1	
1869	18.6900	0		1	
1870	18.7000	0		1	
1871	18.7100	0		1	
1872	18.7200	0		1	
1873	18.7300	0		1	
1874	18.7400	0		1	
1875	18.7500	0		1	
1876	18.7600	0		1	
1877	18.7700	0		1	
1878	18.7800	0		1	
1879	18.7900	0		1	
1880	18.8000	0		1	
1881	18.8100	0		1	
1882	18.8200	0		1	
1883	18.8300	0		1	
1884	18.8400	0		1	
1885	18.8500	0		1	
1886	18.8600	0		1	
1887	18.8700	0		1	
1888	18.8800	0		1	
1889	18.8900	0		1	
1890	18.9000	0		1	
1891	18.9100	0		1	
1892	18.9200	0		1	
1893	18.9300	1		1	
1894	18.9400	1		1	
1895	18.9500	1		1	
1896	18.9600	1		1	
1897	18.9700	1		1	
1898	18.9800	1		1	
1899	18.9900	1		1	
1900	19.0000	1		1	
1901	19.0100	1		1	
1902	19.0200	1		1	
1903	19.0300	1		1	
1904	19.0400	0		1	
1905	19.0500	0		1	
1906	19.0600	0		1	
1907	19.0700	0		1	
1908	19.0800	0		1	
1909	19.0900	0		1	
1910	19.1000	0		1	
1911	19.1100	0		1	
1912	19.1200	0		1	
1913	19.1300	0		1	
1914	19.1400	0		1	
1915	19.1500	0		1	
1916	19.1600	0		1	
1917	19.1700	0		1	
1918	19.1800	0		1	
1919	19.1900	0		1	
1920	19.2000	0		0	
1921	19.2100	0		0	
1922	19.2200	0		0	
1923	19.2300	0		0	
1924	19.2400	0		0	
1925	19.2500	0		0	
1926	19.2600	0		0	
1927	19.2700	0		0	
1928	19.2800	0		0	
1929	19.2900	0		0	
1930	19.3000	0		0	
1931	19.3100	0		0	
1932	19.3200	0		0	
1933	19.3300	0		0	
1934	19.3400	0		0	
1935	19.3500	0		0	
1936	19.3600	0		0	
1937	19.3700	-1		0	
1938	19.3800	-1		0	
1939	19.3900	-1		0	
1940	19.4000	-1		0	
1941	19.4100	-1		0	
1942	19.4200	-1		0	
1943	19.4300	-1		0	
1944	19.4400	-1		0	
1945	19.4500	-1		0	
1946	19.4600	-1		0	
1947	19.4700	-1		0	
1948	19.4800	-1		0	
1949	19.4900	-1		0	
1950	19.5000	-1		0	
1951	19.5100	-1		0	
1952	19.5200	-1		0	
1953	19.5300	-1		0	
1954	19.5400	-1		0	
1955	19.5500	-1		0	
1956	19.5600	-1		0	
1957	19.5700	-1		0	
1958	19.5800	-1		0	
1959	19.5900	-1		0	
1960	19.6000	-1		-1	
1961	19.6100	-1		-1	
1962	19.6200	-1		-1	
1963	19.6300	-1		-1	
1964	19.6400	-1		-1	
1965	19.6500	-1		-1	
1966	19.6600	-1		-1	
1967	19.6700	-1		-1	
1968	19.6800	-1		-1	
1969	19.6900	-1		-1	
1970	19.7000	-1		-1	
1971	19.7100	-1		-1	
1972	19.7200	-1		-1	
1973	19.7300	-1		-1	
1974	19.7400	-1		-1	
1975	19.7500	-1		-1	
1976	19.7600	-1		-1	
1977	19.7700	-1		-1	
1978	19.7800	-1		-1	
1979	19.7900	-1		-1	
1980	19.8000	-1		-1	
1981	19.8100	-1		-1	
1982	19.8200	-1		-1	
1983	19.8300	-1		-1	
1984	19.8400	-1		-1	
1985	19.8500	-1		0	
1986	19.8600	-1		0	
1987	19.8700	-1		0	
1988	19.8800	-1		0	
1989	19.8900	-1		0	
1990	19.9000	-1		0	
1991	19.9100	-1		0	
1992	19.9200	-1		0	
1993	19.9300	-1		0	
1994	19.9400	-1		0	
1995	19.9500	-1		0	
1996	19.9600	-1		0	
1997	19.9700	-1		0	
1998	19.9800	-1		0	
1999	19.9900	-1		0	
2000	20.0000	-1		0	
2001	20.0100	-1		0	
2002	20.0200	0		0	
2003	20.0300	0		0	
2004	20.0400	0		0	
2005	20.0500	0		0	
2006	20.0600	0		0	
2007	20.0700	0		0	
2008	20.0800	0		0	
2009	20.0900	0		0	
2010	20.1000	0		0	
2011	20.1100	0		0	
2012	20.1200	0		0	
2013	20.1300	0		0	
2014	20.1400	0		0	
2015	20.1500	0		0	
2016	20.1600	0		0	
2017	20.1700	0		0	
2018	20.1800	0		0	
2019	20.1900	0		0	
2020	20.2000	0		0	
2021	20.2100	0		1	
2022	20.2200	0		1	
2023	20.2300	0		1	
2024	20.2400	0		1	
2025	20.2500	0		1	
2026	20.2600	0		1	
2027	20.2700	0		1	
2028	20.2800	0		1	
2029	20.2900	0		1	
2030	20.3000	0		1	
2031	20.3100	0		1	
2032	20.3200	0		1	
2033	20.3300	0		1	
2034	20.3400	0		1	
2035	20.3500	0		1	
2036	20.3600	0		1	
2037	20.3700	0		1	
2038	20.3800	0		1	
2039	20.3900	0		1	
2040	20.4000	0		1	
2041	20.4100	0		1	
2042	20.4200	0		1	
2043	20.4300	0		1	
2044	20.4400	0		1	
2045	20.4500	0		1	
2046	20.4600	0		1	
2047	20.4700	0		1	
2048	20.4800	0		1	
2049	20.4900	0		1	
2050	20.5000	0		1	
2051	20.5100	0		1	
2052	20.5200	0		1	
2053	20.5300	0		1	
2054	20.5400	0		1	
2055	20.5500	0		1	
2056	20.5600	0		1	
2057	20.5700	0		1	
2058	20.5800	0		1	
2059	20.5900	0		1	
2060	20.6000	0		1	
2061	20.6100	0		1	
2062	20.6200	0		1	
2063	20.6300	0		1	
2064	20.6400	0		0	
2065	20.6500	0		0	
2066	20.6600	0		0	
2067	20.6700	0		0	
2068	20.6800	0		0	
2069	20.6900	0		0	
2070	20.7000	0		0	
2071	20.7100	0		0	
2072	20.7200	0		0	
2073	20.7300	0		0	
2074	20.7400	0		0	
2075	20.7500	0		0	
2076	20.7600	0		0	
2077	20.7700	0		0	
2078	20.7800	0		0	
2079	20.7900	0		0	
2080	20.8000	0		0	
2081	20.8100	0		0	
2082	20.8200	0		0	
2083	20.8300	0		0	
2084	20.8400	0		0	
2085	20.8500	0		0	
2086	20.8600	0		0	
2087	20.8700	0		0	
2088	20.8800	0		0	
2089	20.8900	0		0	
2090	20.9000	0		0	
2091	20.9100	0		0	
2092	20.9200	0		0	
2093	20.9300	0		0	
2094	20.9400	0		0	
2095	20.9500	0		0	
2096	20.9600	0		0	
2097	20.9700	0		0	
2098	20.9800	-1		0	
2099	20.9900	-1		0	
2100	21.0000	-1		0	
2101	21.0100	-1		0	
2102	21.0200	-1		0	
2103	21.0300	-1		0	
2104	21.0400	-1		0	
2105	21.0500	-1		0	
2106	21.0600	-1		0	
2107	21.0700	-1		0	
2108	21.0800	-1		0	
2109	21.0900	-1		0	
2110	21.1000	-1		0	
2111	21.1100	-1		0	
2112	21.1200	-1		0	
2113	21.1300	-1		0	
2114	21.1400	-1		0	
2115	21.1500	-1		0	
2116	21.1600	-1		0	
2117	21.1700	-1		0	
2118	21.1800	-1		0	
2119	21.1900	-1		0	
2120	21.2000	-1		0	
2121	21.2100	-1		0	
2122	21.2200	-1		0	
2123	21.2300	-1		0	
2124	21.2400	-1		0	
2125	21.2500	-1		0	
2126	21.2600	-1		0	
2127	21.2700	-1		0	
2128	21.2800	-1		0	
2129	21.2900	-1		0	
2130	21.3000	-1		0	
2131	21.3100	-1		0	
2132	21.3200	-1		0	
2133	21.3300	-1		0	
2134	21.3400	-1		0	
2135	21.3500	-1		0	
2136	21.3600	-1		0	
2137	21.3700	-1		0	
2138	21.3800	-1		0	
2139	21.3900	-1		0	
2140	21.4000	-1		0	
2141	21.4100	-1		0	
2142	21.4200	-1		0	
2143	21.4300	-1		0	
2144	21.4400	-1		0	
2145	21.4500	-1		0	
2146	21.4600	-1		0	
2147	21.4700	-1		0	
2148	21.4800	-1		0	
2149	21.4900	-1		0	
2150	21.5000	0		0	
2151	21.5100	0		0	
2152	21.5200	0		0	
2153	21.5300	0		0	
2154	21.5400	0		0	
2155	21.5500	0		0	
2156	21.5600	0		0	
2157	21.5700	0		0	
2158	21.5800	0		0	
2159	21.5900	0		0	
2160	21.6000	0		0	
2161	21.6100	0		0	
2162	21.6200	0		0	
2163	21.6300	0		0	
2164	21.6400	0		0	
2165	21.6500	0		0	
2166	21.6600	0		0	
2167	21.6700	0		0	
2168	21.6800	0		0	
2169	21.6900	0		0	
2170	21.7000	0		0	
2171	21.7100	0		0	
2172	21.7200	0		0	
2173	21.7300	0		0	
2174	21.7400	0		0	
2175	21.7500	0		0	
2176	21.7600	0		0	
2177	21.7700	0		1	
2178	21.7800	0		1	
2179	21.7900	0		1	
2180	21.8000	0		1	
2181	21.8100	0		1	
2182	21.8200	0		1	
2183	21.8300	0		1	
2184	21.8400	0		1	
2185	21.8500	0		1	
2186	21.8600	0		1	
2187	21.8700	0		1	
2188	21.8800	0		1	
2189	21.8900	0		1	
2190	21.9000	0		1	
2191	21.9100	0		1	
2192	21.9200	0		1	
2193	21.9300	0		1	
2194	21.9400	0		1	
2195	21.9500	0		1	
2196	21.9600	0		1	
2197	21.9700	0		1	
2198	21.9800	0		1	
2199	21.9900	0		1	
2200	22.0000	0		1	
2201	22.0100	0		1	
2202	22.0200	0		1	
2203	22.0300	0		1	
2204	22.0400	0		1	
2205	22.0500	0		1	
2206	22.0600	0		1	
2207	22.0700	0		1	
2208	22.0800	0		1	
2209	22.0900	0		1	
2210	22.1000	0		1	
2211	22.1100	0		1	
2212	22.1200	0		1	
2213	22.1300	0		1	
2214	22.1400	0		1	
2215	22.1500	0		1	
2216	22.1600	0		1	
2217	22.1700	0		1	
2218	22.1800	0		1	
2219	22.1900	0		1	
2220	22.2000	0		0	
2221	22.2100	0		0	
2222	22.2200	0		0	
2223	22.2300	0		0	
2224	22.2400	0		0	
2225	22.2500	0		0	
2226	22.2600	0		0	
2227	22.2700	0		0	
2228	22.2800	0		0	
2229	22.2900	0		0	
2230	22.3000	0		0	
2231	22.3100	0		0	
2232	22.3200	0		0	
2233	22.3300	0		0	
2234	22.3400	0		0	
2235	22.3500	0		0	
2236	22.3600	0		0	
2237	22.3700	0		0	
2238	22.3800	0		0	
2239	22.3900	0		0	
2240	22.4000	0		0	
2241	22.4100	0		0	
2242	22.4200	0		0	
2243	22.4300	0		0	
2244	22.4400	0		0	
2245	22.4500	0		0	
2246	22.4600	0		0	
2247	22.4700	0		0	
2248	22.4800	0		0	
2249	22.4900	0		0	
2250	22.5000	0		0	
2251	22.5100	0		0	
2252	22.5200	0		0	
2253	22.5300	0		0	
2254	22.5400	0		0	
2255	22.5500	-1		0	
2256	22.5600	-1		0	
2257	22.5700	-1		0	
2258	22.5800	-1		0	
2259	22.5900	-1		0	
2260	22.6000	-1		0	
2261	22.6100	-1		0	
2262	22.6200	-1		0	
2263	22.6300	-1		0	
2264	22.6400	-1		0	
2265	22.6500	-1		0	
2266	22.6600	-1		0	
2267	22.6700	-1		0	
2268	22.6800	-1		0	
2269	22.6900	-1		0	
2270	22.7000	-1		0	
2271	22.7100	-1		0	
2272	22.7200	-1		0	
2273	22.7300	-1		0	
2274	22.7400	-1		0	
2275	22.7500	-1		0	
2276	22.7600	-1		0	
2277	22.7700	-1		0	
2278	22.7800	-1		0	
2279	22.7900	-1		0	
2280	22.8000	-1		0	
2281	22.8100	-1		0	
2282	22.8200	-1		0	
2283	22.8300	-1		0	
2284	22.8400	-1		0	
2285	22.8500	-1		0	
2286	22.8600	-1		0	
2287	22.8700	-1		0	
2288	22.8800	-1		0	
2289	22.8900	-1		0	
2290	22.9000	-1		0	
2291	22.9100	-1		0	
2292	22.9200	-1		0	
2293	22.9300	-1		0	
2294	22.9400	-1		0	
2295	22.9500	-1		0	
2296	22.9600	-1		0	
2297	22.9700	-1		0	
2298	22.9800	-1		0	
2299	22.9900	-1		0	
2300	23.0000	0		0	
2301	23.0100	0		0	
2302	23.0200	0		0	
2303	23.0300	0		0	
2304	23.0400	0		0	
2305	23.0500	0		0	
2306	23.0600	0		0	
2307	23.0700	0		0	
2308	23.0800	0		0	
2309	23.0900	0		0	
2310	23.1000	0		0	
2311	23.1100	0		0	
2312	23.1200	0		0	
2313	23.1300	0		0	
2314	23.1400	0		0	
2315	23.1500	0		0	
2316	23.1600	0		0	
2317	23.1700	0		0	
2318	23.1800	0		0	
2319	23.1900	0		0	
2320	23.2000	0		0	
2321	23.2100	0		0	
2322	23.2200	0		0	
2323	23.2300	0		0	
2324	23.2400	0		0	
2325	23.2500	0		0	
2326	23.2600	0		0	
2327	23.2700	0		0	
2328	23.2800	0		0	
2329	23.2900	0		0	
2330	23.3000	0		0	
2331	23.3100	0		0	
2332	23.3200	0		0	
2333	23.3300	0		0	
2334	23.3400	0		1	
2335	23.3500	0		1	
2336	23.3600	0		1	
2337	23.3700	0		1	
2338	23.3800	0		1	
2339	23.3900	0		1	
2340	23.4000	0		1	
2341	23.4100	0		1	
2342	23.4200	0		1	
2343	23.4300	0		1	
2344	23.4400	0		1	
2345	23.4500	0		1	
2346	23.4600	0		1	
2347	23.4700	0		1	
2348	23.4800	0		1	
2349	23.4900	0		1	
2350	23.5000	0		1	
2351	23.5100	0		1	
2352	23.5200	0		1	
2353	23.5300	0		1	
2354	23.5400	0		1	
2355	23.5500	0		1	
2356	23.5600	0		1	
2357	23.5700	0		1	
2358	23.5800	0		1	
2359	23.5900	0		1	
2360	23.6000	0		1	
2361	23.6100	0		1	
2362	23.6200	0		1	
2363	23.6300	0		1	
2364	23.6400	0		1	
2365	23.6500	0		1	
2366	23.6600	0		1	
2367	23.6700	0		0	
2368	23.6800	0		0	
2369	23.6900	0		0	
2370	23.7000	0		0	
2371	23.7100	0		0	
2372	23.7200	0		0	
2373	23.7300	0		0	
2374	23.7400	0		0	
2375	23.7500	0		0	
2376	23.7600	0		0	
2377	23.7700	0		0	
2378	23.7800	0		0	
2379	23.7900	0		0	
2380	23.8000	0		0	
2381	23.8100	0		0	
2382	23.8200	0		0	
2383	23.8300	0		0	
2384	23.8400	0		0	
2385	23.8500	0		0	
2386	23.8600	0		0	
2387	23.8700	0		0	
2388	23.8800	0		0	
2389	23.8900	0		0	
2390	23.9000	0		0	
2391	23.9100	0		0	
2392	23.9200	0		0	
2393	23.9300	0		0	
2394	23.9400	0		0	
2395	23.9500	0		0	
2396	23.9600	0		0	
2397	23.9700	0		0	
2398	23.9800	0		0	
2399	23.9900	0		0	
2400	24.0000	0		0	
2401	24.0100	0		0	
2402	24.0200	0		0	
2403	24.0300	0		0	
2404	24.0400	0		0	
2405	24.0500	0		0	
2406	24.0600	0		0	
2407	24.0700	0		0	
2408	24.0800	0		0	
2409	24.0900	0		0	
2410	24.1000	0		0	
2411	24.1100	0		0	
2412	24.1200	0		0	
2413	24.1300	0		0	
2414	24.1400	-1		0	
2415	24.1500	-1		0	
2416	24.1600	-1		0	
2417	24.1700	-1		0	
2418	24.1800	-1		0	
2419	24.1900	-1		0	
2420	24.2000	-1		0	
2421	24.2100	-1		0	
2422	24.2200	-1		0	
2423	24.2300	-1		0	
2424	24.2400	-1		0	
2425	24.2500	-1		0	
2426	24.2600	-1		0	
2427	24.2700	-1		0	
2428	24.2800	-1		0	
2429	24.2900	-1		0	
2430	24.3000	-1		0	
2431	24.3100	-1		0	
2432	24.3200	-1		0	
2433	24.3300	-1		0	
2434	24.3400	-1		0	
2435	24.3500	-1		0	
2436	24.3600	-1		0	
2437	24.3700	-1		0	
2438	24.3800	-1		0	
2439	24.3900	-1		0	
2440	24.4000	-1		0	
2441	24.4100	-1		0	
2442	24.4200	-1		0	
2443	24.4300	-1		0	
2444	24.4400	-1		0	
2445	24.4500	-1		0	
2446	24.4600	-1		0	
2447	24.4700	-1		0	
2448	24.4800	0		0	
2449	24.4900	0		0	
2450	24.5000	0		0	
2451	24.5100	0		0	
2452	24.5200	0		0	
2453	24.5300	0		0	
2454	24.5400	0		0	
2455	24.5500	0		0	
2456	24.5600	0		0	
2457	24.5700	0		0	
2458	24.5800	0		0	
2459	24.5900	0		0	
2460	24.6000	0		0	
2461	24.6100	0		0	
2462	24.6200	0		0	
2463	24.6300	0		0	
2464	24.6400	0		0	
2465	24.6500	0		0	
2466	24.6600	0		0	
2467	24.6700	0		0	
2468	24.6800	0		0	
2469	24.6900	0		0	
2470	24.7000	0		0	
2471	24.7100	0		0	
2472	24.7200	0		0	
2473	24.7300	0		0	
2474	24.7400	0		0	
2475	24.7500	0		0	
2476	24.7600	0		0	
2477	24.7700	0		0	
2478	24.7800	0		0	
2479	24.7900	0		0	
2480	24.8000	0		0	
2481	24.8100	0		0	
2482	24.8200	0		0	
2483	24.8300	0		0	
2484	24.8400	0		0	
2485	24.8500	0		0	
2486	24.8600	0		0	
2487	24.8700	0		0	
2488	24.8800	0		0	
2489	24.8900	0		0	
2490	24.9000	0		0	
2491	24.9100	0		0	
2492	24.9200	0		0	
2493	24.9300	0		0	
2494	24.9400	0		0	
2495	24.9500	0		0	
2496	24.9600	0		0	
2497	24.9700	0		0	
2498	24.9800	0		0	
2499	24.9900	0		0	
2500	25.0000	0		0	
2501	25.0100	0		0	
2502	25.0200	0		0	
2503	25.0300	0		0	
2504	25.0400	0		0	
2505	25.0500	0		0	
2506	25.0600	0		0	
2507	25.0700	0		0	
2508	25.0800	0		0	
2509	25.0900	0		0	
2510	25.1000	0		0	
2511	25.1100	0		0	
2512	25.1200	0		0	
2513	25.1300	0		0	
2514	25.1400	0		0	
2515	25.1500	0		0	
2516	25.1600	0		0	
2517	25.1700	0		0	
2518	25.1800	0		0	
2519	25.1900	0		0	
2520	25.2000	0		0	
2521	25.2100	0		0	
2522	25.2200	0		0	
2523	25.2300	0		0	
2524	25.2400	0		0	
2525	25.2500	0		0	
2526	25.2600	0		0	
2527	25.2700	0		0	
2528	25.2800	0		0	
2529	25.2900	0		0	
2530	25.3000	0		0	
2531	25.3100	0		0	
2532	25.3200	0		0	
2533	25.3300	0		0	
2534	25.3400	0		0	
2535	25.3500	0		0	
2536	25.3600	0		0	
2537	25.3700	0		0	
2538	25.3800	0		0	
2539	25.3900	0		0	
2540	25.4000	0		0	
2541	25.4100	0		0	
2542	25.4200	0		0	
2543	25.4300	0		0	
2544	25.4400	0		0	
2545	25.4500	0		0	
2546	25.4600	0		0	
2547	25.4700	0		0	
2548	25.4800	0		0	
2549	25.4900	0		0	
2550	25.5000	0		0	
2551	25.5100	0		0	
2552	25.5200	0		0	
2553	25.5300	0		0	
2554	25.5400	0		0	
2555	25.5500	0		0	
2556	25.5600	0		0	
2557	25.5700	0		0	
2558	25.5800	0		0	
2559	25.5900	0		0	
2560	25.6000	0		0	
2561	25.6100	0		0	
2562	25.6200	0		0	
2563	25.6300	0		0	
2564	25.6400	0		0	
2565	25.6500	0		0	
2566	25.6600	0		0	
2567	25.6700	0		0	
2568	25.6800	0		0	
2569	25.6900	0		0	
2570	25.7000	0		0	
2571	25.7100	0		0	
2572	25.7200	0		0	
2573	25.7300	0		0	
2574	25.7400	0		0	
2575	25.7500	0		0	
2576	25.7600	0		0	
2577	25.7700	0		0	
2578	25.7800	0		0	
2579	25.7900	0		0	
2580	25.8000	0		0	
2581	25.8100	0		0	
2582	25.8200	0		0	
2583	25.8300	0		0	
2584	25.8400	0		0	
2585	25.8500	0		0	
2586	25.8600	0		0	
2587	25.8700	0		0	
2588	25.8800	0		0	
2589	25.8900	0		0	
2590	25.9000	0		0	
2591	25.9100	0		0	
2592	25.9200	0		0	
2593	25.9300	0		0	
2594	25.9400	0		0	
2595	25.9500	0		0	
2596	25.9600	0		0	
2597	25.9700	0		0	
2598	25.9800	0		0	
2599	25.9900	0		0	
2600	26.0000	0		0	
2601	26.0100	0		0	
2602	26.0200	0		0	
2603	26.0300	0		0	
2604	26.0400	0		0	
2605	26.0500	0		0	
2606	26.0600	0		0	
2607	26.0700	0		0	
2608	26.0800	0		0	
2609	26.0900	0		0	
2610	26.1000	0		0	
2611	26.1100	0		0	
2612	26.1200	0		0	
2613	26.1300	0		0	
2614	26.1400	0		0	
2615	26.1500	0		0	
2616	26.1600	0		0	
2617	26.1700	0		0	
2618	26.1800	0		0	
2619	26.1900	0		0	
2620	26.2000	0		0	
2621	26.2100	0		0	
2622	26.2200	0		0	
2623	26.2300	0		0	
2624	26.2400	0		0	
2625	26.2500	0		0	
2626	26.2600	0		0	
2627	26.2700	0		0	
2628	26.2800	0		0	
2629	26.2900	0		0	
2630	26.3000	0		0	
2631	26.3100	0		0	
2632	26.3200	0		0	
2633	26.3300	0		0	
2634	26.3400	0		0	
2635	26.3500	0		0	
2636	26.3600	0		0	
2637	26.3700	0		0	
2638	26.3800	0		0	
2639	26.3900	0		0	
2640	26.4000	0		0	
2641	26.4100	0		0	
2642	26.4200	0		0	
2643	26.4300	0		0	
2644	26.4400	0		0	
2645	26.4500	0		0	
2646	26.4600	0		0	
2647	26.4700	0		0	
2648	26.4800	0		0	
2649	26.4900	0		0	
2650	26.5000	0		0	
2651	26.5100	0		0	
2652	26.5200	0		0	
2653	26.5300	0		0	
2654	26.5400	0		0	
2655	26.5500	0		0	
2656	26.5600	0		0	
2657	26.5700	0		0	
2658	26.5800	0		0	
2659	26.5900	0		0	
2660	26.6000	0		0	
2661	26.6100	0		0	
2662	26.6200	0		0	
2663	26.6300	0		0	
2664	26.6400	0		0	
2665	26.6500	0		0	
2666	26.6600	0		0	
2667	26.6700	0		0	
2668	26.6800	0		0	
2669	26.6900	0		0	
2670	26.7000	0		0	
2671	26.7100	0		0	
2672	26.7200	0		0	
2673	26.7300	0		0	
2674	26.7400	0		0	
2675	26.7500	0		0	
2676	26.7600	0		0	
2677	26.7700	0		0	
2678	26.7800	0		0	
2679	26.7900	0		0	
2680	26.8000	0		0	
2681	26.8100	0		0	
2682	26.8200	0		0	
2683	26.8300	0		0	
2684	26.8400	0		0	
2685	26.8500	0		0	
2686	26.8600	0		0	
2687	26.8700	0		0	
2688	26.8800	0		0	
2689	26.8900	0		0	
2690	26.9000	0		0	
2691	26.9100	0		0	
2692	26.9200	0		0	
2693	26.9300	0		0	
2694	26.9400	0		0	
2695	26.9500	0		0	
2696	26.9600	0		0	
2697	26.9700	0		0	
2698	26.9800	0		0	
2699	26.9900	0		0	
2700	27.0000	0		0	
2701	27.0100	0		0	
2702	27.0200	0		0	
2703	27.0300	0		0	
2704	27.0400	-1		0	
2705	27.0500	-1		0	
2706	27.0600	-1		0	
2707	27.0700	-1		0	
2708	27.0800	-1		0	
2709	27.0900	-1		0	
2710	27.1000	-1		0	
2711	27.1100	-1		0	
2712	27.1200	-1		0	
2713	27.1300	-1		0	
2714	27.1400	-1		0	
2715	27.1500	-1		0	
2716	27.1600	-1		0	
2717	27.1700	-1		0	
2718	27.1800	-1		0	
2719	27.1900	-1		0	
2720	27.2000	-1		0	
2721	27.2100	-1		0	
2722	27.2200	-1		0	
2723	27.2300	-1		0	
2724	27.2400	-1		0	
2725	27.2500	-1		0	
2726	27.2600	-1		0	
2727	27.2700	-1		0	
2728	27.2800	-1		0	
2729	27.2900	-1		0	
2730	27.3000	-1		0	
2731	27.3100	-1		0	
2732	27.3200	-1		0	
2733	27.3300	-1		0	
2734	27.3400	-1		0	
2735	27.3500	-1		0	
2736	27.3600	0		0	
2737	27.3700	0		0	
2738	27.3800	0		0	
2739	27.3900	0		0	
2740	27.4000	0		0	
2741	27.4100	0		0	
2742	27.4200	0		0	
2743	27.4300	0		0	
2744	27.4400	0		0	
2745	27.4500	0		0	
2746	27.4600	0		0	
2747	27.4700	0		0	
2748	27.4800	0		0	
2749	27.4900	0		0	
2750	27.5000	0		0	
2751	27.5100	0		0	
2752	27.5200	0		0	
2753	27.5300	0		0	
2754	27.5400	0		0	
2755	27.5500	0		0	
2756	27.5600	0		0	
2757	27.5700	0		0	
2758	27.5800	0		0	
2759	27.5900	0		0	
2760	27.6000	0		0	
2761	27.6100	0		0	
2762	27.6200	0		0	
2763	27.6300	0		0	
2764	27.6400	0		0	
2765	27.6500	0		0	
2766	27.6600	0		0	
2767	27.6700	0		0	
2768	27.6800	0		0	
2769	27.6900	0		0	
2770	27.7000	0		0	
2771	27.7100	0		0	
2772	27.7200	0		0	
2773	27.7300	0		0	
2774	27.7400	0		0	
2775	27.7500	0		0	
2776	27.7600	0		0	
2777	27.7700	0		0	
2778	27.7800	0		0	
2779	27.7900	0		0	
2780	27.8000	0		0	
2781	27.8100	0		0	
2782	27.8200	0		0	
2783	27.8300	0		0	
2784	27.8400	0		0	
2785	27.8500	0		0	
2786	27.8600	0		0	
2787	27.8700	0		0	
2788	27.8800	0		0	
2789	27.8900	0		0	
2790	27.9000	0		0	
2791	27.9100	0		0	
2792	27.9200	0		0	
2793	27.9300	0		0	
2794	27.9400	0		0	
2795	27.9500	0		0	
2796	27.9600	0		0	
2797	27.9700	0		0	
2798	27.9800	0		0	
2799	27.9900	0		0	
2800	28.0000	0		0	
2801	28.0100	0		0	
2802	28.0200	0		0	
2803	28.0300	0		0	
2804	28.0400	0		0	
2805	28.0500	0		0	
2806	28.0600	0		0	
2807	28.0700	0		0	
2808	28.0800	0		0	
2809	28.0900	0		0	
2810	28.1000	0		0	
2811	28.1100	0		0	
2812	28.1200	0		0	
2813	28.1300	0		0	
2814	28.1400	0		0	
2815	28.1500	0		0	
2816	28.1600	0		0	
2817	28.1700	0		0	
2818	28.1800	0		0	
2819	28.1900	0		0	
2820	28.2000	0		0	
2821	28.2100	0		0	
2822	28.2200	0		0	
2823	28.2300	0		0	
2824	28.2400	0		0	
2825	28.2500	0		0	
2826	28.2600	0		0	
2827	28.2700	0		0	
2828	28.2800	0		0	
2829	28.2900	0		0	
2830	28.3000	0		0	
2831	28.3100	0		0	
2832	28.3200	0		0	
2833	28.3300	0		0	
2834	28.3400	0		0	
2835	28.3500	0		0	
2836	28.3600	0		0	
2837	28.3700	0		0	
2838	28.3800	0		0	
2839	28.3900	0		0	
2840	28.4000	0		0	
2841	28.4100	0		0	
2842	28.4200	0		0	
2843	28.4300	0		0	
2844	28.4400	0		0	
2845	28.4500	0		0	
2846	28.4600	0		0	
2847	28.4700	0		0	
2848	28.4800	0		0	
2849	28.4900	0		0	
2850	28.5000	0		0	
2851	28.5100	0		0	
2852	28.5200	0		0	
2853	28.5300	0		0	
2854	28.5400	0		0	
2855	28.5500	0		0	
2856	28.5600	0		0	
2857	28.5700	0		0	
2858	28.5800	0		0	
2859	28.5900	0		0	
2860	28.6000	0		0	
2861	28.6100	0		0	
2862	28.6200	0		0	
2863	28.6300	0		0	
2864	28.6400	0		0	
2865	28.6500	0		0	
2866	28.6600	0		0	
2867	28.6700	0		0	
2868	28.6800	0		0	
2869	28.6900	0		0	
2870	28.7000	0		0	
2871	28.7100	0		0	
2872	28.7200	0		0	
2873	28.7300	0		0	
2874	28.7400	0		0	
2875	28.7500	0		0	
2876	28.7600	0		0	
2877	28.7700	0		0	
2878	28.7800	0		0	
2879	28.7900	0		0	
2880	28.8000	0		0	
2881	28.8100	0		0	
2882	28.8200	0		0	
2883	28.8300	0		0	
2884	28.8400	0		0	
2885	28.8500	0		0	
2886	28.8600	0		0	
2887	28.8700	0		0	
2888	28.8800	0		0	
2889	28.8900	0		0	
2890	28.9000	0		0	
2891	28.9100	0		0	
2892	28.9200	0		0	
2893	28.9300	0		0	
2894	28.9400	0		0	
2895	28.9500	0		0	
2896	28.9600	0		0	
2897	28.9700	0		0	
2898	28.9800	0		0	
2899	28.9900	0		0	
2900	29.0000	0		0	
