#	time(s)	count A	count B	count C	count D
1	0.0100	120		-118	
2	0.0200	120		-118	
3	0.0300	120		-118	
4	0.0400	120		-118	
5	0.0500	120		-118	
6	0.0600	120		-118	
7	0.0700	120		-118	
8	0.0800	120		-118	
9	0.0900	120		-118	
10	0.1000	120		-118	
11	0.1100	120		-118	
12	0.1200	120		-118	
13	0.1300	120		-118	
14	0.1400	120		-118	
15	0.1500	120		-118	
16	0.1600	120		-118	
17	0.1700	120		-118	
18	0.1800	120		-118	
19	0.1900	120		-118	
20	0.2000	120		-118	
21	0.2100	120		-118	
22	0.2200	120		-118	
23	0.2300	120		-118	
24	0.2400	120		-118	
25	0.2500	120		-118	
26	0.2600	120		-118	
27	0.2700	120		-118	
28	0.2800	120		-118	
29	0.2900	120		-118	
30	0.3000	120		-118	
31	0.3100	120		-118	
32	0.3200	120		-118	
33	0.3300	120		-118	
34	0.3400	120		-118	
35	0.3500	120		-118	
36	0.3600	120		-118	
37	0.3700	120		-118	
38	0.3800	120		-118	
39	0.3900	120		-118	
40	0.4000	120		-118	
41	0.4100	120		-118	
42	0.4200	120		-118	
43	0.4300	120		-118	
44	0.4400	120		-118	
45	0.4500	120		-108	
46	0.4600	120		-96	
47	0.4700	120		-84	
48	0.4800	113		-72	
49	0.4900	101		-58	
50	0.5000	89		-46	
51	0.5100	76		-32	
52	0.5200	62		-18	
53	0.5300	48		-5	
54	0.5400	34		9	
55	0.5500	21		22	
56	0.5600	7		36	
57	0.5700	-7		49	
58	0.5800	-21		62	
59	0.5900	-34		74	
60	0.6000	-46		86	
61	0.6100	-60		98	
62	0.6200	-72		108	
63	0.6300	-84		118	
64	0.6400	-96		121	
65	0.6500	-107		121	
66	0.6600	-117		121	
67	0.6700	-122		121	
68	0.6800	-122		121	
69	0.6900	-122		121	
70	0.7000	-122		121	
71	0.7100	-122		121	
72	0.7200	-122		121	
73	0.7300	-122		121	
74	0.7400	-122		121	
75	0.7500	-122		121	
76	0.7600	-122		121	
77	0.7700	-122		121	
78	0.7800	-122		121	
79	0.7900	-122		121	
80	0.8000	-122		121	
81	0.8100	-122		121	
82	0.8200	-122		121	
83	0.8300	-122		121	
84	0.8400	-122		121	
85	0.8500	-122		122	
86	0.8600	-122		112	
87	0.8700	-122		102	
88	0.8800	-116		91	
89	0.8900	-106		80	
90	0.9000	-96		68	
91	0.9100	-85		56	
92	0.9200	-74		44	
93	0.9300	-62		32	
94	0.9400	-50		20	
95	0.9500	-38		8	
96	0.9600	-28		-4	
97	0.9700	-15		-17	
98	0.9800	-3		-28	
99	0.9900	9		-40	
100	1.0000	21		-52	
101	1.0100	33		-63	
102	1.0200	44		-73	
103	1.0300	55		-84	
104	1.0400	66		-93	
105	1.0500	76		-102	
106	1.0600	86		-110	
107	1.0700	95		-117	
108	1.0800	104		-117	
109	1.0900	112		-117	
110	1.1000	119		-117	
111	1.1100	120		-117	
112	1.1200	120		-117	
113	1.1300	120		-117	
114	1.1400	120		-117	
115	1.1500	120		-117	
116	1.1600	120		-117	
117	1.1700	120		-117	
118	1.1800	120		-117	
119	1.1900	120		-117	
120	1.2000	120		-117	
121	1.2100	120		-117	
122	1.2200	120		-117	
123	1.2300	120		-117	
124	1.2400	120		-117	
125	1.2500	120		-112	
126	1.2600	120		-105	
127	1.2700	118		-97	
128	1.2800	111		-88	
129	1.2900	103		-79	
130	1.3000	95		-70	
131	1.3100	86		-59	
132	1.3200	77		-49	
133	1.3300	68		-38	
134	1.3400	58		-28	
135	1.3500	48		-17	
136	1.3600	37		-6	
137	1.3700	26		4	
138	1.3800	16		16	
139	1.3900	5		26	
140	1.4000	-6		37	
141	1.4100	-16		47	
142	1.4200	-27		57	
143	1.4300	-37		67	
144	1.4400	-46		76	
145	1.4500	-55		85	
146	1.4600	-64		94	
147	1.4700	-73		101	
148	1.4800	-82		108	
149	1.4900	-90		115	
150	1.5000	-97		121	
151	1.5100	-104		122	
152	1.5200	-110		122	
153	1.5300	-115		122	
154	1.5400	-120		122	
155	1.5500	-122		122	
156	1.5600	-122		122	
157	1.5700	-122		122	
158	1.5800	-122		122	
159	1.5900	-122		122	
160	1.6000	-122		122	
161	1.6100	-122		122	
162	1.6200	-122		122	
163	1.6300	-122		122	
164	1.6400	-122		122	
165	1.6500	-122		122	
166	1.6600	-118		116	
167	1.6700	-113		110	
168	1.6800	-108		103	
169	1.6900	-102		96	
170	1.7000	-95		88	
171	1.7100	-88		80	
172	1.7200	-80		71	
173	1.7300	-72		62	
174	1.7400	-63		53	
175	1.7500	-54		44	
176	1.7600	-46		34	
177	1.7700	-38		25	
178	1.7800	-28		16	
179	1.7900	-18		6	
180	1.8000	-9		-4	
181	1.8100	1		-13	
182	1.8200	10		-22	
183	1.8300	20		-32	
184	1.8400	29		-40	
185	1.8500	38		-48	
186	1.8600	47		-56	
187	1.8700	55		-64	
188	1.8800	63		-71	
189	1.8900	71		-78	
190	1.9000	78		-84	
191	1.9100	85		-89	
192	1.9200	92		-94	
193	1.9300	97		-98	
194	1.9400	102		-102	
195	1.9500	107		-105	
196	1.9600	111		-108	
197	1.9700	114		-109	
198	1.9800	117		-110	
199	1.9900	118		-110	
200	2.0000	120		-110	
201	2.0100	120		-109	
202	2.0200	120		-108	
203	2.0300	119		-105	
204	2.0400	118		-102	
205	2.0500	116		-99	
206	2.0600	113		-94	
207	2.0700	110		-90	
208	2.0800	106		-85	
209	2.0900	101		-79	
210	2.1000	96		-73	
211	2.1100	90		-66	
212	2.1200	84		-59	
213	2.1300	78		-52	
214	2.1400	70		-44	
215	2.1500	63		-37	
216	2.1600	56		-29	
217	2.1700	48		-21	
218	2.1800	40		-12	
219	2.1900	31		-4	
220	2.2000	23		4	
221	2.2100	14		12	
222	2.2200	6		20	
223	2.2300	-3		29	
224	2.2400	-12		36	
225	2.2500	-20		44	
226	2.2600	-28		52	
227	2.2700	-36		59	
228	2.2800	-43		66	
229	2.2900	-50		72	
230	2.3000	-58		78	
231	2.3100	-64		84	
232	2.3200	-71		89	
233	2.3300	-77		93	
234	2.3400	-82		98	
235	2.3500	-87		101	
236	2.3600	-92		104	
237	2.3700	-96		106	
238	2.3800	-99		108	
239	2.3900	-102		109	
240	2.4000	-104		110	
241	2.4100	-106		110	
242	2.4200	-106		109	
243	2.4300	-107		108	
244	2.4400	-107		106	
245	2.4500	-106		104	
246	2.4600	-104		101	
247	2.4700	-102		98	
248	2.4800	-100		94	
249	2.4900	-96		89	
250	2.5000	-93		84	
251	2.5100	-89		79	
252	2.5200	-84		73	
253	2.5300	-79		67	
254	2.5400	-74		61	
255	2.5500	-68		54	
256	2.5600	-62		47	
257	2.5700	-55		40	
258	2.5800	-48		33	
259	2.5900	-41		25	
260	2.6000	-35		18	
261	2.6100	-27		10	
262	2.6200	-20		3	
263	2.6300	-12		-4	
264	2.6400	-5		-12	
265	2.6500	2		-19	
266	2.6600	10		-26	
267	2.6700	17		-32	
268	2.6800	24		-39	
269	2.6900	32		-46	
270	2.7000	38		-51	
271	2.7100	45		-57	
272	2.7200	51		-62	
273	2.7300	57		-67	
274	2.7400	62		-71	
275	2.7500	68		-75	
276	2.7600	72		-78	
277	2.7700	76		-81	
278	2.7800	80		-83	
279	2.7900	83		-85	
280	2.8000	86		-86	
281	2.8100	88		-86	
282	2.8200	90		-87	
283	2.8300	92		-86	
284	2.8400	92		-86	
285	2.8500	92		-84	
286	2.8600	92		-82	
287	2.8700	91		-80	
288	2.8800	90		-77	
289	2.8900	88		-73	
290	2.9000	85		-70	
291	2.9100	82		-65	
292	2.9200	78		-60	
293	2.9300	75		-56	
294	2.9400	71		-50	
295	2.9500	66		-45	
296	2.9600	61		-39	
297	2.9700	56		-33	
298	2.9800	50		-27	
299	2.9900	45		-20	
300	3.0000	39		-14	
301	3.0100	32		-8	
302	3.0200	26		-1	
303	3.0300	20		6	
304	3.0400	13		12	
305	3.0500	6		19	
306	3.0600	0		26	
307	3.0700	-6		32	
308	3.0800	-13		38	
309	3.0900	-19		44	
310	3.1000	-25		50	
311	3.1100	-31		55	
312	3.1200	-37		60	
313	3.1300	-42		65	
314	3.1400	-47		70	
315	3.1500	-52		74	
316	3.1600	-56		77	
317	3.1700	-60		81	
318	3.1800	-64		84	
319	3.1900	-68		86	
320	3.2000	-71		88	
321	3.2100	-74		89	
322	3.2200	-76		90	
323	3.2300	-77		91	
324	3.2400	-78		91	
325	3.2500	-80		90	
326	3.2600	-80		90	
327	3.2700	-80		88	
328	3.2800	-79		86	
329	3.2900	-78		84	
330	3.3000	-76		82	
331	3.3100	-74		78	
332	3.3200	-72		75	
333	3.3300	-69		71	
334	3.3400	-66		67	
335	3.3500	-62		62	
336	3.3600	-58		58	
337	3.3700	-54		53	
338	3.3800	-50		48	
339	3.3900	-45		42	
340	3.4000	-40		37	
341	3.4100	-36		31	
342	3.4200	-30		25	
343	3.4300	-25		19	
344	3.4400	-19		13	
345	3.4500	-13		7	
346	3.4600	-8		1	
347	3.4700	-2		-4	
348	3.4800	4		-10	
349	3.4900	10		-16	
350	3.5000	16		-21	
351	3.5100	21		-26	
352	3.5200	26		-32	
353	3.5300	32		-36	
354	3.5400	36		-40	
355	3.5500	41		-45	
356	3.5600	46		-48	
357	3.5700	50		-52	
358	3.5800	54		-55	
359	3.5900	57		-58	
360	3.6000	60		-60	
361	3.6100	63		-62	
362	3.6200	66		-64	
363	3.6300	68		-65	
364	3.6400	69		-66	
365	3.6500	70		-66	
366	3.6600	72		-66	
367	3.6700	72		-65	
368	3.6800	72		-64	
369	3.6900	72		-62	
370	3.7000	70		-61	
371	3.7100	70		-58	
372	3.7200	68		-56	
373	3.7300	66		-53	
374	3.7400	64		-50	
375	3.7500	60		-47	
376	3.7600	58		-43	
377	3.7700	54		-39	
378	3.7800	50		-35	
379	3.7900	46		-30	
380	3.8000	42		-26	
381	3.8100	38		-21	
382	3.8200	34		-16	
383	3.8300	28		-12	
384	3.8400	24		-6	
385	3.8500	19		-2	
386	3.8600	14		4	
387	3.8700	8		9	
388	3.8800	3		14	
389	3.8900	-2		19	
390	3.9000	-7		24	
391	3.9100	-12		28	
392	3.9200	-17		33	
393	3.9300	-22		38	
394	3.9400	-27		42	
395	3.9500	-32		46	
396	3.9600	-36		50	
397	3.9700	-39		53	
398	3.9800	-42		56	
399	3.9900	-46		59	
400	4.0000	-50		62	
401	4.0100	-53		64	
402	4.0200	-56		66	
403	4.0300	-58		67	
404	4.0400	-60		68	
405	4.0500	-62		69	
406	4.0600	-63		70	
407	4.0700	-64		70	
408	4.0800	-64		70	
409	4.0900	-65		69	
410	4.1000	-64		68	
411	4.1100	-64		66	
412	4.1200	-63		65	
413	4.1300	-62		63	
414	4.1400	-60		60	
415	4.1500	-58		58	
416	4.1600	-56		55	
417	4.1700	-54		52	
418	4.1800	-51		48	
419	4.1900	-48		45	
420	4.2000	-44		41	
421	4.2100	-41		37	
422	4.2200	-38		33	
423	4.2300	-34		29	
424	4.2400	-30		24	
425	4.2500	-26		20	
426	4.2600	-21		16	
427	4.2700	-16		11	
428	4.2800	-12		6	
429	4.2900	-7		2	
430	4.3000	-3		-2	
431	4.3100	2		-7	
432	4.3200	6		-11	
433	4.3300	11		-15	
434	4.3400	16		-19	
435	4.3500	20		-23	
436	4.3600	24		-26	
437	4.3700	28		-30	
438	4.3800	32		-33	
439	4.3900	36		-36	
440	4.4000	39		-38	
441	4.4100	42		-41	
442	4.4200	45		-43	
443	4.4300	47		-44	
444	4.4400	50		-46	
445	4.4500	52		-47	
446	4.4600	54		-48	
447	4.4700	55		-48	
448	4.4800	56		-48	
449	4.4900	57		-48	
450	4.5000	57		-48	
451	4.5100	57		-47	
452	4.5200	57		-46	
453	4.5300	56		-44	
454	4.5400	56		-42	
455	4.5500	54		-40	
456	4.5600	53		-38	
457	4.5700	51		-36	
458	4.5800	49		-33	
459	4.5900	47		-30	
460	4.6000	44		-27	
461	4.6100	42		-24	
462	4.6200	38		-20	
463	4.6300	36		-17	
464	4.6400	32		-13	
465	4.6500	28		-9	
466	4.6600	24		-5	
467	4.6700	21		-1	
468	4.6800	17		3	
469	4.6900	13		6	
470	4.7000	9		10	
471	4.7100	5		14	
472	4.7200	1		18	
473	4.7300	-3		22	
474	4.7400	-7		26	
475	4.7500	-11		30	
476	4.7600	-15		33	
477	4.7700	-18		36	
478	4.7800	-22		40	
479	4.7900	-26		42	
480	4.8000	-29		45	
481	4.8100	-32		48	
482	4.8200	-35		50	
483	4.8300	-37		52	
484	4.8400	-39		53	
485	4.8500	-41		55	
486	4.8600	-43		56	
487	4.8700	-44		57	
488	4.8800	-46		58	
489	4.8900	-47		58	
490	4.9000	-48		58	
491	4.9100	-48		58	
492	4.9200	-49		57	
493	4.9300	-49		56	
494	4.9400	-48		55	
495	4.9500	-48		54	
496	4.9600	-47		52	
497	4.9700	-46		50	
498	4.9800	-44		48	
499	4.9900	-42		46	
500	5.0000	-41		44	
501	5.0100	-38		41	
502	5.0200	-37		38	
503	5.0300	-34		35	
504	5.0400	-32		32	
505	5.0500	-29		28	
506	5.0600	-26		25	
507	5.0700	-23		22	
508	5.0800	-20		18	
509	5.0900	-16		14	
510	5.1000	-13		11	
511	5.1100	-9		7	
512	5.1200	-6		4	
513	5.1300	-2		0	
514	5.1400	2		-4	
515	5.1500	5		-7	
516	5.1600	8		-10	
517	5.1700	12		-13	
518	5.1800	15		-16	
519	5.1900	18		-19	
520	5.2000	21		-22	
521	5.2100	24		-24	
522	5.2200	27		-27	
523	5.2300	30		-29	
524	5.2400	32		-31	
525	5.2500	34		-32	
526	5.2600	36		-34	
527	5.2700	38		-35	
528	5.2800	40		-36	
529	5.2900	40		-36	
530	5.3000	42		-37	
531	5.3100	42		-37	
532	5.3200	43		-37	
533	5.3300	44		-37	
534	5.3400	44		-36	
535	5.3500	43		-36	
536	5.3600	43		-34	
537	5.3700	42		-33	
538	5.3800	41		-32	
539	5.3900	40		-30	
540	5.4000	38		-28	
541	5.4100	37		-26	
542	5.4200	35		-24	
543	5.4300	33		-21	
544	5.4400	31		-18	
545	5.4500	28		-16	
546	5.4600	26		-13	
547	5.4700	24		-10	
548	5.4800	21		-7	
549	5.4900	18		-4	
550	5.5000	15		-1	
551	5.5100	12		2	
552	5.5200	9		5	
553	5.5300	6		8	
554	5.5400	2		12	
555	5.5500	0		14	
556	5.5600	-4		18	
557	5.5700	-7		20	
558	5.5800	-10		23	
559	5.5900	-13		26	
560	5.6000	-16		28	
561	5.6100	-18		31	
562	5.6200	-21		33	
563	5.6300	-24		36	
564	5.6400	-26		38	
565	5.6500	-28		39	
566	5.6600	-30		41	
567	5.6700	-32		42	
568	5.6800	-34		44	
569	5.6900	-35		44	
570	5.7000	-36		45	
571	5.7100	-38		46	
572	5.7200	-38		46	
573	5.7300	-39		46	
574	5.7400	-38		46	
575	5.7500	-38		46	
576	5.7600	-38		45	
577	5.7700	-38		44	
578	5.7800	-39		44	
579	5.7900	-38		42	
580	5.8000	-37		41	
581	5.8100	-36		40	
582	5.8200	-34		38	
583	5.8300	-33		36	
584	5.8400	-31		34	
585	5.8500	-30		32	
586	5.8600	-28		29	
587	5.8700	-25		27	
588	5.8800	-23		24	
589	5.8900	-20		22	
590	5.9000	-18		19	
591	5.9100	-15		16	
592	5.9200	-12		14	
593	5.9300	-10		11	
594	5.9400	-7		8	
595	5.9500	-4		6	
596	5.9600	-2		3	
597	5.9700	2		0	
598	5.9800	4		-2	
599	5.9900	7		-5	
600	6.0000	10		-8	
601	6.0100	12		-10	
602	6.0200	15		-12	
603	6.0300	17		-14	
604	6.0400	20		-16	
605	6.0500	22		-18	
606	6.0600	24		-20	
607	6.0700	26		-21	
608	6.0800	28		-22	
609	6.0900	29		-24	
610	6.1000	30		-24	
611	6.1100	32		-25	
612	6.1200	33		-26	
613	6.1300	34		-26	
614	6.1400	34		-26	
615	6.1500	35		-26	
616	6.1600	35		-26	
617	6.1700	35		-25	
618	6.1800	35		-25	
619	6.1900	35		-24	
620	6.2000	34		-23	
621	6.2100	34		-22	
622	6.2200	32		-20	
623	6.2300	32		-19	
624	6.2400	30		-18	
625	6.2500	29		-16	
626	6.2600	28		-14	
627	6.2700	26		-12	
628	6.2800	24		-10	
629	6.2900	22		-8	
630	6.3000	20		-5	
631	6.3100	18		-3	
632	6.3200	15		0	
633	6.3300	13		2	
634	6.3400	10		4	
635	6.3500	8		7	
636	6.3600	6		9	
637	6.3700	3		12	
638	6.3800	1		14	
639	6.3900	-2		16	
640	6.4000	-4		18	
641	6.4100	-7		21	
642	6.4200	-9		23	
643	6.4300	-12		25	
644	6.4400	-14		27	
645	6.4500	-16		28	
646	6.4600	-18		30	
647	6.4700	-20		32	
648	6.4800	-22		33	
649	6.4900	-23		34	
650	6.5000	-24		36	
651	6.5100	-26		36	
652	6.5200	-27		37	
653	6.5300	-28		38	
654	6.5400	-29		38	
655	6.5500	-30		38	
656	6.5600	-30		38	
657	6.5700	-31		38	
658	6.5800	-31		38	
659	6.5900	-31		38	
660	6.6000	-31		37	
661	6.6100	-30		36	
662	6.6200	-30		35	
663	6.6300	-29		34	
664	6.6400	-28		33	
665	6.6500	-28		31	
666	6.6600	-26		30	
667	6.6700	-25		28	
668	6.6800	-24		26	
669	6.6900	-22		24	
670	6.7000	-20		22	
671	6.7100	-18		20	
672	6.7200	-17		18	
673	6.7300	-15		16	
674	6.7400	-13		14	
675	6.7500	-11		12	
676	6.7600	-8		10	
677	6.7700	-6		8	
678	6.7800	-4		6	
679	6.7900	-2		3	
680	6.8000	0		1	
681	6.8100	2		-1	
682	6.8200	4		-3	
683	6.8300	6		-5	
684	6.8400	8		-7	
685	6.8500	10		-9	
686	6.8600	12		-10	
687	6.8700	14		-12	
688	6.8800	16		-14	
689	6.8900	18		-15	
690	6.9000	19		-16	
691	6.9100	20		-17	
692	6.9200	22		-18	
693	6.9300	23		-18	
694	6.9400	24		-19	
695	6.9500	24		-20	
696	6.9600	25		-20	
697	6.9700	26		-20	
698	6.9800	26		-20	
699	6.9900	26		-20	
700	7.0000	26		-20	
701	7.0100	26		-19	
702	7.0200	26		-18	
703	7.0300	26		-18	
704	7.0400	25		-17	
705	7.0500	24		-16	
706	7.0600	24		-14	
707	7.0700	23		-13	
708	7.0800	22		-12	
709	7.0900	20		-10	
710	7.1000	19		-9	
711	7.1100	18		-7	
712	7.1200	16		-5	
713	7.1300	14		-4	
714	7.1400	13		-2	
715	7.1500	11		0	
716	7.1600	9		2	
717	7.1700	8		4	
718	7.1800	6		6	
719	7.1900	4		8	
720	7.2000	2		10	
721	7.2100	0		12	
722	7.2200	-2		14	
723	7.2300	-4		16	
724	7.2400	-6		18	
725	7.2500	-8		19	
726	7.2600	-10		21	
727	7.2700	-11		22	
728	7.2800	-13		24	
729	7.2900	-14		25	
730	7.3000	-16		26	
731	7.3100	-17		28	
732	7.3200	-18		28	
733	7.3300	-20		30	
734	7.3400	-20		30	
735	7.3500	-22		31	
736	7.3600	-22		31	
737	7.3700	-23		32	
738	7.3800	-24		32	
739	7.3900	-24		32	
740	7.4000	-24		32	
741	7.4100	-24		32	
742	7.4200	-24		32	
743	7.4300	-24		31	
744	7.4400	-24		30	
745	7.4500	-23		30	
746	7.4600	-23		29	
747	7.4700	-22		28	
748	7.4800	-21		27	
749	7.4900	-20		26	
750	7.5000	-19		24	
751	7.5100	-18		23	
752	7.5200	-17		22	
753	7.5300	-16		20	
754	7.5400	-14		18	
755	7.5500	-12		17	
756	7.5600	-11		15	
757	7.5700	-10		14	
758	7.5800	-8		12	
759	7.5900	-6		10	
760	7.6000	-4		8	
761	7.6100	-3		7	
762	7.6200	-1		5	
763	7.6300	1		3	
764	7.6400	2		2	
765	7.6500	4		0	
766	7.6600	6		-2	
767	7.6700	8		-3	
768	7.6800	9		-4	
769	7.6900	10		-6	
770	7.7000	12		-7	
771	7.7100	13		-8	
772	7.7200	14		-9	
773	7.7300	16		-10	
774	7.7400	17		-11	
775	7.7500	18		-12	
776	7.7600	19		-12	
777	7.7700	20		-13	
778	7.7800	20		-13	
779	7.7900	20		-13	
780	7.8000	21		-13	
781	7.8100	21		-14	
782	7.8200	22		-13	
783	7.8300	22		-13	
784	7.8400	22		-13	
785	7.8500	21		-12	
786	7.8600	21		-12	
787	7.8700	20		-11	
788	7.8800	20		-10	
789	7.8900	19		-9	
790	7.9000	18		-8	
791	7.9100	18		-7	
792	7.9200	16		-6	
793	7.9300	16		-5	
794	7.9400	14		-4	
795	7.9500	13		-2	
796	7.9600	12		-1	
797	7.9700	10		1	
798	7.9800	9		2	
799	7.9900	8		4	
800	8.0000	6		5	
801	8.0100	5		7	
802	8.0200	3		8	
803	8.0300	2		10	
804	8.0400	0		12	
805	8.0500	-2		13	
806	8.0600	-3		14	
807	8.0700	-4		16	
808	8.0800	-6		17	
809	8.0900	-8		18	
810	8.1000	-9		20	
811	8.1100	-10		20	
812	8.1200	-11		22	
813	8.1300	-12		22	
814	8.1400	-14		24	
815	8.1500	-14		24	
816	8.1600	-16		25	
817	8.1700	-16		26	
818	8.1800	-17		26	
819	8.1900	-18		26	
820	8.2000	-18		26	
821	8.2100	-19		27	
822	8.2200	-19		27	
823	8.2300	-19		27	
824	8.2400	-20		26	
825	8.2500	-19		26	
826	8.2600	-19		26	
827	8.2700	-19		26	
828	8.2800	-19		25	
829	8.2900	-18		24	
830	8.3000	-18		23	
831	8.3100	-17		22	
832	8.3200	-16		22	
833	8.3300	-16		20	
834	8.3400	-15		20	
835	8.3500	-14		18	
836	8.3600	-13		17	
837	8.3700	-12		16	
838	8.3800	-10		14	
839	8.3900	-9		13	
840	8.4000	-8		12	
841	8.4100	-6		10	
842	8.4200	-5		9	
843	8.4300	-4		8	
844	8.4400	-3		6	
845	8.4500	-1		5	
846	8.4600	0		4	
847	8.4700	2		2	
848	8.4800	3		1	
849	8.4900	4		0	
850	8.5000	5		-1	
851	8.5100	6		-2	
852	8.5200	8		-3	
853	8.5300	9		-4	
854	8.5400	10		-5	
855	8.5500	11		-6	
856	8.5600	12		-7	
857	8.5700	13		-8	
858	8.5800	14		-8	
859	8.5900	14		-8	
860	8.6000	15		-9	
861	8.6100	16		-9	
862	8.6200	16		-9	
863	8.6300	16		-10	
864	8.6400	16		-10	
865	8.6500	16		-9	
866	8.6600	16		-9	
867	8.6700	16		-9	
868	8.6800	16		-8	
869	8.6900	16		-8	
870	8.7000	16		-7	
871	8.7100	15		-6	
872	8.7200	15		-6	
873	8.7300	14		-5	
874	8.7400	14		-4	
875	8.7500	13		-3	
876	8.7600	12		-2	
877	8.7700	11		-1	
878	8.7800	10		0	
879	8.7900	9		1	
880	8.8000	8		2	
881	8.8100	7		4	
882	8.8200	6		4	
883	8.8300	4		6	
884	8.8400	4		7	
885	8.8500	2		8	
886	8.8600	1		10	
887	8.8700	0		10	
888	8.8800	-1		12	
889	8.8900	-2		13	
890	8.9000	-4		14	
891	8.9100	-5		15	
892	8.9200	-6		16	
893	8.9300	-7		17	
894	8.9400	-8		18	
895	8.9500	-9		19	
896	8.9600	-10		20	
897	8.9700	-11		20	
898	8.9800	-12		21	
899	8.9900	-12		22	
900	9.0000	-13		22	
901	9.0100	-13		22	
902	9.0200	-14		23	
903	9.0300	-14		23	
904	9.0400	-14		23	
905	9.0500	-15		23	
906	9.0600	-15		23	
907	9.0700	-15		23	
908	9.0800	-15		23	
909	9.0900	-15		22	
910	9.1000	-15		22	
911	9.1100	-14		22	
912	9.1200	-14		21	
913	9.1300	-14		20	
914	9.1400	-13		20	
915	9.1500	-12		19	
916	9.1600	-12		18	
917	9.1700	-11		18	
918	9.1800	-10		16	
919	9.1900	-10		16	
920	9.2000	-9		14	
921	9.2100	-8		14	
922	9.2200	-7		12	
923	9.2300	-6		12	
924	9.2400	-5		10	
925	9.2500	-4		9	
926	9.2600	-2		8	
927	9.2700	-2		7	
928	9.2800	0		6	
929	9.2900	0		5	
930	9.3000	2		4	
931	9.3100	2		3	
932	9.3200	4		2	
933	9.3300	4		1	
934	9.3400	6		0	
935	9.3500	6		0	
936	9.3600	8		-1	
937	9.3700	8		-2	
938	9.3800	9		-3	
939	9.3900	10		-3	
940	9.4000	10		-4	
941	9.4100	11		-4	
942	9.4200	12		-4	
943	9.4300	12		-5	
944	9.4400	12		-5	
945	9.4500	13		-5	
946	9.4600	13		-5	
947	9.4700	13		-5	
948	9.4800	14		-5	
949	9.4900	14		-5	
950	9.5000	14		-5	
951	9.5100	13		-4	
952	9.5200	13		-4	
953	9.5300	13		-4	
954	9.5400	12		-3	
955	9.5500	12		-3	
956	9.5600	12		-2	
957	9.5700	11		-1	
958	9.5800	10		0	
959	9.5900	10		0	
960	9.6000	9		1	
961	9.6100	8		2	
962	9.6200	8		3	
963	9.6300	6		4	
964	9.6400	6		4	
965	9.6500	5		6	
966	9.6600	4		6	
967	9.6700	3		8	
968	9.6800	2		8	
969	9.6900	1		9	
970	9.7000	0		10	
971	9.7100	-1		11	
972	9.7200	-2		12	
973	9.7300	-3		13	
974	9.7400	-4		14	
975	9.7500	-4		14	
976	9.7600	-6		15	
977	9.7700	-6		16	
978	9.7800	-7		16	
979	9.7900	-8		17	
980	9.8000	-8		18	
981	9.8100	-9		18	
982	9.8200	-10		19	
983	9.8300	-10		19	
984	9.8400	-10		20	
985	9.8500	-11		20	
986	9.8600	-12		20	
987	9.8700	-12		20	
988	9.8800	-12		20	
989	9.8900	-12		20	
990	9.9000	-12		20	
991	9.9100	-12		20	
992	9.9200	-12		19	
993	9.9300	-12		19	
994	9.9400	-12		18	
995	9.9500	-12		18	
996	9.9600	-11		18	
997	9.9700	-10		17	
998	9.9800	-10		16	
999	9.9900	-10		16	
1000	10.0000	-9		15	
1001	10.0100	-8		14	
1002	10.0200	-8		14	
1003	10.0300	-7		13	
1004	10.0400	-6		12	
1005	10.0500	-6		11	
1006	10.0600	-5		10	
1007	10.0700	-4		10	
1008	10.0800	-3		9	
1009	10.0900	-2		8	
1010	10.1000	-2		7	
1011	10.1100	-1		6	
1012	10.1200	0		5	
1013	10.1300	1		4	
1014	10.1400	2		4	
1015	10.1500	2		3	
1016	10.1600	4		2	
1017	10.1700	4		2	
1018	10.1800	5		1	
1019	10.1900	6		0	
1020	10.2000	6		0	
1021	10.2100	7		-1	
1022	10.2200	8		-1	
1023	10.2300	8		-2	
1024	10.2400	8		-2	
1025	10.2500	9		-2	
1026	10.2600	9		-2	
1027	10.2700	10		-2	
1028	10.2800	10		-3	
1029	10.2900	10		-3	
1030	10.3000	10		-3	
1031	10.3100	10		-3	
1032	10.3200	10		-2	
1033	10.3300	10		-2	
1034	10.3400	10		-2	
1035	10.3500	10		-2	
1036	10.3600	10		-2	
1037	10.3700	10		-1	
1038	10.3800	9		0	
1039	10.3900	9		0	
1040	10.4000	8		0	
1041	10.4100	8		1	
1042	10.4200	8		2	
1043	10.4300	7		2	
1044	10.4400	6		3	
1045	10.4500	6		4	
1046	10.4600	5		4	
1047	10.4700	4		5	
1048	10.4800	4		6	
1049	10.4900	3		7	
1050	10.5000	2		8	
1051	10.5100	2		8	
1052	10.5200	1		9	
1053	10.5300	0		10	
1054	10.5400	-1		11	
1055	10.5500	-2		11	
1056	10.5600	-2		12	
1057	10.5700	-3		13	
1058	10.5800	-4		14	
1059	10.5900	-4		14	
1060	10.6000	-5		14	
1061	10.6100	-6		15	
1062	10.6200	-6		16	
1063	10.6300	-6		16	
1064	10.6400	-7		16	
1065	10.6500	-8		17	
1066	10.6600	-8		17	
1067	10.6700	-8		17	
1068	10.6800	-8		18	
1069	10.6900	-9		18	
1070	10.7000	-9		18	
1071	10.7100	-9		18	
1072	10.7200	-9		18	
1073	10.7300	-9		18	
1074	10.7400	-9		18	
1075	10.7500	-9		17	
1076	10.7600	-9		17	
1077	10.7700	-9		16	
1078	10.7800	-8		16	
1079	10.7900	-8		16	
1080	10.8000	-8		16	
1081	10.8100	-8		15	
1082	10.8200	-7		14	
1083	10.8300	-7		14	
1084	10.8400	-6		14	
1085	10.8500	-6		13	
1086	10.8600	-5		12	
1087	10.8700	-4		12	
1088	10.8800	-4		11	
1089	10.8900	-4		10	
1090	10.9000	-3		10	
1091	10.9100	-2		9	
1092	10.9200	-2		8	
1093	10.9300	-1		8	
1094	10.9400	0		7	
1095	10.9500	0		6	
1096	10.9600	1		6	
1097	10.9700	2		5	
1098	10.9800	2		4	
1099	10.9900	3		4	
1100	11.0000	4		3	
1101	11.0100	4		2	
1102	11.0200	5		2	
1103	11.0300	5		2	
1104	11.0400	6		1	
1105	11.0500	6		1	
1106	11.0600	6		1	
1107	11.0700	7		0	
1108	11.0800	7		0	
1109	11.0900	8		0	
1110	11.1000	8		0	
1111	11.1100	8		0	
1112	11.1200	8		0	
1113	11.1300	8		0	
1114	11.1400	8		0	
1115	11.1500	8		0	
1116	11.1600	8		0	
1117	11.1700	8		0	
1118	11.1800	8		0	
1119	11.1900	8		1	
1120	11.2000	8		1	
1121	11.2100	7		2	
1122	11.2200	7		2	
1123	11.2300	6		2	
1124	11.2400	6		3	
1125	11.2500	6		3	
1126	11.2600	5		4	
1127	11.2700	5		4	
1128	11.2800	4		5	
1129	11.2900	4		5	
1130	11.3000	3		6	
1131	11.3100	2		6	
1132	11.3200	2		7	
1133	11.3300	2		8	
1134	11.3400	1		8	
1135	11.3500	0		9	
1136	11.3600	0		10	
1137	11.3700	-1		10	
1138	11.3800	-2		10	
1139	11.3900	-2		11	
1140	11.4000	-2		12	
1141	11.4100	-3		12	
1142	11.4200	-4		12	
1143	11.4300	-4		13	
1144	11.4400	-4		14	
1145	11.4500	-5		14	
1146	11.4600	-6		14	
1147	11.4700	-6		14	
1148	11.4800	-6		14	
1149	11.4900	-6		15	
1150	11.5000	-7		15	
1151	11.5100	-7		15	
1152	11.5200	-7		15	
1153	11.5300	-7		15	
1154	11.5400	-8		15	
1155	11.5500	-8		15	
1156	11.5600	-8		15	
1157	11.5700	-8		15	
1158	11.5800	-8		15	
1159	11.5900	-8		15	
1160	11.6000	-7		14	
1161	11.6100	-7		14	
1162	11.6200	-7		14	
1163	11.6300	-6		14	
1164	11.6400	-6		13	
1165	11.6500	-6		13	
1166	11.6600	-6		12	
1167	11.6700	-5		12	
1168	11.6800	-5		12	
1169	11.6900	-4		11	
1170	11.7000	-4		10	
1171	11.7100	-3		10	
1172	11.7200	-3		10	
1173	11.7300	-2		9	
1174	11.7400	-2		8	
1175	11.7500	-1		8	
1176	11.7600	-1		7	
1177	11.7700	0		7	
1178	11.7800	0		6	
1179	11.7900	1		6	
1180	11.8000	2		5	
1181	11.8100	2		5	
1182	11.8200	2		4	
1183	11.8300	3		4	
1184	11.8400	3		4	
1185	11.8500	4		3	
1186	11.8600	4		3	
1187	11.8700	4		2	
1188	11.8800	5		2	
1189	11.8900	5		2	
1190	11.9000	6		2	
1191	11.9100	6		2	
1192	11.9200	6		2	
1193	11.9300	6		2	
1194	11.9400	6		2	
1195	11.9500	6		2	
1196	11.9600	6		2	
1197	11.9700	6		2	
1198	11.9800	6		2	
1199	11.9900	6		2	
1200	12.0000	6		2	
1201	12.0100	6		2	
1202	12.0200	6		2	
1203	12.0300	6		3	
1204	12.0400	6		3	
1205	12.0500	6		4	
1206	12.0600	5		4	
1207	12.0700	5		4	
1208	12.0800	4		4	
1209	12.0900	4		5	
1210	12.1000	4		6	
1211	12.1100	4		6	
1212	12.1200	3		6	
1213	12.1300	2		7	
1214	12.1400	2		7	
1215	12.1500	2		8	
1216	12.1600	1		8	
1217	12.1700	1		9	
1218	12.1800	0		9	
1219	12.1900	0		10	
1220	12.2000	-1		10	
1221	12.2100	-1		10	
1222	12.2200	-2		11	
1223	12.2300	-2		11	
1224	12.2400	-2		12	
1225	12.2500	-3		12	
1226	12.2600	-3		12	
1227	12.2700	-4		12	
1228	12.2800	-4		13	
1229	12.2900	-4		13	
1230	12.3000	-4		13	
1231	12.3100	-5		14	
1232	12.3200	-5		14	
1233	12.3300	-5		14	
1234	12.3400	-6		14	
1235	12.3500	-6		14	
1236	12.3600	-6		14	
1237	12.3700	-6		14	
1238	12.3800	-6		14	
1239	12.3900	-6		14	
1240	12.4000	-6		14	
1241	12.4100	-6		14	
1242	12.4200	-6		13	
1243	12.4300	-6		13	
1244	12.4400	-5		13	
1245	12.4500	-5		12	
1246	12.4600	-5		12	
1247	12.4700	-5		12	
1248	12.4800	-4		12	
1249	12.4900	-4		11	
1250	12.5000	-4		11	
1251	12.5100	-4		10	
1252	12.5200	-3		10	
1253	12.5300	-3		10	
1254	12.5400	-2		9	
1255	12.5500	-2		9	
1256	12.5600	-2		8	
1257	12.5700	-1		8	
1258	12.5800	-1		8	
1259	12.5900	0		7	
1260	12.6000	0		7	
1261	12.6100	0		6	
1262	12.6200	1		6	
1263	12.6300	1		6	
1264	12.6400	2		5	
1265	12.6500	2		5	
1266	12.6600	2		4	
1267	12.6700	3		4	
1268	12.6800	3		4	
1269	12.6900	4		4	
1270	12.7000	4		4	
1271	12.7100	4		3	
1272	12.7200	4		3	
1273	12.7300	4		3	
1274	12.7400	4		3	
1275	12.7500	4		3	
1276	12.7600	5		2	
1277	12.7700	5		2	
1278	12.7800	5		2	
1279	12.7900	5		2	
1280	12.8000	5		3	
1281	12.8100	5		3	
1282	12.8200	5		3	
1283	12.8300	5		3	
1284	12.8400	5		3	
1285	12.8500	4		4	
1286	12.8600	4		4	
1287	12.8700	4		4	
1288	12.8800	4		4	
1289	12.8900	4		4	
1290	12.9000	4		5	
1291	12.9100	3		5	
1292	12.9200	3		6	
1293	12.9300	2		6	
1294	12.9400	2		6	
1295	12.9500	2		6	
1296	12.9600	2		7	
1297	12.9700	1		8	
1298	12.9800	1		8	
1299	12.9900	0		8	
1300	13.0000	0		8	
1301	13.0100	0		9	
1302	13.0200	0		9	
1303	13.0300	-1		10	
1304	13.0400	-1		10	
1305	13.0500	-2		10	
1306	13.0600	-2		10	
1307	13.0700	-2		11	
1308	13.0800	-2		11	
1309	13.0900	-3		12	
1310	13.1000	-3		12	
1311	13.1100	-4		12	
1312	13.1200	-4		12	
1313	13.1300	-4		12	
1314	13.1400	-4		12	
1315	13.1500	-4		12	
1316	13.1600	-4		12	
1317	13.1700	-4		12	
1318	13.1800	-4		12	
1319	13.1900	-4		13	
1320	13.2000	-4		13	
1321	13.2100	-4		12	
1322	13.2200	-4		12	
1323	13.2300	-4		12	
1324	13.2400	-4		12	
1325	13.2500	-4		12	
1326	13.2600	-4		12	
1327	13.2700	-4		12	
1328	13.2800	-4		12	
1329	13.2900	-4		11	
1330	13.3000	-4		11	
1331	13.3100	-3		11	
1332	13.3200	-3		10	
1333	13.3300	-3		10	
1334	13.3400	-2		10	
1335	13.3500	-2		10	
1336	13.3600	-2		9	
1337	13.3700	-2		9	
1338	13.3800	-1		8	
1339	13.3900	-1		8	
1340	13.4000	0		8	
1341	13.4100	0		8	
1342	13.4200	0		7	
1343	13.4300	0		7	
1344	13.4400	1		6	
1345	13.4500	1		6	
1346	13.4600	2		6	
1347	13.4700	2		6	
1348	13.4800	2		6	
1349	13.4900	2		5	
1350	13.5000	2		5	
1351	13.5100	3		5	
1352	13.5200	3		4	
1353	13.5300	3		4	
1354	13.5400	4		4	
1355	13.5500	4		4	
1356	13.5600	4		4	
1357	13.5700	4		4	
1358	13.5800	4		4	
1359	13.5900	4		4	
1360	13.6000	4		4	
1361	13.6100	4		4	
1362	13.6200	4		4	
1363	13.6300	4		4	
1364	13.6400	4		4	
1365	13.6500	4		4	
1366	13.6600	4		4	
1367	13.6700	4		4	
1368	13.6800	4		5	
1369	13.6900	4		5	
1370	13.7000	4		5	
1371	13.7100	3		6	
1372	13.7200	3		6	
1373	13.7300	3		6	
1374	13.7400	2		6	
1375	13.7500	2		6	
1376	13.7600	2		6	
1377	13.7700	2		7	
1378	13.7800	2		7	
1379	13.7900	1		8	
1380	13.8000	1		8	
1381	13.8100	0		8	
1382	13.8200	0		8	
1383	13.8300	0		9	
1384	13.8400	0		9	
1385	13.8500	0		9	
1386	13.8600	-1		10	
1387	13.8700	-1		10	
1388	13.8800	-2		10	
1389	13.8900	-2		10	
1390	13.9000	-2		10	
1391	13.9100	-2		11	
1392	13.9200	-2		11	
1393	13.9300	-2		11	
1394	13.9400	-3		11	
1395	13.9500	-3		11	
1396	13.9600	-3		12	
1397	13.9700	-3		12	
1398	13.9800	-4		12	
1399	13.9900	-4		12	
1400	14.0000	-4		12	
1401	14.0100	-4		12	
1402	14.0200	-4		12	
1403	14.0300	-4		12	
1404	14.0400	-4		12	
1405	14.0500	-4		12	
1406	14.0600	-4		11	
1407	14.0700	-4		11	
1408	14.0800	-4		11	
1409	14.0900	-3		11	
1410	14.1000	-3		11	
1411	14.1100	-3		10	
1412	14.1200	-3		10	
1413	14.1300	-3		10	
1414	14.1400	-2		10	
1415	14.1500	-2		10	
1416	14.1600	-2		10	
1417	14.1700	-2		9	
1418	14.1800	-2		9	
1419	14.1900	-1		9	
1420	14.2000	-1		8	
1421	14.2100	-1		8	
1422	14.2200	0		8	
1423	14.2300	0		8	
1424	14.2400	0		7	
1425	14.2500	0		7	
1426	14.2600	0		7	
1427	14.2700	1		6	
1428	14.2800	1		6	
1429	14.2900	1		6	
1430	14.3000	2		6	
1431	14.3100	2		6	
1432	14.3200	2		6	
1433	14.3300	2		6	
1434	14.3400	2		5	
1435	14.3500	2		5	
1436	14.3600	2		5	
1437	14.3700	3		5	
1438	14.3800	3		5	
1439	14.3900	3		5	
1440	14.4000	3		5	
1441	14.4100	3		5	
1442	14.4200	3		5	
1443	14.4300	3		5	
1444	14.4400	3		5	
1445	14.4500	3		5	
1446	14.4600	3		5	
1447	14.4700	3		5	
1448	14.4800	3		5	
1449	14.4900	3		5	
1450	14.5000	3		5	
1451	14.5100	3		6	
1452	14.5200	3		6	
1453	14.5300	2		6	
1454	14.5400	2		6	
1455	14.5500	2		6	
1456	14.5600	2		6	
1457	14.5700	2		7	
1458	14.5800	2		7	
1459	14.5900	2		7	
1460	14.6000	1		8	
1461	14.6100	1		8	
1462	14.6200	1		8	
1463	14.6300	0		8	
1464	14.6400	0		8	
1465	14.6500	0		8	
1466	14.6600	0		9	
1467	14.6700	0		9	
1468	14.6800	0		9	
1469	14.6900	-1		10	
1470	14.7000	-1		10	
1471	14.7100	-1		10	
1472	14.7200	-2		10	
1473	14.7300	-2		10	
1474	14.7400	-2		10	
1475	14.7500	-2		10	
1476	14.7600	-2		10	
1477	14.7700	-2		11	
1478	14.7800	-2		11	
1479	14.7900	-2		11	
1480	14.8000	-2		11	
1481	14.8100	-3		11	
1482	14.8200	-3		11	
1483	14.8300	-3		11	
1484	14.8400	-3		11	
1485	14.8500	-3		11	
1486	14.8600	-3		11	
1487	14.8700	-3		11	
1488	14.8800	-3		11	
1489	14.8900	-3		10	
1490	14.9000	-3		10	
1491	14.9100	-2		10	
1492	14.9200	-2		10	
1493	14.9300	-2		10	
1494	14.9400	-2		10	
1495	14.9500	-2		10	
1496	14.9600	-2		10	
1497	14.9700	-2		10	
1498	14.9800	-2		9	
1499	14.9900	-2		9	
1500	15.0000	-1		9	
1501	15.0100	-1		8	
1502	15.0200	-1		8	
1503	15.0300	0		8	
1504	15.0400	0		8	
1505	15.0500	0		8	
1506	15.0600	0		8	
1507	15.0700	0		8	
1508	15.0800	0		7	
1509	15.0900	0		7	
1510	15.1000	1		7	
1511	15.1100	1		6	
1512	15.1200	1		6	
1513	15.1300	1		6	
1514	15.1400	2		6	
1515	15.1500	2		6	
1516	15.1600	2		6	
1517	15.1700	2		6	
1518	15.1800	2		6	
1519	15.1900	2		6	
1520	15.2000	2		6	
1521	15.2100	2		6	
1522	15.2200	2		6	
1523	15.2300	2		6	
1524	15.2400	2		6	
1525	15.2500	2		6	
1526	15.2600	2		6	
1527	15.2700	2		6	
1528	15.2800	2		6	
1529	15.2900	2		6	
1530	15.3000	2		6	
1531	15.3100	2		6	
1532	15.3200	2		6	
1533	15.3300	2		6	
1534	15.3400	2		6	
1535	15.3500	2		6	
1536	15.3600	2		6	
1537	15.3700	2		7	
1538	15.3800	2		7	
1539	15.3900	2		7	
1540	15.4000	2		7	
1541	15.4100	1		8	
1542	15.4200	1		8	
1543	15.4300	1		8	
1544	15.4400	1		8	
1545	15.4500	0		8	
1546	15.4600	0		8	
1547	15.4700	0		8	
1548	15.4800	0		9	
1549	15.4900	0		9	
1550	15.5000	0		9	
1551	15.5100	0		9	
1552	15.5200	-1		10	
1553	15.5300	-1		10	
1554	15.5400	-1		10	
1555	15.5500	-1		10	
1556	15.5600	-1		10	
1557	15.5700	-2		10	
1558	15.5800	-2		10	
1559	15.5900	-2		10	
1560	15.6000	-2		10	
1561	15.6100	-2		10	
1562	15.6200	-2		10	
1563	15.6300	-2		10	
1564	15.6400	-2		10	
1565	15.6500	-2		10	
1566	15.6600	-2		10	
1567	15.6700	-2		10	
1568	15.6800	-2		10	
1569	15.6900	-2		10	
1570	15.7000	-2		10	
1571	15.7100	-2		10	
1572	15.7200	-2		10	
1573	15.7300	-2		10	
1574	15.7400	-2		10	
1575	15.7500	-2		10	
1576	15.7600	-2		10	
1577	15.7700	-2		10	
1578	15.7800	-2		10	
1579	15.7900	-1		9	
1580	15.8000	-1		9	
1581	15.8100	-1		9	
1582	15.8200	-1		9	
1583	15.8300	-1		8	
1584	15.8400	0		8	
1585	15.8500	0		8	
1586	15.8600	0		8	
1587	15.8700	0		8	
1588	15.8800	0		8	
1589	15.8900	0		8	
1590	15.9000	0		8	
1591	15.9100	0		7	
1592	15.9200	1		7	
1593	15.9300	1		7	
1594	15.9400	1		7	
1595	15.9500	1		7	
1596	15.9600	1		7	
1597	15.9700	2		6	
1598	15.9800	2		6	
1599	15.9900	2		6	
1600	16.0000	2		6	
1601	16.0100	2		6	
1602	16.0200	2		6	
1603	16.0300	2		6	
1604	16.0400	2		6	
1605	16.0500	2		6	
1606	16.0600	2		6	
1607	16.0700	2		6	
1608	16.0800	2		6	
1609	16.0900	2		6	
1610	16.1000	2		6	
1611	16.1100	2		6	
1612	16.1200	2		6	
1613	16.1300	2		6	
1614	16.1400	2		6	
1615	16.1500	2		6	
1616	16.1600	2		6	
1617	16.1700	2		7	
1618	16.1800	2		7	
1619	16.1900	2		7	
1620	16.2000	2		7	
1621	16.2100	1		7	
1622	16.2200	1		7	
1623	16.2300	1		8	
1624	16.2400	1		8	
1625	16.2500	1		8	
1626	16.2600	0		8	
1627	16.2700	0		8	
1628	16.2800	0		8	
1629	16.2900	0		8	
1630	16.3000	0		8	
1631	16.3100	0		9	
1632	16.3200	0		9	
1633	16.3300	0		9	
1634	16.3400	0		9	
1635	16.3500	-1		9	
1636	16.3600	-1		9	
1637	16.3700	-1		10	
1638	16.3800	-1		10	
1639	16.3900	-1		10	
1640	16.4000	-1		10	
1641	16.4100	-1		10	
1642	16.4200	-2		10	
1643	16.4300	-2		10	
1644	16.4400	-2		10	
1645	16.4500	-2		10	
1646	16.4600	-2		10	
1647	16.4700	-2		10	
1648	16.4800	-2		10	
1649	16.4900	-2		10	
1650	16.5000	-2		10	
1651	16.5100	-2		10	
1652	16.5200	-2		10	
1653	16.5300	-2		10	
1654	16.5400	-2		10	
1655	16.5500	-2		10	
1656	16.5600	-2		10	
1657	16.5700	-2		10	
1658	16.5800	-2		10	
1659	16.5900	-1		10	
1660	16.6000	-1		9	
1661	16.6100	-1		9	
1662	16.6200	-1		9	
1663	16.6300	-1		9	
1664	16.6400	-1		9	
1665	16.6500	0		8	
1666	16.6600	0		8	
1667	16.6700	0		8	
1668	16.6800	0		8	
1669	16.6900	0		8	
1670	16.7000	0		8	
1671	16.7100	0		8	
1672	16.7200	0		8	
1673	16.7300	0		8	
1674	16.7400	0		8	
1675	16.7500	0		7	
1676	16.7600	1		7	
1677	16.7700	1		7	
1678	16.7800	1		7	
1679	16.7900	1		7	
1680	16.8000	1		7	
1681	16.8100	1		7	
1682	16.8200	2		7	
1683	16.8300	2		7	
1684	16.8400	2		6	
1685	16.8500	2		6	
1686	16.8600	2		6	
1687	16.8700	2		6	
1688	16.8800	2		6	
1689	16.8900	2		6	
1690	16.9000	2		6	
1691	16.9100	2		6	
1692	16.9200	2		6	
1693	16.9300	2		6	
1694	16.9400	2		6	
1695	16.9500	2		7	
1696	16.9600	2		7	
1697	16.9700	2		7	
1698	16.9800	2		7	
1699	16.9900	2		7	
1700	17.0000	2		7	
1701	17.0100	2		7	
1702	17.0200	1		7	
1703	17.0300	1		7	
1704	17.0400	1		8	
1705	17.0500	1		8	
1706	17.0600	1		8	
1707	17.0700	1		8	
1708	17.0800	0		8	
1709	17.0900	0		8	
1710	17.1000	0		8	
1711	17.1100	0		8	
1712	17.1200	0		8	
1713	17.1300	0		8	
1714	17.1400	0		9	
1715	17.1500	0		9	
1716	17.1600	0		9	
1717	17.1700	0		9	
1718	17.1800	0		9	
1719	17.1900	0		9	
1720	17.2000	-1		9	
1721	17.2100	-1		10	
1722	17.2200	-1		10	
1723	17.2300	-1		10	
1724	17.2400	-1		10	
1725	17.2500	-1		10	
1726	17.2600	-1		10	
1727	17.2700	-1		10	
1728	17.2800	-1		10	
1729	17.2900	-1		10	
1730	17.3000	-1		10	
1731	17.3100	-1		10	
1732	17.3200	-1		10	
1733	17.3300	-1		10	
1734	17.3400	-1		10	
1735	17.3500	-1		10	
1736	17.3600	-1		10	
1737	17.3700	-1		10	
1738	17.3800	-1		10	
1739	17.3900	-1		10	
1740	17.4000	-1		10	
1741	17.4100	-1		9	
1742	17.4200	-1		9	
1743	17.4300	-1		9	
1744	17.4400	-1		9	
1745	17.4500	-1		9	
1746	17.4600	0		9	
1747	17.4700	0		9	
1748	17.4800	0		8	
1749	17.4900	0		8	
1750	17.5000	0		8	
1751	17.5100	0		8	
1752	17.5200	0		8	
1753	17.5300	0		8	
1754	17.5400	0		8	
1755	17.5500	0		8	
1756	17.5600	0		8	
1757	17.5700	0		8	
1758	17.5800	0		8	
1759	17.5900	1		8	
1760	17.6000	1		8	
1761	17.6100	1		7	
1762	17.6200	1		7	
1763	17.6300	1		7	
1764	17.6400	1		7	
1765	17.6500	1		7	
1766	17.6600	1		7	
1767	17.6700	1		7	
1768	17.6800	2		7	
1769	17.6900	2		7	
1770	17.7000	2		7	
1771	17.7100	2		7	
1772	17.7200	2		7	
1773	17.7300	2		7	
1774	17.7400	2		7	
1775	17.7500	2		7	
1776	17.7600	2		7	
1777	17.7700	2		7	
1778	17.7800	2		7	
1779	17.7900	2		7	
1780	17.8000	1		7	
1781	17.8100	1		7	
1782	17.8200	1		7	
1783	17.8300	1		7	
1784	17.8400	1		8	
1785	17.8500	1		8	
1786	17.8600	1		8	
1787	17.8700	1		8	
1788	17.8800	1		8	
1789	17.8900	0		8	
1790	17.9000	0		8	
1791	17.9100	0		8	
1792	17.9200	0		8	
1793	17.9300	0		8	
1794	17.9400	0		8	
1795	17.9500	0		8	
1796	17.9600	0		8	
1797	17.9700	0		8	
1798	17.9800	0		8	
1799	17.9900	0		9	
1800	18.0000	0		9	
1801	18.0100	0		9	
1802	18.0200	0		9	
1803	18.0300	0		9	
1804	18.0400	-1		9	
1805	18.0500	-1		9	
1806	18.0600	-1		9	
1807	18.0700	-1		9	
1808	18.0800	-1		9	
1809	18.0900	-1		9	
1810	18.1000	-1		9	
1811	18.1100	-1		9	
1812	18.1200	-1		9	
1813	18.1300	-1		9	
1814	18.1400	-1		9	
1815	18.1500	-1		9	
1816	18.1600	-1		9	
1817	18.1700	-1		9	
1818	18.1800	-1		9	
1819	18.1900	-1		9	
1820	18.2000	-1		9	
1821	18.2100	-1		9	
1822	18.2200	-1		9	
1823	18.2300	-1		9	
1824	18.2400	-1		9	
1825	18.2500	-1		9	
1826	18.2600	-1		9	
1827	18.2700	-1		9	
1828	18.2800	0		8	
1829	18.2900	0		8	
1830	18.3000	0		8	
1831	18.3100	0		8	
1832	18.3200	0		8	
1833	18.3300	0		8	
1834	18.3400	0		8	
1835	18.3500	0		8	
1836	18.3600	0		8	
1837	18.3700	0		8	
1838	18.3800	0		8	
1839	18.3900	0		8	
1840	18.4000	0		8	
1841	18.4100	0		8	
1842	18.4200	0		8	
1843	18.4300	1		8	
1844	18.4400	1		8	
1845	18.4500	1		8	
1846	18.4600	1		8	
1847	18.4700	1		8	
1848	18.4800	1		7	
1849	18.4900	1		7	
1850	18.5000	1		7	
1851	18.5100	1		7	
1852	18.5200	1		7	
1853	18.5300	1		7	
1854	18.5400	1		7	
1855	18.5500	1		7	
1856	18.5600	2		7	
1857	18.5700	2		7	
1858	18.5800	2		7	
1859	18.5900	2		8	
1860	18.6000	2		8	
1861	18.6100	1		8	
1862	18.6200	1		8	
1863	18.6300	1		8	
1864	18.6400	1		8	
1865	18.6500	1		8	
1866	18.6600	1		8	
1867	18.6700	1		8	
1868	18.6800	1		8	
1869	18.6900	1		8	
1870	18.7000	1		8	
1871	18.7100	1		8	
1872	18.7200	1		8	
1873	18.7300	1		8	
1874	18.7400	0		8	
1875	18.7500	0		8	
1876	18.7600	0		8	
1877	18.7700	0		8	
1878	18.7800	0		8	
1879	18.7900	0		9	
1880	18.8000	0		9	
1881	18.8100	0		9	
1882	18.8200	0		9	
1883	18.8300	0		9	
1884	18.8400	0		9	
1885	18.8500	0		9	
1886	18.8600	0		9	
1887	18.8700	0		9	
1888	18.8800	0		9	
1889	18.8900	0		9	
1890	18.9000	0		9	
1891	18.9100	0		9	
1892	18.9200	0		9	
1893	18.9300	0		9	
1894	18.9400	0		9	
1895	18.9500	0		9	
1896	18.9600	0		9	
1897	18.9700	0		9	
1898	18.9800	0		9	
1899	18.9900	0		9	
1900	19.0000	0		9	
1901	19.0100	0		9	
1902	19.0200	0		9	
1903	19.0300	0		9	
1904	19.0400	0		9	
1905	19.0500	0		9	
1906	19.0600	0		9	
1907	19.0700	0		9	
1908	19.0800	0		9	
1909	19.0900	0		9	
1910	19.1000	0		9	
1911	19.1100	0		9	
1912	19.1200	0		8	
1913	19.1300	0		8	
1914	19.1400	0		8	
1915	19.1500	0		8	
1916	19.1600	0		8	
1917	19.1700	0		8	
1918	19.1800	0		8	
1919	19.1900	0		8	
1920	19.2000	0		8	
1921	19.2100	0		8	
1922	19.2200	0		8	
1923	19.2300	0		8	
1924	19.2400	0		8	
1925	19.2500	0		8	
1926	19.2600	0		8	
1927	19.2700	1		8	
1928	19.2800	1		8	
1929	19.2900	1		8	
1930	19.3000	1		8	
1931	19.3100	1		8	
1932	19.3200	1		8	
1933	19.3300	1		8	
1934	19.3400	1		8	
1935	19.3500	1		8	
1936	19.3600	1		8	
1937	19.3700	1		8	
1938	19.3800	1		8	
1939	19.3900	1		7	
1940	19.4000	1		7	
1941	19.4100	1		7	
1942	19.4200	1		7	
1943	19.4300	1		8	
1944	19.4400	1		8	
1945	19.4500	1		8	
1946	19.4600	1		8	
1947	19.4700	1		8	
1948	19.4800	1		8	
1949	19.4900	1		8	
1950	19.5000	1		8	
1951	19.5100	0		8	
1952	19.5200	0		8	
1953	19.5300	0		8	
1954	19.5400	0		8	
1955	19.5500	0		8	
1956	19.5600	0		8	
1957	19.5700	0		8	
1958	19.5800	0		8	
1959	19.5900	0		8	
1960	19.6000	0		8	
1961	19.6100	0		8	
1962	19.6200	0		8	
1963	19.6300	0		8	
1964	19.6400	0		8	
1965	19.6500	0		8	
1966	19.6600	0		8	
1967	19.6700	0		9	
1968	19.6800	0		9	
1969	19.6900	0		9	
1970	19.7000	0		9	
1971	19.7100	0		9	
1972	19.7200	0		9	
1973	19.7300	0		9	
1974	19.7400	0		9	
1975	19.7500	0		9	
1976	19.7600	0		9	
1977	19.7700	0		9	
1978	19.7800	0		9	
1979	19.7900	0		9	
1980	19.8000	0		9	
1981	19.8100	0		9	
1982	19.8200	0		9	
1983	19.8300	0		9	
1984	19.8400	0		9	
1985	19.8500	0		9	
1986	19.8600	0		9	
1987	19.8700	0		9	
1988	19.8800	0		9	
1989	19.8900	0		9	
1990	19.9000	0		9	
1991	19.9100	0		9	
1992	19.9200	0		9	
1993	19.9300	0		9	
1994	19.9400	0		9	
1995	19.9500	0		9	
1996	19.9600	0		8	
1997	19.9700	0		8	
1998	19.9800	0		8	
1999	19.9900	0		8	
2000	20.0000	0		8	
2001	20.0100	0		8	
2002	20.0200	0		8	
2003	20.0300	0		8	
2004	20.0400	0		8	
2005	20.0500	0		8	
2006	20.0600	0		8	
2007	20.0700	0		8	
2008	20.0800	1		8	
2009	20.0900	1		8	
2010	20.1000	1		8	
2011	20.1100	1		8	
2012	20.1200	1		8	
2013	20.1300	1		8	
2014	20.1400	1		8	
2015	20.1500	1		8	
2016	20.1600	1		8	
2017	20.1700	1		8	
2018	20.1800	1		8	
2019	20.1900	1		8	
2020	20.2000	1		8	
2021	20.2100	1		8	
2022	20.2200	1		8	
2023	20.2300	1		8	
2024	20.2400	1		8	
2025	20.2500	1		8	
2026	20.2600	1		8	
2027	20.2700	1		8	
2028	20.2800	1		8	
2029	20.2900	1		8	
2030	20.3000	1		8	
2031	20.3100	1		8	
2032	20.3200	1		8	
2033	20.3300	1		8	
2034	20.3400	1		8	
2035	20.3500	1		8	
2036	20.3600	1		8	
2037	20.3700	1		8	
2038	20.3800	1		8	
2039	20.3900	0		8	
2040	20.4000	0		8	
2041	20.4100	0		8	
2042	20.4200	0		8	
2043	20.4300	0		8	
2044	20.4400	0		8	
2045	20.4500	0		8	
2046	20.4600	0		9	
2047	20.4700	0		9	
2048	20.4800	0		9	
2049	20.4900	0		9	
2050	20.5000	0		9	
2051	20.5100	0		9	
2052	20.5200	0		9	
2053	20.5300	0		9	
2054	20.5400	0		9	
2055	20.5500	0		9	
2056	20.5600	0		9	
2057	20.5700	0		9	
2058	20.5800	0		9	
2059	20.5900	0		9	
2060	20.6000	0		9	
2061	20.6100	0		9	
2062	20.6200	0		9	
2063	20.6300	0		9	
2064	20.6400	0		9	
2065	20.6500	0		9	
2066	20.6600	0		9	
2067	20.6700	0		9	
2068	20.6800	0		9	
2069	20.6900	0		9	
2070	20.7000	0		9	
2071	20.7100	0		9	
2072	20.7200	0		9	
2073	20.7300	0		8	
2074	20.7400	0		8	
2075	20.7500	0		8	
2076	20.7600	0		8	
2077	20.7700	0		8	
2078	20.7800	0		8	
2079	20.7900	0		8	
2080	20.8000	0		8	
2081	20.8100	0		8	
2082	20.8200	0		8	
2083	20.8300	0		8	
2084	20.8400	0		8	
2085	20.8500	0		8	
2086	20.8600	0		8	
2087	20.8700	0		8	
2088	20.8800	0		8	
2089	20.8900	0		8	
2090	20.9000	0		8	
2091	20.9100	0		8	
2092	20.9200	0		8	
2093	20.9300	0		8	
2094	20.9400	0		8	
2095	20.9500	0		8	
2096	20.9600	0		8	
2097	20.9700	0		8	
2098	20.9800	0		8	
2099	20.9900	0		8	
2100	21.0000	0		8	
2101	21.0100	0		8	
2102	21.0200	0		8	
2103	21.0300	0		8	
2104	21.0400	0		8	
2105	21.0500	1		8	
2106	21.0600	1		8	
2107	21.0700	1		8	
2108	21.0800	1		8	
2109	21.0900	1		8	
2110	21.1000	1		8	
2111	21.1100	1		8	
2112	21.1200	0		8	
2113	21.1300	0		8	
2114	21.1400	0		8	
2115	21.1500	0		8	
2116	21.1600	0		8	
2117	21.1700	0		8	
2118	21.1800	0		8	
2119	21.1900	0		8	
2120	21.2000	0		8	
2121	21.2100	0		8	
2122	21.2200	0		8	
2123	21.2300	0		8	
2124	21.2400	0		8	
2125	21.2500	0		8	
2126	21.2600	0		8	
2127	21.2700	0		8	
2128	21.2800	0		8	
2129	21.2900	0		8	
2130	21.3000	0		8	
2131	21.3100	0		8	
2132	21.3200	0		8	
2133	21.3300	0		8	
2134	21.3400	0		8	
2135	21.3500	0		8	
2136	21.3600	0		8	
2137	21.3700	0		9	
2138	21.3800	0		9	
2139	21.3900	0		9	
2140	21.4000	0		9	
2141	21.4100	0		9	
2142	21.4200	0		9	
2143	21.4300	0		9	
2144	21.4400	0		9	
2145	21.4500	0		9	
2146	21.4600	0		9	
2147	21.4700	0		9	
2148	21.4800	0		9	
2149	21.4900	0		9	
2150	21.5000	0		9	
2151	21.5100	0		9	
2152	21.5200	0		9	
2153	21.5300	0		9	
2154	21.5400	0		9	
2155	21.5500	0		9	
2156	21.5600	0		9	
2157	21.5700	0		9	
2158	21.5800	0		8	
2159	21.5900	0		8	
2160	21.6000	0		8	
2161	21.6100	0		8	
2162	21.6200	0		8	
2163	21.6300	0		8	
2164	21.6400	0		8	
2165	21.6500	0		8	
2166	21.6600	0		8	
2167	21.6700	0		8	
2168	21.6800	0		8	
2169	21.6900	0		8	
2170	21.7000	0		8	
2171	21.7100	0		8	
2172	21.7200	0		8	
2173	21.7300	0		8	
2174	21.7400	0		8	
2175	21.7500	0		8	
2176	21.7600	0		8	
2177	21.7700	0		8	
2178	21.7800	0		8	
2179	21.7900	0		8	
2180	21.8000	0		8	
2181	21.8100	0		8	
2182	21.8200	0		8	
2183	21.8300	0		8	
2184	21.8400	0		8	
2185	21.8500	0		8	
2186	21.8600	0		8	
2187	21.8700	0		8	
2188	21.8800	0		8	
2189	21.8900	0		8	
2190	21.9000	0		8	
2191	21.9100	0		8	
2192	21.9200	0		8	
2193	21.9300	0		8	
2194	21.9400	0		8	
2195	21.9500	0		8	
2196	21.9600	0		8	
2197	21.9700	0		8	
2198	21.9800	0		8	
2199	21.9900	0		8	
2200	22.0000	0		8	
2201	22.0100	0		8	
2202	22.0200	0		8	
2203	22.0300	0		8	
2204	22.0400	0		8	
2205	22.0500	0		8	
2206	22.0600	0		8	
2207	22.0700	0		8	
2208	22.0800	0		8	
2209	22.0900	0		8	
2210	22.1000	0		8	
2211	22.1100	0		8	
2212	22.1200	0		8	
2213	22.1300	0		8	
2214	22.1400	0		8	
2215	22.1500	0		8	
2216	22.1600	0		8	
2217	22.1700	0		8	
2218	22.1800	0		8	
2219	22.1900	0		8	
2220	22.2000	0		8	
2221	22.2100	0		8	
2222	22.2200	0		8	
2223	22.2300	0		8	
2224	22.2400	0		8	
2225	22.2500	0		8	
2226	22.2600	0		8	
2227	22.2700	0		8	
2228	22.2800	0		8	
2229	22.2900	0		8	
2230	22.3000	0		8	
2231	22.3100	0		9	
2232	22.3200	0		9	
2233	22.3300	0		9	
2234	22.3400	0		9	
2235	22.3500	0		9	
2236	22.3600	0		9	
2237	22.3700	0		9	
2238	22.3800	0		9	
2239	22.3900	0		9	
2240	22.4000	0		8	
2241	22.4100	0		8	
2242	22.4200	0		8	
2243	22.4300	0		8	
2244	22.4400	0		8	
2245	22.4500	0		8	
2246	22.4600	0		8	
2247	22.4700	0		8	
2248	22.4800	0		8	
2249	22.4900	0		8	
2250	22.5000	0		8	
2251	22.5100	0		8	
2252	22.5200	0		8	
2253	22.5300	0		8	
2254	22.5400	0		8	
2255	22.5500	0		8	
2256	22.5600	0		8	
2257	22.5700	0		8	
2258	22.5800	0		8	
2259	22.5900	0		8	
2260	22.6000	0		8	
2261	22.6100	0		8	
2262	22.6200	0		8	
2263	22.6300	0		8	
2264	22.6400	0		8	
2265	22.6500	0		8	
2266	22.6600	0		8	
2267	22.6700	0		8	
2268	22.6800	0		8	
2269	22.6900	0		8	
2270	22.7000	0		8	
2271	22.7100	0		8	
2272	22.7200	0		8	
2273	22.7300	0		8	
2274	22.7400	0		8	
2275	22.7500	0		8	
2276	22.7600	0		8	
2277	22.7700	0		8	
2278	22.7800	0		8	
2279	22.7900	0		8	
2280	22.8000	0		8	
2281	22.8100	0		8	
2282	22.8200	0		8	
2283	22.8300	0		8	
2284	22.8400	0		8	
2285	22.8500	0		8	
2286	22.8600	0		8	
2287	22.8700	0		8	
2288	22.8800	0		8	
2289	22.8900	0		8	
2290	22.9000	0		8	
2291	22.9100	0		8	
2292	22.9200	0		8	
2293	22.9300	0		8	
2294	22.9400	0		8	
2295	22.9500	0		8	
2296	22.9600	0		8	
2297	22.9700	0		8	
2298	22.9800	0		8	
2299	22.9900	0		8	
2300	23.0000	0		8	
2301	23.0100	0		8	
2302	23.0200	0		8	
2303	23.0300	0		8	
2304	23.0400	0		8	
2305	23.0500	0		8	
2306	23.0600	0		8	
2307	23.0700	0		8	
2308	23.0800	0		8	
2309	23.0900	0		8	
2310	23.1000	0		8	
2311	23.1100	0		8	
2312	23.1200	0		8	
2313	23.1300	0		8	
2314	23.1400	0		8	
2315	23.1500	0		8	
2316	23.1600	0		8	
2317	23.1700	0		8	
2318	23.1800	0		8	
2319	23.1900	0		8	
2320	23.2000	0		8	
2321	23.2100	0		8	
2322	23.2200	0		8	
2323	23.2300	0		8	
2324	23.2400	0		8	
2325	23.2500	0		8	
2326	23.2600	0		8	
2327	23.2700	0		8	
2328	23.2800	0		8	
2329	23.2900	0		8	
2330	23.3000	0		8	
2331	23.3100	0		8	
2332	23.3200	0		8	
2333	23.3300	0		8	
2334	23.3400	0		8	
2335	23.3500	0		8	
2336	23.3600	0		8	
2337	23.3700	0		8	
2338	23.3800	0		8	
2339	23.3900	0		8	
2340	23.4000	0		8	
2341	23.4100	0		8	
2342	23.4200	0		8	
2343	23.4300	0		8	
2344	23.4400	0		8	
2345	23.4500	0		8	
2346	23.4600	0		8	
2347	23.4700	0		8	
2348	23.4800	0		8	
2349	23.4900	0		8	
2350	23.5000	0		8	
2351	23.5100	0		8	
2352	23.5200	0		8	
2353	23.5300	0		8	
2354	23.5400	0		8	
2355	23.5500	0		8	
2356	23.5600	0		8	
2357	23.5700	0		8	
2358	23.5800	0		8	
2359	23.5900	0		8	
2360	23.6000	0		8	
2361	23.6100	0		8	
2362	23.6200	0		8	
2363	23.6300	0		8	
2364	23.6400	0		8	
2365	23.6500	0		8	
2366	23.6600	0		8	
2367	23.6700	0		8	
2368	23.6800	0		8	
2369	23.6900	0		8	
2370	23.7000	0		8	
2371	23.7100	0		8	
2372	23.7200	0		8	
2373	23.7300	0		8	
2374	23.7400	0		8	
2375	23.7500	0		8	
2376	23.7600	0		8	
2377	23.7700	0		8	
2378	23.7800	0		8	
2379	23.7900	0		8	
2380	23.8000	0		8	
2381	23.8100	0		8	
2382	23.8200	0		8	
2383	23.8300	0		8	
2384	23.8400	0		8	
2385	23.8500	0		8	
2386	23.8600	0		8	
2387	23.8700	0		8	
2388	23.8800	0		8	
2389	23.8900	0		8	
2390	23.9000	0		8	
2391	23.9100	0		8	
2392	23.9200	0		8	
2393	23.9300	0		8	
2394	23.9400	0		8	
2395	23.9500	0		8	
2396	23.9600	0		8	
2397	23.9700	0		8	
2398	23.9800	0		8	
2399	23.9900	0		8	
2400	24.0000	0		8	
2401	24.0100	0		8	
2402	24.0200	0		8	
2403	24.0300	0		8	
2404	24.0400	0		8	
2405	24.0500	0		8	
2406	24.0600	0		8	
2407	24.0700	0		8	
2408	24.0800	0		8	
2409	24.0900	0		8	
2410	24.1000	0		8	
2411	24.1100	0		8	
2412	24.1200	0		8	
2413	24.1300	0		8	
2414	24.1400	0		8	
2415	24.1500	0		8	
2416	24.1600	0		8	
2417	24.1700	0		8	
2418	24.1800	0		8	
2419	24.1900	0		8	
2420	24.2000	0		8	
2421	24.2100	0		8	
2422	24.2200	0		8	
2423	24.2300	0		8	
2424	24.2400	0		8	
2425	24.2500	0		8	
2426	24.2600	0		8	
2427	24.2700	0		8	
2428	24.2800	0		8	
2429	24.2900	0		8	
2430	24.3000	0		8	
2431	24.3100	0		8	
2432	24.3200	0		8	
2433	24.3300	0		8	
2434	24.3400	0		8	
2435	24.3500	0		8	
2436	24.3600	0		8	
2437	24.3700	0		8	
2438	24.3800	0		8	
2439	24.3900	0		8	
2440	24.4000	0		8	
2441	24.4100	0		8	
2442	24.4200	0		8	
2443	24.4300	0		8	
2444	24.4400	0		8	
2445	24.4500	0		8	
2446	24.4600	0		8	
2447	24.4700	0		8	
2448	24.4800	0		8	
2449	24.4900	0		8	
2450	24.5000	0		8	
2451	24.5100	0		8	
2452	24.5200	0		8	
2453	24.5300	0		8	
2454	24.5400	0		8	
2455	24.5500	0		8	
2456	24.5600	0		8	
2457	24.5700	0		8	
2458	24.5800	0		8	
2459	24.5900	0		8	
2460	24.6000	0		8	
2461	24.6100	0		8	
2462	24.6200	0		8	
2463	24.6300	0		8	
2464	24.6400	0		8	
2465	24.6500	0		8	
2466	24.6600	0		8	
2467	24.6700	0		8	
2468	24.6800	0		8	
2469	24.6900	0		8	
2470	24.7000	0		8	
2471	24.7100	0		8	
2472	24.7200	0		8	
2473	24.7300	0		8	
2474	24.7400	0		8	
2475	24.7500	0		8	
2476	24.7600	0		8	
2477	24.7700	0		8	
2478	24.7800	0		8	
2479	24.7900	0		8	
2480	24.8000	0		8	
2481	24.8100	0		8	
2482	24.8200	0		8	
2483	24.8300	0		8	
2484	24.8400	0		8	
2485	24.8500	0		8	
2486	24.8600	0		8	
2487	24.8700	0		8	
2488	24.8800	0		8	
2489	24.8900	0		8	
2490	24.9000	0		8	
2491	24.9100	0		8	
2492	24.9200	0		8	
2493	24.9300	0		8	
2494	24.9400	0		8	
2495	24.9500	0		8	
2496	24.9600	0		8	
2497	24.9700	0		8	
2498	24.9800	0		8	
2499	24.9900	0		8	
2500	25.0000	0		8	
2501	25.0100	0		8	
2502	25.0200	0		8	
2503	25.0300	0		8	
2504	25.0400	0		8	
2505	25.0500	0		8	
2506	25.0600	0		8	
2507	25.0700	0		8	
2508	25.0800	0		8	
2509	25.0900	0		8	
2510	25.1000	0		8	
2511	25.1100	0		8	
2512	25.1200	0		8	
2513	25.1300	0		8	
2514	25.1400	0		8	
2515	25.1500	0		8	
2516	25.1600	0		8	
2517	25.1700	0		8	
2518	25.1800	0		8	
2519	25.1900	0		8	
2520	25.2000	0		8	
2521	25.2100	0		8	
2522	25.2200	0		8	
2523	25.2300	0		8	
2524	25.2400	0		8	
2525	25.2500	0		8	
2526	25.2600	0		8	
2527	25.2700	0		8	
2528	25.2800	0		8	
2529	25.2900	0		8	
2530	25.3000	0		8	
2531	25.3100	0		8	
2532	25.3200	0		8	
2533	25.3300	0		8	
2534	25.3400	0		8	
2535	25.3500	0		8	
2536	25.3600	0		8	
2537	25.3700	0		8	
2538	25.3800	0		8	
2539	25.3900	0		8	
2540	25.4000	0		8	
2541	25.4100	0		8	
2542	25.4200	0		8	
2543	25.4300	0		8	
2544	25.4400	0		8	
2545	25.4500	0		8	
2546	25.4600	0		8	
2547	25.4700	0		8	
2548	25.4800	0		8	
2549	25.4900	0		8	
2550	25.5000	0		8	
2551	25.5100	0		8	
2552	25.5200	0		8	
2553	25.5300	0		8	
2554	25.5400	0		8	
2555	25.5500	0		8	
2556	25.5600	0		8	
2557	25.5700	0		8	
2558	25.5800	0		8	
2559	25.5900	0		8	
2560	25.6000	0		8	
2561	25.6100	0		8	
2562	25.6200	0		8	
2563	25.6300	0		8	
2564	25.6400	0		8	
2565	25.6500	0		8	
2566	25.6600	0		8	
2567	25.6700	0		8	
2568	25.6800	0		8	
2569	25.6900	0		8	
2570	25.7000	0		8	
2571	25.7100	0		8	
2572	25.7200	0		8	
2573	25.7300	0		8	
2574	25.7400	0		8	
2575	25.7500	0		8	
2576	25.7600	0		8	
2577	25.7700	0		8	
2578	25.7800	0		8	
2579	25.7900	0		8	
2580	25.8000	0		8	
2581	25.8100	0		8	
2582	25.8200	0		8	
2583	25.8300	0		8	
2584	25.8400	0		8	
2585	25.8500	0		8	
2586	25.8600	0		8	
2587	25.8700	0		8	
2588	25.8800	0		8	
2589	25.8900	0		8	
2590	25.9000	0		8	
2591	25.9100	0		8	
2592	25.9200	0		8	
2593	25.9300	0		8	
2594	25.9400	0		8	
2595	25.9500	0		8	
2596	25.9600	0		8	
2597	25.9700	0		8	
2598	25.9800	0		8	
2599	25.9900	0		8	
2600	26.0000	0		8	
2601	26.0100	0		8	
2602	26.0200	0		8	
2603	26.0300	0		8	
2604	26.0400	0		8	
2605	26.0500	0		8	
2606	26.0600	0		8	
2607	26.0700	0		8	
2608	26.0800	0		8	
2609	26.0900	0		8	
2610	26.1000	0		8	
2611	26.1100	0		8	
2612	26.1200	0		8	
2613	26.1300	0		8	
2614	26.1400	0		8	
2615	26.1500	0		8	
2616	26.1600	0		8	
2617	26.1700	0		8	
2618	26.1800	0		8	
2619	26.1900	0		8	
2620	26.2000	0		8	
2621	26.2100	0		8	
2622	26.2200	0		8	
2623	26.2300	0		8	
2624	26.2400	0		8	
2625	26.2500	0		8	
2626	26.2600	0		8	
2627	26.2700	0		8	
2628	26.2800	0		8	
2629	26.2900	0		8	
2630	26.3000	0		8	
2631	26.3100	0		8	
2632	26.3200	0		8	
2633	26.3300	0		8	
2634	26.3400	0		8	
2635	26.3500	0		8	
2636	26.3600	0		8	
2637	26.3700	0		8	
2638	26.3800	0		8	
2639	26.3900	0		8	
2640	26.4000	0		8	
2641	26.4100	0		8	
2642	26.4200	0		8	
2643	26.4300	0		8	
2644	26.4400	0		8	
2645	26.4500	0		8	
2646	26.4600	0		8	
2647	26.4700	0		8	
2648	26.4800	0		8	
2649	26.4900	0		8	
2650	26.5000	0		8	
2651	26.5100	0		8	
2652	26.5200	0		8	
2653	26.5300	0		8	
2654	26.5400	0		8	
2655	26.5500	0		8	
2656	26.5600	0		8	
2657	26.5700	0		8	
2658	26.5800	0		8	
2659	26.5900	0		8	
2660	26.6000	0		8	
2661	26.6100	0		8	
2662	26.6200	0		8	
2663	26.6300	0		8	
2664	26.6400	0		8	
2665	26.6500	0		8	
2666	26.6600	0		8	
2667	26.6700	0		8	
2668	26.6800	0		8	
2669	26.6900	0		8	
2670	26.7000	0		8	
2671	26.7100	0		8	
2672	26.7200	0		8	
2673	26.7300	0		8	
2674	26.7400	0		8	
2675	26.7500	0		8	
2676	26.7600	0		8	
2677	26.7700	0		8	
2678	26.7800	0		8	
2679	26.7900	0		8	
2680	26.8000	0		8	
2681	26.8100	0		8	
2682	26.8200	0		8	
2683	26.8300	0		8	
2684	26.8400	0		8	
2685	26.8500	0		8	
2686	26.8600	0		8	
2687	26.8700	0		8	
2688	26.8800	0		8	
2689	26.8900	0		8	
2690	26.9000	0		8	
2691	26.9100	0		8	
2692	26.9200	0		8	
2693	26.9300	0		8	
2694	26.9400	0		8	
2695	26.9500	0		8	
2696	26.9600	0		8	
2697	26.9700	0		8	
2698	26.9800	0		8	
2699	26.9900	0		8	
2700	27.0000	0		8	
2701	27.0100	0		8	
2702	27.0200	0		8	
2703	27.0300	0		8	
2704	27.0400	0		8	
2705	27.0500	0		8	
2706	27.0600	0		8	
2707	27.0700	0		8	
2708	27.0800	0		8	
2709	27.0900	0		8	
2710	27.1000	0		8	
2711	27.1100	0		8	
2712	27.1200	0		8	
2713	27.1300	0		8	
2714	27.1400	0		8	
2715	27.1500	0		8	
2716	27.1600	0		8	
2717	27.1700	0		8	
2718	27.1800	0		8	
2719	27.1900	0		8	
2720	27.2000	0		8	
2721	27.2100	0		8	
2722	27.2200	0		8	
2723	27.2300	0		8	
2724	27.2400	0		8	
2725	27.2500	0		8	
2726	27.2600	0		8	
2727	27.2700	0		8	
2728	27.2800	0		8	
2729	27.2900	0		8	
2730	27.3000	0		8	
2731	27.3100	0		8	
2732	27.3200	0		8	
2733	27.3300	0		8	
2734	27.3400	0		8	
2735	27.3500	0		8	
2736	27.3600	0		8	
2737	27.3700	0		8	
2738	27.3800	0		8	
2739	27.3900	0		8	
2740	27.4000	0		8	
2741	27.4100	0		8	
2742	27.4200	0		8	
2743	27.4300	0		8	
2744	27.4400	0		8	
2745	27.4500	0		8	
2746	27.4600	0		8	
2747	27.4700	0		8	
2748	27.4800	0		8	
2749	27.4900	0		8	
2750	27.5000	0		8	
2751	27.5100	0		8	
2752	27.5200	0		8	
2753	27.5300	0		8	
2754	27.5400	0		8	
2755	27.5500	0		8	
2756	27.5600	0		8	
2757	27.5700	0		8	
2758	27.5800	0		8	
2759	27.5900	0		8	
2760	27.6000	0		8	
2761	27.6100	0		8	
2762	27.6200	0		8	
2763	27.6300	0		8	
2764	27.6400	0		8	
2765	27.6500	0		8	
2766	27.6600	0		8	
2767	27.6700	0		8	
2768	27.6800	0		8	
2769	27.6900	0		8	
2770	27.7000	0		8	
2771	27.7100	0		8	
2772	27.7200	0		8	
2773	27.7300	0		8	
2774	27.7400	0		8	
2775	27.7500	0		8	
2776	27.7600	0		8	
2777	27.7700	0		8	
2778	27.7800	0		8	
2779	27.7900	0		8	
2780	27.8000	0		8	
2781	27.8100	0		8	
2782	27.8200	0		8	
2783	27.8300	0		8	
2784	27.8400	0		8	
2785	27.8500	0		8	
2786	27.8600	0		8	
2787	27.8700	0		8	
2788	27.8800	0		8	
2789	27.8900	0		8	
2790	27.9000	0		8	
2791	27.9100	0		8	
2792	27.9200	0		8	
2793	27.9300	0		8	
2794	27.9400	0		8	
2795	27.9500	0		8	
2796	27.9600	0		8	
2797	27.9700	0		8	
2798	27.9800	0		8	
2799	27.9900	0		8	
2800	28.0000	0		8	
2801	28.0100	0		8	
2802	28.0200	0		8	
2803	28.0300	0		8	
2804	28.0400	0		8	
2805	28.0500	0		8	
2806	28.0600	0		8	
2807	28.0700	0		8	
2808	28.0800	0		8	
2809	28.0900	0		8	
2810	28.1000	0		8	
2811	28.1100	0		8	
2812	28.1200	0		8	
2813	28.1300	0		8	
2814	28.1400	0		8	
2815	28.1500	0		8	
2816	28.1600	0		8	
2817	28.1700	0		8	
2818	28.1800	0		8	
2819	28.1900	0		8	
2820	28.2000	0		8	
2821	28.2100	0		8	
2822	28.2200	0		8	
2823	28.2300	0		8	
2824	28.2400	0		8	
2825	28.2500	0		8	
2826	28.2600	0		8	
2827	28.2700	0		8	
2828	28.2800	0		8	
2829	28.2900	0		8	
2830	28.3000	0		8	
2831	28.3100	0		8	
2832	28.3200	0		8	
2833	28.3300	0		8	
2834	28.3400	0		8	
2835	28.3500	0		8	
2836	28.3600	0		8	
2837	28.3700	0		8	
2838	28.3800	0		8	
2839	28.3900	0		8	
2840	28.4000	0		8	
2841	28.4100	0		8	
2842	28.4200	0		8	
2843	28.4300	0		8	
2844	28.4400	0		8	
2845	28.4500	0		8	
2846	28.4600	0		8	
2847	28.4700	0		8	
2848	28.4800	0		8	
2849	28.4900	0		8	
2850	28.5000	0		8	
2851	28.5100	0		8	
2852	28.5200	0		8	
2853	28.5300	0		8	
2854	28.5400	0		8	
2855	28.5500	0		8	
2856	28.5600	0		8	
2857	28.5700	0		8	
2858	28.5800	0		8	
2859	28.5900	0		8	
2860	28.6000	0		8	
2861	28.6100	0		8	
2862	28.6200	0		8	
2863	28.6300	0		8	
2864	28.6400	0		8	
2865	28.6500	0		8	
2866	28.6600	0		8	
2867	28.6700	0		8	
2868	28.6800	0		8	
2869	28.6900	0		8	
2870	28.7000	0		8	
2871	28.7100	0		8	
2872	28.7200	0		8	
2873	28.7300	0		8	
2874	28.7400	0		8	
2875	28.7500	0		8	
2876	28.7600	0		8	
2877	28.7700	0		8	
2878	28.7800	0		8	
2879	28.7900	0		8	
2880	28.8000	0		8	
2881	28.8100	0		8	
2882	28.8200	0		8	
2883	28.8300	0		8	
2884	28.8400	0		8	
2885	28.8500	0		8	
2886	28.8600	0		8	
2887	28.8700	0		8	
2888	28.8800	0		8	
2889	28.8900	0		8	
2890	28.9000	0		8	
2891	28.9100	0		8	
2892	28.9200	0		8	
2893	28.9300	0		8	
2894	28.9400	0		8	
2895	28.9500	0		8	
2896	28.9600	0		8	
2897	28.9700	0		8	
2898	28.9800	0		8	
2899	28.9900	0		8	
2900	29.0000	0		8	
2901	29.0100	0		8	
2902	29.0200	0		8	
2903	29.0300	0		8	
2904	29.0400	0		8	
2905	29.0500	0		8	
2906	29.0600	0		8	
2907	29.0700	0		8	
2908	29.0800	0		8	
2909	29.0900	0		8	
2910	29.1000	0		8	
2911	29.1100	0		8	
2912	29.1200	0		8	
2913	29.1300	0		8	
2914	29.1400	0		8	
2915	29.1500	0		8	
2916	29.1600	0		8	
2917	29.1700	0		8	
2918	29.1800	0		8	
2919	29.1900	0		8	
2920	29.2000	0		8	
2921	29.2100	0		8	
2922	29.2200	0		8	
2923	29.2300	0		8	
2924	29.2400	0		8	
2925	29.2500	0		8	
2926	29.2600	0		8	
2927	29.2700	0		8	
2928	29.2800	0		8	
2929	29.2900	0		8	
2930	29.3000	0		8	
2931	29.3100	0		8	
2932	29.3200	0		8	
2933	29.3300	0		8	
2934	29.3400	0		8	
2935	29.3500	0		8	
2936	29.3600	0		8	
2937	29.3700	0		8	
2938	29.3800	0		8	
2939	29.3900	0		8	
2940	29.4000	0		8	
2941	29.4100	0		8	
2942	29.4200	0		8	
2943	29.4300	0		8	
2944	29.4400	0		8	
2945	29.4500	0		8	
2946	29.4600	0		8	
2947	29.4700	0		8	
2948	29.4800	0		8	
2949	29.4900	0		8	
2950	29.5000	0		8	
2951	29.5100	0		8	
2952	29.5200	0		8	
2953	29.5300	0		8	
2954	29.5400	0		8	
2955	29.5500	0		8	
2956	29.5600	0		8	
2957	29.5700	0		8	
2958	29.5800	0		8	
2959	29.5900	0		8	
2960	29.6000	0		8	
2961	29.6100	0		8	
2962	29.6200	0		8	
2963	29.6300	0		8	
2964	29.6400	0		8	
2965	29.6500	0		8	
2966	29.6600	0		8	
2967	29.6700	0		8	
2968	29.6800	0		8	
2969	29.6900	0		8	
2970	29.7000	0		8	
2971	29.7100	0		8	
2972	29.7200	0		8	
2973	29.7300	0		8	
2974	29.7400	0		8	
2975	29.7500	0		8	
2976	29.7600	0		8	
2977	29.7700	0		8	
2978	29.7800	0		8	
2979	29.7900	0		8	
2980	29.8000	0		8	
2981	29.8100	0		8	
2982	29.8200	0		8	
2983	29.8300	0		8	
2984	29.8400	0		8	
2985	29.8500	0		8	
2986	29.8600	0		8	
2987	29.8700	0		8	
2988	29.8800	0		8	
2989	29.8900	0		8	
2990	29.9000	0		8	
2991	29.9100	0		8	
2992	29.9200	0		8	
2993	29.9300	0		8	
2994	29.9400	0		8	
2995	29.9500	0		8	
2996	29.9600	0		8	
2997	29.9700	0		8	
2998	29.9800	0		8	
2999	29.9900	0		8	
3000	30.0000	0		8	
3001	30.0100	0		8	
3002	30.0200	0		8	
3003	30.0300	0		8	
3004	30.0400	0		8	
3005	30.0500	0		8	
3006	30.0600	0		8	
3007	30.0700	0		8	
3008	30.0800	0		8	
3009	30.0900	0		8	
3010	30.1000	0		8	
3011	30.1100	0		8	
3012	30.1200	0		8	
3013	30.1300	0		8	
3014	30.1400	0		8	
3015	30.1500	0		8	
3016	30.1600	0		8	
3017	30.1700	0		8	
3018	30.1800	0		8	
3019	30.1900	0		8	
3020	30.2000	0		8	
3021	30.2100	0		8	
3022	30.2200	0		8	
3023	30.2300	0		8	
3024	30.2400	0		8	
3025	30.2500	0		8	
3026	30.2600	0		8	
3027	30.2700	0		8	
3028	30.2800	0		8	
3029	30.2900	0		8	
3030	30.3000	0		8	
3031	30.3100	0		8	
3032	30.3200	0		8	
3033	30.3300	0		8	
3034	30.3400	0		8	
3035	30.3500	0		8	
3036	30.3600	0		8	
3037	30.3700	0		8	
3038	30.3800	0		8	
3039	30.3900	0		8	
3040	30.4000	0		8	
3041	30.4100	0		8	
3042	30.4200	0		8	
3043	30.4300	0		8	
3044	30.4400	0		8	
3045	30.4500	0		8	
3046	30.4600	0		8	
3047	30.4700	0		8	
3048	30.4800	0		8	
3049	30.4900	0		8	
3050	30.5000	0		8	
3051	30.5100	0		8	
3052	30.5200	0		8	
3053	30.5300	0		8	
3054	30.5400	0		8	
3055	30.5500	0		8	
3056	30.5600	0		8	
3057	30.5700	0		8	
3058	30.5800	0		8	
3059	30.5900	0		8	
3060	30.6000	0		8	
3061	30.6100	0		8	
3062	30.6200	0		8	
3063	30.6300	0		8	
3064	30.6400	0		8	
3065	30.6500	0		8	
3066	30.6600	0		8	
3067	30.6700	0		8	
3068	30.6800	0		8	
3069	30.6900	0		8	
3070	30.7000	0		8	
3071	30.7100	0		8	
3072	30.7200	0		8	
3073	30.7300	0		8	
3074	30.7400	0		8	
3075	30.7500	0		8	
3076	30.7600	0		8	
3077	30.7700	0		8	
3078	30.7800	0		8	
3079	30.7900	0		8	
3080	30.8000	0		8	
3081	30.8100	0		8	
3082	30.8200	0		8	
3083	30.8300	0		8	
3084	30.8400	0		8	
3085	30.8500	0		8	
3086	30.8600	0		8	
3087	30.8700	0		8	
3088	30.8800	0		8	
3089	30.8900	0		8	
3090	30.9000	0		8	
3091	30.9100	0		8	
3092	30.9200	0		8	
3093	30.9300	0		8	
3094	30.9400	0		8	
3095	30.9500	0		8	
3096	30.9600	0		8	
3097	30.9700	0		8	
3098	30.9800	0		8	
3099	30.9900	0		8	
3100	31.0000	0		8	
3101	31.0100	0		8	
3102	31.0200	0		8	
3103	31.0300	0		8	
3104	31.0400	0		8	
3105	31.0500	0		8	
3106	31.0600	0		8	
3107	31.0700	0		8	
3108	31.0800	0		8	
3109	31.0900	0		8	
3110	31.1000	0		8	
3111	31.1100	0		8	
3112	31.1200	0		8	
3113	31.1300	0		8	
3114	31.1400	0		8	
3115	31.1500	0		8	
3116	31.1600	0		8	
3117	31.1700	0		8	
3118	31.1800	0		8	
3119	31.1900	0		8	
3120	31.2000	0		8	
3121	31.2100	0		8	
3122	31.2200	0		8	
3123	31.2300	0		8	
3124	31.2400	0		8	
3125	31.2500	0		8	
3126	31.2600	0		8	
3127	31.2700	0		8	
3128	31.2800	0		8	
3129	31.2900	0		8	
3130	31.3000	0		8	
3131	31.3100	0		8	
3132	31.3200	0		8	
3133	31.3300	0		8	
3134	31.3400	0		8	
3135	31.3500	0		8	
3136	31.3600	0		8	
3137	31.3700	0		8	
3138	31.3800	0		8	
3139	31.3900	0		8	
3140	31.4000	0		8	
3141	31.4100	0		8	
3142	31.4200	0		8	
3143	31.4300	0		8	
3144	31.4400	0		8	
3145	31.4500	0		8	
3146	31.4600	0		8	
3147	31.4700	0		8	
3148	31.4800	0		8	
3149	31.4900	0		8	
3150	31.5000	0		8	
3151	31.5100	0		8	
3152	31.5200	0		8	
3153	31.5300	0		8	
3154	31.5400	0		8	
3155	31.5500	0		8	
3156	31.5600	0		8	
3157	31.5700	0		8	
3158	31.5800	0		8	
3159	31.5900	0		8	
3160	31.6000	0		8	
3161	31.6100	0		8	
3162	31.6200	0		8	
3163	31.6300	0		8	
3164	31.6400	0		8	
3165	31.6500	0		8	
3166	31.6600	0		8	
3167	31.6700	0		8	
3168	31.6800	0		8	
3169	31.6900	0		8	
3170	31.7000	0		8	
3171	31.7100	0		8	
3172	31.7200	0		8	
3173	31.7300	0		8	
3174	31.7400	0		8	
3175	31.7500	0		8	
3176	31.7600	0		8	
3177	31.7700	0		8	
3178	31.7800	0		8	
3179	31.7900	0		8	
3180	31.8000	0		8	
3181	31.8100	0		8	
3182	31.8200	0		8	
3183	31.8300	0		8	
3184	31.8400	0		8	
3185	31.8500	0		8	
3186	31.8600	0		8	
3187	31.8700	0		8	
3188	31.8800	0		8	
3189	31.8900	0		8	
3190	31.9000	0		8	
3191	31.9100	0		8	
3192	31.9200	0		8	
3193	31.9300	0		8	
3194	31.9400	0		8	
3195	31.9500	0		8	
3196	31.9600	0		8	
3197	31.9700	0		8	
3198	31.9800	0		8	
3199	31.9900	0		8	
3200	32.0000	0		8	
3201	32.0100	0		8	
3202	32.0200	0		8	
3203	32.0300	0		8	
3204	32.0400	0		8	
3205	32.0500	0		8	
3206	32.0600	0		8	
3207	32.0700	0		8	
3208	32.0800	0		8	
3209	32.0900	0		8	
3210	32.1000	0		8	
3211	32.1100	0		8	
3212	32.1200	0		8	
3213	32.1300	0		8	
3214	32.1400	0		8	
3215	32.1500	0		8	
3216	32.1600	0		8	
3217	32.1700	0		8	
3218	32.1800	0		8	
3219	32.1900	0		8	
3220	32.2000	0		8	
3221	32.2100	0		8	
3222	32.2200	0		8	
3223	32.2300	0		8	
3224	32.2400	0		8	
3225	32.2500	0		8	
3226	32.2600	0		8	
3227	32.2700	0		8	
3228	32.2800	0		8	
3229	32.2900	0		8	
3230	32.3000	0		8	
3231	32.3100	0		8	
3232	32.3200	0		8	
3233	32.3300	0		8	
3234	32.3400	0		8	
3235	32.3500	0		8	
3236	32.3600	0		8	
3237	32.3700	0		8	
3238	32.3800	0		8	
3239	32.3900	0		8	
3240	32.4000	0		8	
3241	32.4100	0		8	
3242	32.4200	0		8	
3243	32.4300	0		8	
3244	32.4400	0		8	
3245	32.4500	0		8	
3246	32.4600	0		8	
3247	32.4700	0		8	
3248	32.4800	0		8	
3249	32.4900	0		8	
3250	32.5000	0		8	
3251	32.5100	0		8	
3252	32.5200	0		8	
3253	32.5300	0		8	
3254	32.5400	0		8	
3255	32.5500	0		8	
3256	32.5600	0		8	
3257	32.5700	0		8	
3258	32.5800	0		8	
3259	32.5900	0		8	
3260	32.6000	0		8	
3261	32.6100	0		8	
3262	32.6200	0		8	
3263	32.6300	0		8	
3264	32.6400	0		8	
3265	32.6500	0		8	
3266	32.6600	0		8	
3267	32.6700	0		8	
3268	32.6800	0		8	
3269	32.6900	0		8	
3270	32.7000	0		8	
3271	32.7100	0		8	
3272	32.7200	0		8	
3273	32.7300	0		8	
3274	32.7400	0		8	
3275	32.7500	0		8	
3276	32.7600	0		8	
3277	32.7700	0		8	
3278	32.7800	0		8	
3279	32.7900	0		8	
3280	32.8000	0		8	
3281	32.8100	0		8	
3282	32.8200	0		8	
3283	32.8300	0		8	
3284	32.8400	0		8	
3285	32.8500	0		8	
3286	32.8600	0		8	
3287	32.8700	0		8	
3288	32.8800	0		8	
3289	32.8900	0		8	
3290	32.9000	0		8	
3291	32.9100	0		8	
3292	32.9200	0		8	
3293	32.9300	0		8	
3294	32.9400	0		8	
3295	32.9500	0		8	
3296	32.9600	0		8	
3297	32.9700	0		8	
3298	32.9800	0		8	
3299	32.9900	0		8	
3300	33.0000	0		8	
3301	33.0100	0		8	
3302	33.0200	0		8	
3303	33.0300	0		8	
3304	33.0400	0		8	
3305	33.0500	0		8	
3306	33.0600	0		8	
3307	33.0700	0		8	
3308	33.0800	0		8	
3309	33.0900	0		8	
3310	33.1000	0		8	
3311	33.1100	0		8	
3312	33.1200	0		8	
3313	33.1300	0		8	
3314	33.1400	0		8	
3315	33.1500	0		8	
3316	33.1600	0		8	
3317	33.1700	0		8	
3318	33.1800	0		8	
3319	33.1900	0		8	
3320	33.2000	0		8	
3321	33.2100	0		8	
3322	33.2200	0		8	
3323	33.2300	0		8	
3324	33.2400	0		8	
3325	33.2500	0		8	
3326	33.2600	0		8	
3327	33.2700	0		8	
3328	33.2800	0		8	
3329	33.2900	0		8	
3330	33.3000	0		8	
3331	33.3100	0		8	
3332	33.3200	0		8	
3333	33.3300	0		8	
3334	33.3400	0		8	
3335	33.3500	0		8	
3336	33.3600	0		8	
3337	33.3700	0		8	
3338	33.3800	0		8	
3339	33.3900	0		8	
3340	33.4000	0		8	
3341	33.4100	0		8	
3342	33.4200	0		8	
3343	33.4300	0		8	
3344	33.4400	0		8	
3345	33.4500	0		8	
3346	33.4600	0		8	
3347	33.4700	0		8	
3348	33.4800	0		8	
3349	33.4900	0		8	
3350	33.5000	0		8	
3351	33.5100	0		8	
3352	33.5200	0		8	
3353	33.5300	0		8	
3354	33.5400	0		8	
3355	33.5500	0		8	
3356	33.5600	0		8	
3357	33.5700	0		8	
3358	33.5800	0		8	
3359	33.5900	0		8	
3360	33.6000	0		8	
3361	33.6100	0		8	
3362	33.6200	0		8	
3363	33.6300	0		8	
3364	33.6400	0		8	
3365	33.6500	0		8	
3366	33.6600	0		8	
3367	33.6700	0		8	
3368	33.6800	0		8	
3369	33.6900	0		8	
3370	33.7000	0		8	
3371	33.7100	0		8	
3372	33.7200	0		8	
3373	33.7300	0		8	
3374	33.7400	0		8	
3375	33.7500	0		8	
3376	33.7600	0		8	
3377	33.7700	0		8	
3378	33.7800	0		8	
3379	33.7900	0		8	
3380	33.8000	0		8	
3381	33.8100	0		8	
3382	33.8200	0		8	
3383	33.8300	0		8	
3384	33.8400	0		8	
3385	33.8500	0		8	
3386	33.8600	0		8	
3387	33.8700	0		8	
3388	33.8800	0		8	
3389	33.8900	0		8	
3390	33.9000	0		8	
3391	33.9100	0		8	
3392	33.9200	0		8	
3393	33.9300	0		8	
3394	33.9400	0		8	
3395	33.9500	0		8	
3396	33.9600	0		8	
3397	33.9700	0		8	
3398	33.9800	0		8	
3399	33.9900	0		8	
3400	34.0000	0		8	
3401	34.0100	0		8	
3402	34.0200	0		8	
3403	34.0300	0		8	
3404	34.0400	0		8	
3405	34.0500	0		8	
3406	34.0600	0		8	
3407	34.0700	0		8	
3408	34.0800	0		8	
3409	34.0900	0		8	
3410	34.1000	0		8	
3411	34.1100	0		8	
3412	34.1200	0		8	
3413	34.1300	0		8	
3414	34.1400	0		8	
3415	34.1500	0		8	
3416	34.1600	0		8	
3417	34.1700	0		8	
3418	34.1800	0		8	
3419	34.1900	0		8	
3420	34.2000	0		8	
3421	34.2100	0		8	
3422	34.2200	0		8	
3423	34.2300	0		8	
3424	34.2400	0		8	
3425	34.2500	0		8	
3426	34.2600	0		8	
3427	34.2700	0		8	
3428	34.2800	0		8	
3429	34.2900	0		8	
3430	34.3000	0		8	
3431	34.3100	0		8	
3432	34.3200	0		8	
3433	34.3300	0		8	
3434	34.3400	0		8	
3435	34.3500	0		8	
3436	34.3600	0		8	
3437	34.3700	0		8	
3438	34.3800	0		8	
3439	34.3900	0		8	
3440	34.4000	0		8	
3441	34.4100	0		8	
3442	34.4200	0		8	
3443	34.4300	0		8	
3444	34.4400	0		8	
3445	34.4500	0		8	
3446	34.4600	0		8	
3447	34.4700	0		8	
3448	34.4800	0		8	
3449	34.4900	0		8	
3450	34.5000	0		8	
3451	34.5100	0		8	
3452	34.5200	0		8	
3453	34.5300	0		8	
3454	34.5400	0		8	
3455	34.5500	0		8	
3456	34.5600	0		8	
3457	34.5700	0		8	
3458	34.5800	0		8	
3459	34.5900	0		8	
3460	34.6000	0		8	
3461	34.6100	0		8	
3462	34.6200	0		8	
3463	34.6300	0		8	
3464	34.6400	0		8	
3465	34.6500	0		8	
3466	34.6600	0		8	
3467	34.6700	0		8	
3468	34.6800	0		8	
3469	34.6900	0		8	
3470	34.7000	0		8	
3471	34.7100	0		8	
3472	34.7200	0		8	
3473	34.7300	0		8	
3474	34.7400	0		8	
3475	34.7500	0		8	
3476	34.7600	0		8	
3477	34.7700	0		8	
3478	34.7800	0		8	
3479	34.7900	0		8	
3480	34.8000	0		8	
3481	34.8100	0		8	
3482	34.8200	0		8	
3483	34.8300	0		8	
3484	34.8400	0		8	
3485	34.8500	0		8	
3486	34.8600	0		8	
3487	34.8700	0		8	
3488	34.8800	0		8	
3489	34.8900	0		8	
3490	34.9000	0		8	
3491	34.9100	0		8	
3492	34.9200	0		8	
3493	34.9300	0		8	
3494	34.9400	0		8	
3495	34.9500	0		8	
3496	34.9600	0		8	
3497	34.9700	0		8	
3498	34.9800	0		8	
3499	34.9900	0		8	
3500	35.0000	0		8	
3501	35.0100	0		8	
3502	35.0200	0		8	
3503	35.0300	0		8	
3504	35.0400	0		8	
3505	35.0500	0		8	
3506	35.0600	0		8	
3507	35.0700	0		8	
3508	35.0800	0		8	
3509	35.0900	0		8	
3510	35.1000	0		8	
3511	35.1100	0		8	
3512	35.1200	0		8	
3513	35.1300	0		8	
3514	35.1400	0		8	
3515	35.1500	0		8	
3516	35.1600	0		8	
3517	35.1700	0		8	
3518	35.1800	0		8	
3519	35.1900	0		8	
3520	35.2000	0		8	
3521	35.2100	0		8	
3522	35.2200	0		8	
3523	35.2300	0		8	
3524	35.2400	0		8	
3525	35.2500	0		8	
3526	35.2600	0		8	
3527	35.2700	0		8	
3528	35.2800	0		8	
3529	35.2900	0		8	
3530	35.3000	0		8	
3531	35.3100	0		8	
3532	35.3200	0		8	
3533	35.3300	0		8	
3534	35.3400	0		8	
3535	35.3500	0		8	
3536	35.3600	0		8	
3537	35.3700	0		8	
3538	35.3800	0		8	
3539	35.3900	0		8	
3540	35.4000	0		8	
3541	35.4100	0		8	
3542	35.4200	0		8	
3543	35.4300	0		8	
3544	35.4400	0		8	
3545	35.4500	0		8	
3546	35.4600	0		8	
3547	35.4700	0		8	
3548	35.4800	0		8	
3549	35.4900	0		8	
3550	35.5000	0		8	
3551	35.5100	0		8	
3552	35.5200	0		8	
3553	35.5300	0		8	
3554	35.5400	0		8	
3555	35.5500	0		8	
3556	35.5600	0		8	
3557	35.5700	0		8	
3558	35.5800	0		8	
3559	35.5900	0		8	
3560	35.6000	0		8	
3561	35.6100	0		8	
3562	35.6200	0		8	
3563	35.6300	0		8	
3564	35.6400	0		8	
3565	35.6500	0		8	
3566	35.6600	0		8	
3567	35.6700	0		8	
3568	35.6800	0		8	
3569	35.6900	0		8	
3570	35.7000	0		8	
3571	35.7100	0		8	
3572	35.7200	0		8	
3573	35.7300	0		8	
3574	35.7400	0		8	
3575	35.7500	0		8	
3576	35.7600	0		8	
3577	35.7700	0		8	
3578	35.7800	0		8	
3579	35.7900	0		8	
3580	35.8000	0		8	
3581	35.8100	0		8	
3582	35.8200	0		8	
3583	35.8300	0		8	
3584	35.8400	0		8	
3585	35.8500	0		8	
3586	35.8600	0		8	
3587	35.8700	0		8	
3588	35.8800	0		8	
3589	35.8900	0		8	
3590	35.9000	0		8	
3591	35.9100	0		8	
3592	35.9200	0		8	
3593	35.9300	0		8	
3594	35.9400	0		8	
3595	35.9500	0		8	
3596	35.9600	0		8	
3597	35.9700	0		8	
3598	35.9800	0		8	
3599	35.9900	0		8	
3600	36.0000	0		8	
3601	36.0100	0		8	
3602	36.0200	0		8	
3603	36.0300	0		8	
3604	36.0400	0		8	
3605	36.0500	0		8	
3606	36.0600	0		8	
3607	36.0700	0		8	
3608	36.0800	0		8	
3609	36.0900	0		8	
3610	36.1000	0		8	
3611	36.1100	0		8	
3612	36.1200	0		8	
3613	36.1300	0		8	
3614	36.1400	0		8	
3615	36.1500	0		8	
3616	36.1600	0		8	
3617	36.1700	0		8	
3618	36.1800	0		8	
3619	36.1900	0		8	
3620	36.2000	0		8	
3621	36.2100	0		8	
3622	36.2200	0		8	
3623	36.2300	0		8	
3624	36.2400	0		8	
3625	36.2500	0		8	
3626	36.2600	0		8	
3627	36.2700	0		8	
3628	36.2800	0		8	
3629	36.2900	0		8	
3630	36.3000	0		8	
3631	36.3100	0		8	
3632	36.3200	0		8	
3633	36.3300	0		8	
3634	36.3400	0		8	
3635	36.3500	0		8	
3636	36.3600	0		8	
3637	36.3700	0		8	
3638	36.3800	0		8	
3639	36.3900	0		8	
3640	36.4000	0		8	
3641	36.4100	0		8	
3642	36.4200	0		8	
3643	36.4300	0		8	
3644	36.4400	0		8	
3645	36.4500	0		8	
3646	36.4600	0		8	
3647	36.4700	0		8	
3648	36.4800	0		8	
3649	36.4900	0		8	
3650	36.5000	0		8	
3651	36.5100	0		8	
3652	36.5200	0		8	
3653	36.5300	0		8	
3654	36.5400	0		8	
3655	36.5500	0		8	
3656	36.5600	0		8	
3657	36.5700	0		8	
3658	36.5800	0		8	
3659	36.5900	0		8	
3660	36.6000	0		8	
3661	36.6100	0		8	
3662	36.6200	0		8	
3663	36.6300	0		8	
3664	36.6400	0		8	
3665	36.6500	0		8	
3666	36.6600	0		8	
3667	36.6700	0		8	
3668	36.6800	0		8	
3669	36.6900	0		8	
3670	36.7000	0		8	
3671	36.7100	0		8	
3672	36.7200	0		8	
3673	36.7300	0		8	
3674	36.7400	0		8	
3675	36.7500	0		8	
3676	36.7600	0		8	
3677	36.7700	0		8	
3678	36.7800	0		8	
3679	36.7900	0		8	
3680	36.8000	0		8	
3681	36.8100	0		8	
3682	36.8200	0		8	
3683	36.8300	0		8	
3684	36.8400	0		8	
3685	36.8500	0		8	
3686	36.8600	0		8	
3687	36.8700	0		8	
3688	36.8800	0		8	
3689	36.8900	0		8	
3690	36.9000	0		8	
3691	36.9100	0		8	
3692	36.9200	0		8	
3693	36.9300	0		8	
3694	36.9400	0		8	
3695	36.9500	0		8	
3696	36.9600	0		8	
3697	36.9700	0		8	
3698	36.9800	0		8	
3699	36.9900	0		8	
3700	37.0000	0		8	
3701	37.0100	0		8	
3702	37.0200	0		8	
3703	37.0300	0		8	
3704	37.0400	0		8	
3705	37.0500	0		8	
3706	37.0600	0		8	
3707	37.0700	0		8	
3708	37.0800	0		8	
3709	37.0900	0		8	
3710	37.1000	0		8	
3711	37.1100	0		8	
3712	37.1200	0		8	
3713	37.1300	0		8	
3714	37.1400	0		8	
3715	37.1500	0		8	
3716	37.1600	0		8	
3717	37.1700	0		8	
3718	37.1800	0		8	
3719	37.1900	0		8	
3720	37.2000	0		8	
3721	37.2100	0		8	
3722	37.2200	0		8	
3723	37.2300	0		8	
3724	37.2400	0		8	
3725	37.2500	0		8	
3726	37.2600	0		8	
3727	37.2700	0		8	
3728	37.2800	0		8	
3729	37.2900	0		8	
3730	37.3000	0		8	
3731	37.3100	0		8	
3732	37.3200	0		8	
3733	37.3300	0		8	
3734	37.3400	0		8	
3735	37.3500	0		8	
3736	37.3600	0		8	
3737	37.3700	0		8	
3738	37.3800	0		8	
3739	37.3900	0		8	
3740	37.4000	0		8	
3741	37.4100	0		8	
3742	37.4200	0		8	
3743	37.4300	0		8	
3744	37.4400	0		8	
3745	37.4500	0		8	
3746	37.4600	0		8	
3747	37.4700	0		8	
3748	37.4800	0		8	
3749	37.4900	0		8	
3750	37.5000	0		8	
3751	37.5100	0		8	
3752	37.5200	0		8	
3753	37.5300	0		8	
3754	37.5400	0		8	
3755	37.5500	0		8	
3756	37.5600	0		8	
3757	37.5700	0		8	
3758	37.5800	0		8	
3759	37.5900	0		8	
3760	37.6000	0		8	
3761	37.6100	0		8	
3762	37.6200	0		8	
3763	37.6300	0		8	
3764	37.6400	0		8	
3765	37.6500	0		8	
3766	37.6600	0		8	
3767	37.6700	0		8	
3768	37.6800	0		8	
3769	37.6900	0		8	
3770	37.7000	0		8	
3771	37.7100	0		8	
3772	37.7200	0		8	
3773	37.7300	0		8	
3774	37.7400	0		8	
3775	37.7500	0		8	
3776	37.7600	0		8	
3777	37.7700	0		8	
3778	37.7800	0		8	
3779	37.7900	0		8	
3780	37.8000	0		8	
3781	37.8100	0		8	
3782	37.8200	0		8	
3783	37.8300	0		8	
3784	37.8400	0		8	
3785	37.8500	0		8	
3786	37.8600	0		8	
3787	37.8700	0		8	
3788	37.8800	0		8	
3789	37.8900	0		8	
3790	37.9000	0		8	
3791	37.9100	0		8	
3792	37.9200	0		8	
3793	37.9300	0		8	
3794	37.9400	0		8	
3795	37.9500	0		8	
3796	37.9600	0		8	
3797	37.9700	0		8	
3798	37.9800	0		8	
3799	37.9900	0		8	
3800	38.0000	0		8	
3801	38.0100	0		8	
3802	38.0200	0		8	
3803	38.0300	0		8	
3804	38.0400	0		8	
3805	38.0500	0		8	
3806	38.0600	0		8	
3807	38.0700	0		8	
3808	38.0800	0		8	
3809	38.0900	0		8	
3810	38.1000	0		8	
3811	38.1100	0		8	
3812	38.1200	0		8	
3813	38.1300	0		8	
3814	38.1400	0		8	
3815	38.1500	0		8	
3816	38.1600	0		8	
3817	38.1700	0		8	
3818	38.1800	0		8	
3819	38.1900	0		8	
3820	38.2000	0		8	
3821	38.2100	0		8	
3822	38.2200	0		8	
3823	38.2300	0		8	
3824	38.2400	0		8	
3825	38.2500	0		8	
3826	38.2600	0		8	
3827	38.2700	0		8	
3828	38.2800	0		8	
3829	38.2900	0		8	
3830	38.3000	0		8	
3831	38.3100	0		8	
3832	38.3200	0		8	
3833	38.3300	0		8	
3834	38.3400	0		8	
3835	38.3500	0		8	
3836	38.3600	0		8	
3837	38.3700	0		8	
3838	38.3800	0		8	
3839	38.3900	0		8	
3840	38.4000	0		8	
3841	38.4100	0		8	
3842	38.4200	0		8	
3843	38.4300	0		8	
3844	38.4400	0		8	
3845	38.4500	0		8	
3846	38.4600	0		8	
3847	38.4700	0		8	
3848	38.4800	0		8	
3849	38.4900	0		8	
3850	38.5000	0		8	
3851	38.5100	0		8	
3852	38.5200	0		8	
3853	38.5300	0		8	
3854	38.5400	0		8	
3855	38.5500	0		8	
3856	38.5600	0		8	
3857	38.5700	0		8	
3858	38.5800	0		8	
3859	38.5900	0		8	
3860	38.6000	0		8	
3861	38.6100	0		8	
3862	38.6200	0		8	
3863	38.6300	0		8	
3864	38.6400	0		8	
3865	38.6500	0		8	
3866	38.6600	0		8	
3867	38.6700	0		8	
3868	38.6800	0		8	
3869	38.6900	0		8	
3870	38.7000	0		8	
3871	38.7100	0		8	
3872	38.7200	0		8	
3873	38.7300	0		8	
3874	38.7400	0		8	
3875	38.7500	0		8	
3876	38.7600	0		8	
3877	38.7700	0		8	
3878	38.7800	0		8	
3879	38.7900	0		8	
3880	38.8000	0		8	
3881	38.8100	0		8	
3882	38.8200	0		8	
3883	38.8300	0		8	
3884	38.8400	0		8	
3885	38.8500	0		8	
3886	38.8600	0		8	
3887	38.8700	0		8	
3888	38.8800	0		8	
3889	38.8900	0		8	
3890	38.9000	0		8	
3891	38.9100	0		8	
3892	38.9200	0		8	
3893	38.9300	0		8	
3894	38.9400	0		8	
3895	38.9500	0		8	
3896	38.9600	0		8	
3897	38.9700	0		8	
3898	38.9800	0		8	
3899	38.9900	0		8	
3900	39.0000	0		8	
3901	39.0100	0		8	
3902	39.0200	0		8	
3903	39.0300	0		8	
3904	39.0400	0		8	
3905	39.0500	0		8	
3906	39.0600	0		8	
3907	39.0700	0		8	
3908	39.0800	0		8	
3909	39.0900	0		8	
3910	39.1000	0		8	
3911	39.1100	0		8	
3912	39.1200	0		8	
3913	39.1300	0		8	
3914	39.1400	0		8	
3915	39.1500	0		8	
3916	39.1600	0		8	
3917	39.1700	0		8	
3918	39.1800	0		8	
3919	39.1900	0		8	
3920	39.2000	0		8	
3921	39.2100	0		8	
3922	39.2200	0		8	
3923	39.2300	0		8	
3924	39.2400	0		8	
3925	39.2500	0		8	
3926	39.2600	0		8	
3927	39.2700	0		8	
3928	39.2800	0		8	
3929	39.2900	0		8	
3930	39.3000	0		8	
3931	39.3100	0		8	
3932	39.3200	0		8	
3933	39.3300	0		8	
3934	39.3400	0		8	
3935	39.3500	0		8	
3936	39.3600	0		8	
3937	39.3700	0		8	
3938	39.3800	0		8	
3939	39.3900	0		8	
3940	39.4000	0		8	
3941	39.4100	0		8	
3942	39.4200	0		8	
3943	39.4300	0		8	
3944	39.4400	0		8	
3945	39.4500	0		8	
3946	39.4600	0		8	
3947	39.4700	0		8	
3948	39.4800	0		8	
3949	39.4900	0		8	
3950	39.5000	0		8	
3951	39.5100	0		8	
3952	39.5200	0		8	
3953	39.5300	0		8	
3954	39.5400	0		8	
3955	39.5500	0		8	
3956	39.5600	0		8	
3957	39.5700	0		8	
3958	39.5800	0		8	
3959	39.5900	0		8	
3960	39.6000	0		8	
3961	39.6100	0		8	
3962	39.6200	0		8	
3963	39.6300	0		8	
3964	39.6400	0		8	
3965	39.6500	0		8	
3966	39.6600	0		8	
3967	39.6700	0		8	
3968	39.6800	0		8	
3969	39.6900	0		8	
3970	39.7000	0		8	
3971	39.7100	0		8	
3972	39.7200	0		8	
3973	39.7300	0		8	
3974	39.7400	0		8	
3975	39.7500	0		8	
3976	39.7600	0		8	
3977	39.7700	0		8	
3978	39.7800	0		8	
3979	39.7900	0		8	
3980	39.8000	0		8	
3981	39.8100	0		8	
3982	39.8200	0		8	
3983	39.8300	0		8	
3984	39.8400	0		8	
3985	39.8500	0		8	
3986	39.8600	0		8	
3987	39.8700	0		8	
3988	39.8800	0		8	
3989	39.8900	0		8	
3990	39.9000	0		8	
3991	39.9100	0		8	
3992	39.9200	0		8	
3993	39.9300	0		8	
3994	39.9400	0		8	
3995	39.9500	0		8	
3996	39.9600	0		8	
3997	39.9700	0		8	
3998	39.9800	0		8	
3999	39.9900	0		8	
4000	40.0000	0		8	
4001	40.0100	0		8	
4002	40.0200	0		8	
4003	40.0300	0		8	
4004	40.0400	0		8	
4005	40.0500	0		8	
4006	40.0600	0		8	
4007	40.0700	0		8	
4008	40.0800	0		8	
4009	40.0900	0		8	
4010	40.1000	0		8	
4011	40.1100	0		8	
4012	40.1200	0		8	
4013	40.1300	0		8	
4014	40.1400	0		8	
4015	40.1500	0		8	
4016	40.1600	0		8	
4017	40.1700	0		8	
4018	40.1800	0		8	
4019	40.1900	0		8	
4020	40.2000	0		8	
4021	40.2100	0		8	
4022	40.2200	0		8	
4023	40.2300	0		8	
4024	40.2400	0		8	
4025	40.2500	0		8	
4026	40.2600	0		8	
4027	40.2700	0		8	
4028	40.2800	0		8	
4029	40.2900	0		8	
4030	40.3000	0		8	
4031	40.3100	0		8	
4032	40.3200	0		8	
4033	40.3300	0		8	
4034	40.3400	0		8	
4035	40.3500	0		8	
4036	40.3600	0		8	
4037	40.3700	0		8	
4038	40.3800	0		8	
4039	40.3900	0		8	
4040	40.4000	0		8	
4041	40.4100	0		8	
4042	40.4200	0		8	
4043	40.4300	0		8	
4044	40.4400	0		8	
4045	40.4500	0		8	
4046	40.4600	0		8	
4047	40.4700	0		8	
4048	40.4800	0		8	
4049	40.4900	0		8	
4050	40.5000	0		8	
4051	40.5100	0		8	
4052	40.5200	0		8	
4053	40.5300	0		8	
4054	40.5400	0		8	
4055	40.5500	0		8	
4056	40.5600	0		8	
4057	40.5700	0		8	
4058	40.5800	0		8	
4059	40.5900	0		8	
4060	40.6000	0		8	
4061	40.6100	0		8	
4062	40.6200	0		8	
4063	40.6300	0		8	
4064	40.6400	0		8	
4065	40.6500	0		8	
4066	40.6600	0		8	
4067	40.6700	0		8	
4068	40.6800	0		8	
4069	40.6900	0		8	
4070	40.7000	0		8	
4071	40.7100	0		8	
4072	40.7200	0		8	
4073	40.7300	0		8	
4074	40.7400	0		8	
4075	40.7500	0		8	
4076	40.7600	0		8	
4077	40.7700	0		8	
4078	40.7800	0		8	
4079	40.7900	0		8	
4080	40.8000	0		8	
4081	40.8100	0		8	
4082	40.8200	0		8	
4083	40.8300	0		8	
4084	40.8400	0		8	
4085	40.8500	0		8	
4086	40.8600	0		8	
4087	40.8700	0		8	
4088	40.8800	0		8	
4089	40.8900	0		8	
4090	40.9000	0		8	
4091	40.9100	0		8	
4092	40.9200	0		8	
4093	40.9300	0		8	
4094	40.9400	0		8	
4095	40.9500	0		8	
4096	40.9600	0		8	
4097	40.9700	0		8	
4098	40.9800	0		8	
4099	40.9900	0		8	
4100	41.0000	0		8	
4101	41.0100	0		8	
4102	41.0200	0		8	
4103	41.0300	0		8	
4104	41.0400	0		8	
4105	41.0500	0		8	
4106	41.0600	0		8	
4107	41.0700	0		8	
4108	41.0800	0		8	
4109	41.0900	0		8	
4110	41.1000	0		8	
4111	41.1100	0		8	
4112	41.1200	0		8	
4113	41.1300	0		8	
4114	41.1400	0		8	
4115	41.1500	0		8	
4116	41.1600	0		8	
4117	41.1700	0		8	
4118	41.1800	0		8	
4119	41.1900	0		8	
4120	41.2000	0		8	
4121	41.2100	0		8	
4122	41.2200	0		8	
4123	41.2300	0		8	
4124	41.2400	0		8	
4125	41.2500	0		8	
4126	41.2600	0		8	
4127	41.2700	0		8	
4128	41.2800	0		8	
4129	41.2900	0		8	
4130	41.3000	0		8	
4131	41.3100	0		8	
4132	41.3200	0		8	
4133	41.3300	0		8	
4134	41.3400	0		8	
4135	41.3500	0		8	
4136	41.3600	0		8	
4137	41.3700	0		8	
4138	41.3800	0		8	
4139	41.3900	0		8	
4140	41.4000	0		8	
4141	41.4100	0		8	
4142	41.4200	0		8	
4143	41.4300	0		8	
4144	41.4400	0		8	
4145	41.4500	0		8	
4146	41.4600	0		8	
4147	41.4700	0		8	
4148	41.4800	0		8	
4149	41.4900	0		8	
4150	41.5000	0		8	
4151	41.5100	0		8	
4152	41.5200	0		8	
4153	41.5300	0		8	
4154	41.5400	0		8	
4155	41.5500	0		8	
4156	41.5600	0		8	
4157	41.5700	0		8	
4158	41.5800	0		8	
4159	41.5900	0		8	
4160	41.6000	0		8	
4161	41.6100	0		8	
4162	41.6200	0		8	
4163	41.6300	0		8	
4164	41.6400	0		8	
4165	41.6500	0		8	
4166	41.6600	0		8	
4167	41.6700	0		8	
4168	41.6800	0		8	
4169	41.6900	0		8	
4170	41.7000	0		8	
4171	41.7100	0		8	
4172	41.7200	0		8	
4173	41.7300	0		8	
4174	41.7400	0		8	
4175	41.7500	0		8	
4176	41.7600	0		8	
4177	41.7700	0		8	
4178	41.7800	0		8	
4179	41.7900	0		8	
4180	41.8000	0		8	
4181	41.8100	0		8	
4182	41.8200	0		8	
4183	41.8300	0		8	
4184	41.8400	0		8	
4185	41.8500	0		8	
4186	41.8600	0		8	
4187	41.8700	0		8	
4188	41.8800	0		8	
4189	41.8900	0		8	
4190	41.9000	0		8	
4191	41.9100	0		8	
4192	41.9200	0		8	
4193	41.9300	0		8	
4194	41.9400	0		8	
4195	41.9500	0		8	
4196	41.9600	0		8	
4197	41.9700	0		8	
4198	41.9800	0		8	
4199	41.9900	0		8	
4200	42.0000	0		8	
4201	42.0100	0		8	
4202	42.0200	0		8	
4203	42.0300	0		8	
4204	42.0400	0		8	
4205	42.0500	0		8	
4206	42.0600	0		8	
4207	42.0700	0		8	
4208	42.0800	0		8	
4209	42.0900	0		8	
4210	42.1000	0		8	
4211	42.1100	0		8	
4212	42.1200	0		8	
4213	42.1300	0		8	
4214	42.1400	0		8	
4215	42.1500	0		8	
4216	42.1600	0		8	
4217	42.1700	0		8	
4218	42.1800	0		8	
4219	42.1900	0		8	
4220	42.2000	0		8	
4221	42.2100	0		8	
4222	42.2200	0		8	
4223	42.2300	0		8	
4224	42.2400	0		8	
4225	42.2500	0		8	
4226	42.2600	0		8	
4227	42.2700	0		8	
4228	42.2800	0		8	
4229	42.2900	0		8	
4230	42.3000	0		8	
4231	42.3100	0		8	
4232	42.3200	0		8	
4233	42.3300	0		8	
4234	42.3400	0		8	
4235	42.3500	0		8	
4236	42.3600	0		8	
4237	42.3700	0		8	
4238	42.3800	0		8	
4239	42.3900	0		8	
4240	42.4000	0		8	
4241	42.4100	0		8	
4242	42.4200	0		8	
4243	42.4300	0		8	
4244	42.4400	0		8	
4245	42.4500	0		8	
4246	42.4600	0		8	
4247	42.4700	0		8	
4248	42.4800	0		8	
4249	42.4900	0		8	
4250	42.5000	0		8	
4251	42.5100	0		8	
4252	42.5200	0		8	
4253	42.5300	0		8	
4254	42.5400	0		8	
4255	42.5500	0		8	
4256	42.5600	0		8	
4257	42.5700	0		8	
4258	42.5800	0		8	
4259	42.5900	0		8	
4260	42.6000	0		8	
4261	42.6100	0		8	
4262	42.6200	0		8	
4263	42.6300	0		8	
4264	42.6400	0		8	
4265	42.6500	0		8	
4266	42.6600	0		8	
4267	42.6700	0		8	
4268	42.6800	0		8	
4269	42.6900	0		8	
4270	42.7000	0		8	
4271	42.7100	0		8	
4272	42.7200	0		8	
4273	42.7300	0		8	
4274	42.7400	0		8	
4275	42.7500	0		8	
4276	42.7600	0		8	
4277	42.7700	0		8	
4278	42.7800	0		8	
4279	42.7900	0		8	
4280	42.8000	0		8	
4281	42.8100	0		8	
4282	42.8200	0		8	
4283	42.8300	0		8	
4284	42.8400	0		8	
4285	42.8500	0		8	
4286	42.8600	0		8	
4287	42.8700	0		8	
4288	42.8800	0		8	
4289	42.8900	0		8	
4290	42.9000	0		8	
4291	42.9100	0		8	
4292	42.9200	0		8	
4293	42.9300	0		8	
4294	42.9400	0		8	
4295	42.9500	0		8	
4296	42.9600	0		8	
4297	42.9700	0		8	
4298	42.9800	0		8	
4299	42.9900	0		8	
4300	43.0000	0		8	
4301	43.0100	0		8	
4302	43.0200	0		8	
4303	43.0300	0		8	
4304	43.0400	0		8	
4305	43.0500	0		8	
4306	43.0600	0		8	
4307	43.0700	0		8	
4308	43.0800	0		8	
4309	43.0900	0		8	
4310	43.1000	0		8	
4311	43.1100	0		8	
4312	43.1200	0		8	
4313	43.1300	0		8	
4314	43.1400	0		8	
4315	43.1500	0		8	
4316	43.1600	0		8	
4317	43.1700	0		8	
4318	43.1800	0		8	
4319	43.1900	0		8	
4320	43.2000	0		8	
4321	43.2100	0		8	
4322	43.2200	0		8	
4323	43.2300	0		8	
4324	43.2400	0		8	
4325	43.2500	0		8	
4326	43.2600	0		8	
4327	43.2700	0		8	
4328	43.2800	0		8	
4329	43.2900	0		8	
4330	43.3000	0		8	
4331	43.3100	0		8	
4332	43.3200	0		8	
4333	43.3300	0		8	
4334	43.3400	0		8	
4335	43.3500	0		8	
4336	43.3600	0		8	
4337	43.3700	0		8	
4338	43.3800	0		8	
4339	43.3900	0		8	
4340	43.4000	0		8	
4341	43.4100	0		8	
4342	43.4200	0		8	
4343	43.4300	0		8	
4344	43.4400	0		8	
4345	43.4500	0		8	
4346	43.4600	0		8	
4347	43.4700	0		8	
4348	43.4800	0		8	
4349	43.4900	0		8	
4350	43.5000	0		8	
4351	43.5100	0		8	
4352	43.5200	0		8	
4353	43.5300	0		8	
4354	43.5400	0		8	
4355	43.5500	0		8	
4356	43.5600	0		8	
4357	43.5700	0		8	
4358	43.5800	0		8	
4359	43.5900	0		8	
4360	43.6000	0		8	
4361	43.6100	0		8	
4362	43.6200	0		8	
4363	43.6300	0		8	
4364	43.6400	0		8	
4365	43.6500	0		8	
4366	43.6600	0		8	
4367	43.6700	0		8	
4368	43.6800	0		8	
4369	43.6900	0		8	
4370	43.7000	0		8	
4371	43.7100	0		8	
4372	43.7200	0		8	
4373	43.7300	0		8	
4374	43.7400	0		8	
4375	43.7500	0		8	
4376	43.7600	0		8	
4377	43.7700	0		8	
4378	43.7800	0		8	
4379	43.7900	0		8	
4380	43.8000	0		8	
4381	43.8100	0		8	
4382	43.8200	0		8	
4383	43.8300	0		8	
4384	43.8400	0		8	
4385	43.8500	0		8	
4386	43.8600	0		8	
4387	43.8700	0		8	
4388	43.8800	0		8	
4389	43.8900	0		8	
4390	43.9000	0		8	
4391	43.9100	0		8	
4392	43.9200	0		8	
4393	43.9300	0		8	
4394	43.9400	0		8	
4395	43.9500	0		8	
4396	43.9600	0		8	
4397	43.9700	0		8	
4398	43.9800	0		8	
4399	43.9900	0		8	
4400	44.0000	0		8	
4401	44.0100	0		8	
4402	44.0200	0		8	
4403	44.0300	0		8	
4404	44.0400	0		8	
4405	44.0500	0		8	
4406	44.0600	0		8	
4407	44.0700	0		8	
4408	44.0800	0		8	
4409	44.0900	0		8	
4410	44.1000	0		8	
4411	44.1100	0		8	
4412	44.1200	0		8	
4413	44.1300	0		8	
4414	44.1400	0		8	
4415	44.1500	0		8	
4416	44.1600	0		8	
4417	44.1700	0		8	
4418	44.1800	0		8	
4419	44.1900	0		8	
4420	44.2000	0		8	
4421	44.2100	0		8	
4422	44.2200	0		8	
4423	44.2300	0		8	
4424	44.2400	0		8	
4425	44.2500	0		8	
4426	44.2600	0		8	
4427	44.2700	0		8	
4428	44.2800	0		8	
4429	44.2900	0		8	
4430	44.3000	0		8	
4431	44.3100	0		8	
4432	44.3200	0		8	
4433	44.3300	0		8	
4434	44.3400	0		8	
4435	44.3500	0		8	
4436	44.3600	0		8	
4437	44.3700	0		8	
4438	44.3800	0		8	
4439	44.3900	0		8	
4440	44.4000	0		8	
4441	44.4100	0		8	
4442	44.4200	0		8	
4443	44.4300	0		8	
4444	44.4400	0		8	
4445	44.4500	0		8	
4446	44.4600	0		8	
4447	44.4700	0		8	
4448	44.4800	0		8	
4449	44.4900	0		8	
4450	44.5000	0		8	
4451	44.5100	0		8	
4452	44.5200	0		8	
4453	44.5300	0		8	
4454	44.5400	0		8	
4455	44.5500	0		8	
4456	44.5600	0		8	
4457	44.5700	0		8	
4458	44.5800	0		8	
4459	44.5900	0		8	
4460	44.6000	0		8	
4461	44.6100	0		8	
4462	44.6200	0		8	
4463	44.6300	0		8	
4464	44.6400	0		8	
4465	44.6500	0		8	
4466	44.6600	0		8	
4467	44.6700	0		8	
4468	44.6800	0		8	
4469	44.6900	0		8	
4470	44.7000	0		8	
4471	44.7100	0		8	
4472	44.7200	0		8	
4473	44.7300	0		8	
4474	44.7400	0		8	
4475	44.7500	0		8	
4476	44.7600	0		8	
4477	44.7700	0		8	
4478	44.7800	0		8	
4479	44.7900	0		8	
4480	44.8000	0		8	
4481	44.8100	0		8	
4482	44.8200	0		8	
4483	44.8300	0		8	
4484	44.8400	0		8	
4485	44.8500	0		8	
4486	44.8600	0		8	
4487	44.8700	0		8	
4488	44.8800	0		8	
4489	44.8900	0		8	
4490	44.9000	0		8	
4491	44.9100	0		8	
4492	44.9200	0		8	
4493	44.9300	0		8	
4494	44.9400	0		8	
4495	44.9500	0		8	
4496	44.9600	0		8	
4497	44.9700	0		8	
4498	44.9800	0		8	
4499	44.9900	0		8	
4500	45.0000	0		8	
4501	45.0100	0		8	
4502	45.0200	0		8	
4503	45.0300	0		8	
4504	45.0400	0		8	
4505	45.0500	0		8	
4506	45.0600	0		8	
4507	45.0700	0		8	
4508	45.0800	0		8	
4509	45.0900	0		8	
4510	45.1000	0		8	
4511	45.1100	0		8	
4512	45.1200	0		8	
4513	45.1300	0		8	
4514	45.1400	0		8	
4515	45.1500	0		8	
4516	45.1600	0		8	
4517	45.1700	0		8	
4518	45.1800	0		8	
4519	45.1900	0		8	
4520	45.2000	0		8	
4521	45.2100	0		8	
4522	45.2200	0		8	
4523	45.2300	0		8	
4524	45.2400	0		8	
4525	45.2500	0		8	
4526	45.2600	0		8	
4527	45.2700	0		8	
4528	45.2800	0		8	
4529	45.2900	0		8	
4530	45.3000	0		8	
4531	45.3100	0		8	
4532	45.3200	0		8	
4533	45.3300	0		8	
4534	45.3400	0		8	
4535	45.3500	0		8	
4536	45.3600	0		8	
4537	45.3700	0		8	
4538	45.3800	0		8	
4539	45.3900	0		8	
4540	45.4000	0		8	
4541	45.4100	0		8	
4542	45.4200	0		8	
4543	45.4300	0		8	
4544	45.4400	0		8	
4545	45.4500	0		8	
4546	45.4600	0		8	
4547	45.4700	0		8	
4548	45.4800	0		8	
4549	45.4900	0		8	
4550	45.5000	0		8	
4551	45.5100	0		8	
4552	45.5200	0		8	
4553	45.5300	0		8	
4554	45.5400	0		8	
4555	45.5500	0		8	
4556	45.5600	0		8	
4557	45.5700	0		8	
4558	45.5800	0		8	
4559	45.5900	0		8	
4560	45.6000	0		8	
4561	45.6100	0		8	
4562	45.6200	0		8	
4563	45.6300	0		8	
4564	45.6400	0		8	
4565	45.6500	0		8	
4566	45.6600	0		8	
4567	45.6700	0		8	
4568	45.6800	0		8	
4569	45.6900	0		8	
4570	45.7000	0		8	
4571	45.7100	0		8	
4572	45.7200	0		8	
4573	45.7300	0		8	
4574	45.7400	0		8	
4575	45.7500	0		8	
4576	45.7600	0		8	
4577	45.7700	0		8	
4578	45.7800	0		8	
4579	45.7900	0		8	
4580	45.8000	0		8	
4581	45.8100	0		8	
4582	45.8200	0		8	
4583	45.8300	0		8	
4584	45.8400	0		8	
4585	45.8500	0		8	
4586	45.8600	0		8	
4587	45.8700	0		8	
4588	45.8800	0		8	
4589	45.8900	0		8	
4590	45.9000	0		8	
4591	45.9100	0		8	
4592	45.9200	0		8	
4593	45.9300	0		8	
4594	45.9400	0		8	
4595	45.9500	0		8	
4596	45.9600	0		8	
4597	45.9700	0		8	
4598	45.9800	0		8	
4599	45.9900	0		8	
4600	46.0000	0		8	
4601	46.0100	0		8	
4602	46.0200	0		8	
4603	46.0300	0		8	
4604	46.0400	0		8	
4605	46.0500	0		8	
4606	46.0600	0		8	
4607	46.0700	0		8	
4608	46.0800	0		8	
4609	46.0900	0		8	
4610	46.1000	0		8	
4611	46.1100	0		8	
4612	46.1200	0		8	
4613	46.1300	0		8	
4614	46.1400	0		8	
4615	46.1500	0		8	
4616	46.1600	0		8	
4617	46.1700	0		8	
4618	46.1800	0		8	
4619	46.1900	0		8	
4620	46.2000	0		8	
4621	46.2100	0		8	
4622	46.2200	0		8	
4623	46.2300	0		8	
4624	46.2400	0		8	
4625	46.2500	0		8	
4626	46.2600	0		8	
4627	46.2700	0		8	
4628	46.2800	0		8	
4629	46.2900	0		8	
4630	46.3000	0		8	
4631	46.3100	0		8	
4632	46.3200	0		8	
4633	46.3300	0		8	
4634	46.3400	0		8	
4635	46.3500	0		8	
4636	46.3600	0		8	
4637	46.3700	0		8	
4638	46.3800	0		8	
4639	46.3900	0		8	
4640	46.4000	0		8	
4641	46.4100	0		8	
4642	46.4200	0		8	
4643	46.4300	0		8	
4644	46.4400	0		8	
4645	46.4500	0		8	
4646	46.4600	0		8	
4647	46.4700	0		8	
4648	46.4800	0		8	
4649	46.4900	0		8	
4650	46.5000	0		8	
4651	46.5100	0		8	
4652	46.5200	0		8	
4653	46.5300	0		8	
4654	46.5400	0		8	
4655	46.5500	0		8	
4656	46.5600	0		8	
4657	46.5700	0		8	
4658	46.5800	0		8	
4659	46.5900	0		8	
4660	46.6000	0		8	
4661	46.6100	0		8	
4662	46.6200	0		8	
4663	46.6300	0		8	
4664	46.6400	0		8	
4665	46.6500	0		8	
4666	46.6600	0		8	
4667	46.6700	0		8	
4668	46.6800	0		8	
4669	46.6900	0		8	
4670	46.7000	0		8	
4671	46.7100	0		8	
4672	46.7200	0		8	
4673	46.7300	0		8	
4674	46.7400	0		8	
4675	46.7500	0		8	
4676	46.7600	0		8	
4677	46.7700	0		8	
4678	46.7800	0		8	
4679	46.7900	0		8	
4680	46.8000	0		8	
4681	46.8100	0		8	
4682	46.8200	0		8	
4683	46.8300	0		8	
4684	46.8400	0		8	
4685	46.8500	0		8	
4686	46.8600	0		8	
4687	46.8700	0		8	
4688	46.8800	0		8	
4689	46.8900	0		8	
4690	46.9000	0		8	
4691	46.9100	0		8	
4692	46.9200	0		8	
4693	46.9300	0		8	
4694	46.9400	0		8	
4695	46.9500	0		8	
4696	46.9600	0		8	
4697	46.9700	0		8	
4698	46.9800	0		8	
4699	46.9900	0		8	
4700	47.0000	0		8	
4701	47.0100	0		8	
4702	47.0200	0		8	
4703	47.0300	0		8	
4704	47.0400	0		8	
4705	47.0500	0		8	
4706	47.0600	0		8	
4707	47.0700	0		8	
4708	47.0800	0		8	
4709	47.0900	0		8	
4710	47.1000	0		8	
4711	47.1100	0		8	
4712	47.1200	0		8	
4713	47.1300	0		8	
4714	47.1400	0		8	
4715	47.1500	0		8	
4716	47.1600	0		8	
4717	47.1700	0		8	
4718	47.1800	0		8	
4719	47.1900	0		8	
4720	47.2000	0		8	
4721	47.2100	0		8	
4722	47.2200	0		8	
4723	47.2300	0		8	
4724	47.2400	0		8	
4725	47.2500	0		8	
4726	47.2600	0		8	
4727	47.2700	0		8	
4728	47.2800	0		8	
4729	47.2900	0		8	
4730	47.3000	0		8	
4731	47.3100	0		8	
4732	47.3200	0		8	
4733	47.3300	0		8	
4734	47.3400	0		8	
4735	47.3500	0		8	
4736	47.3600	0		8	
4737	47.3700	0		8	
4738	47.3800	0		8	
4739	47.3900	0		8	
4740	47.4000	0		8	
4741	47.4100	0		8	
4742	47.4200	0		8	
4743	47.4300	0		8	
4744	47.4400	0		8	
4745	47.4500	0		8	
4746	47.4600	0		8	
4747	47.4700	0		8	
4748	47.4800	0		8	
4749	47.4900	0		8	
4750	47.5000	0		8	
4751	47.5100	0		8	
4752	47.5200	0		8	
4753	47.5300	0		8	
4754	47.5400	0		8	
4755	47.5500	0		8	
4756	47.5600	0		8	
4757	47.5700	0		8	
4758	47.5800	0		8	
4759	47.5900	0		8	
4760	47.6000	0		8	
4761	47.6100	0		8	
4762	47.6200	0		8	
4763	47.6300	0		8	
4764	47.6400	0		8	
4765	47.6500	0		8	
4766	47.6600	0		8	
4767	47.6700	0		8	
4768	47.6800	0		8	
4769	47.6900	0		8	
4770	47.7000	0		8	
4771	47.7100	0		8	
4772	47.7200	0		8	
4773	47.7300	0		8	
4774	47.7400	0		8	
4775	47.7500	0		8	
4776	47.7600	0		8	
4777	47.7700	0		8	
4778	47.7800	0		8	
4779	47.7900	0		8	
4780	47.8000	0		8	
4781	47.8100	0		8	
4782	47.8200	0		8	
4783	47.8300	0		8	
4784	47.8400	0		8	
4785	47.8500	0		8	
4786	47.8600	0		8	
4787	47.8700	0		8	
4788	47.8800	0		8	
4789	47.8900	0		8	
4790	47.9000	0		8	
4791	47.9100	0		8	
4792	47.9200	0		8	
4793	47.9300	0		8	
4794	47.9400	0		8	
4795	47.9500	0		8	
4796	47.9600	0		8	
4797	47.9700	0		8	
4798	47.9800	0		8	
4799	47.9900	0		8	
4800	48.0000	0		8	
4801	48.0100	0		8	
4802	48.0200	0		8	
4803	48.0300	0		8	
4804	48.0400	0		8	
4805	48.0500	0		8	
4806	48.0600	0		8	
4807	48.0700	0		8	
4808	48.0800	0		8	
4809	48.0900	0		8	
4810	48.1000	0		8	
4811	48.1100	0		8	
4812	48.1200	0		8	
4813	48.1300	0		8	
4814	48.1400	0		8	
4815	48.1500	0		8	
4816	48.1600	0		8	
4817	48.1700	0		8	
4818	48.1800	0		8	
4819	48.1900	0		8	
4820	48.2000	0		8	
4821	48.2100	0		8	
4822	48.2200	0		8	
4823	48.2300	0		8	
4824	48.2400	0		8	
4825	48.2500	0		8	
4826	48.2600	0		8	
4827	48.2700	0		8	
4828	48.2800	0		8	
4829	48.2900	0		8	
4830	48.3000	0		8	
4831	48.3100	0		8	
4832	48.3200	0		8	
4833	48.3300	0		8	
4834	48.3400	0		8	
4835	48.3500	0		8	
4836	48.3600	0		8	
4837	48.3700	0		8	
4838	48.3800	0		8	
4839	48.3900	0		8	
4840	48.4000	0		8	
4841	48.4100	0		8	
4842	48.4200	0		8	
4843	48.4300	0		8	
4844	48.4400	0		8	
4845	48.4500	0		8	
4846	48.4600	0		8	
4847	48.4700	0		8	
4848	48.4800	0		8	
4849	48.4900	0		8	
4850	48.5000	0		8	
4851	48.5100	0		8	
4852	48.5200	0		8	
4853	48.5300	0		8	
4854	48.5400	0		8	
4855	48.5500	0		8	
4856	48.5600	0		8	
4857	48.5700	0		8	
4858	48.5800	0		8	
4859	48.5900	0		8	
4860	48.6000	0		8	
4861	48.6100	0		8	
4862	48.6200	0		8	
4863	48.6300	0		8	
4864	48.6400	0		8	
4865	48.6500	0		8	
4866	48.6600	0		8	
4867	48.6700	0		8	
4868	48.6800	0		8	
4869	48.6900	0		8	
4870	48.7000	0		8	
4871	48.7100	0		8	
4872	48.7200	0		8	
4873	48.7300	0		8	
4874	48.7400	0		8	
4875	48.7500	0		8	
4876	48.7600	0		8	
4877	48.7700	0		8	
4878	48.7800	0		8	
4879	48.7900	0		8	
4880	48.8000	0		8	
4881	48.8100	0		8	
4882	48.8200	0		8	
4883	48.8300	0		8	
4884	48.8400	0		8	
4885	48.8500	0		8	
4886	48.8600	0		8	
4887	48.8700	0		8	
4888	48.8800	0		8	
4889	48.8900	0		8	
4890	48.9000	0		8	
4891	48.9100	0		8	
4892	48.9200	0		8	
4893	48.9300	0		8	
4894	48.9400	0		8	
4895	48.9500	0		8	
4896	48.9600	0		8	
4897	48.9700	0		8	
4898	48.9800	0		8	
4899	48.9900	0		8	
4900	49.0000	0		8	
4901	49.0100	0		8	
4902	49.0200	0		8	
4903	49.0300	0		8	
4904	49.0400	0		8	
4905	49.0500	0		8	
4906	49.0600	0		8	
4907	49.0700	0		8	
4908	49.0800	0		8	
4909	49.0900	0		8	
4910	49.1000	0		8	
4911	49.1100	0		8	
4912	49.1200	0		8	
4913	49.1300	0		8	
4914	49.1400	0		8	
4915	49.1500	0		8	
4916	49.1600	0		8	
4917	49.1700	0		8	
4918	49.1800	0		8	
4919	49.1900	0		8	
4920	49.2000	0		8	
4921	49.2100	0		8	
4922	49.2200	0		8	
4923	49.2300	0		8	
4924	49.2400	0		8	
4925	49.2500	0		8	
4926	49.2600	0		8	
4927	49.2700	0		8	
4928	49.2800	0		8	
4929	49.2900	0		8	
4930	49.3000	0		8	
4931	49.3100	0		8	
4932	49.3200	0		8	
4933	49.3300	0		8	
4934	49.3400	0		8	
4935	49.3500	0		8	
4936	49.3600	0		8	
4937	49.3700	0		8	
4938	49.3800	0		8	
4939	49.3900	0		8	
4940	49.4000	0		8	
4941	49.4100	0		8	
4942	49.4200	0		8	
4943	49.4300	0		8	
4944	49.4400	0		8	
4945	49.4500	0		8	
4946	49.4600	0		8	
4947	49.4700	0		8	
4948	49.4800	0		8	
4949	49.4900	0		8	
4950	49.5000	0		8	
4951	49.5100	0		8	
4952	49.5200	0		8	
4953	49.5300	0		8	
4954	49.5400	0		8	
4955	49.5500	0		8	
4956	49.5600	0		8	
4957	49.5700	0		8	
4958	49.5800	0		8	
4959	49.5900	0		8	
4960	49.6000	0		8	
4961	49.6100	0		8	
4962	49.6200	0		8	
4963	49.6300	0		8	
4964	49.6400	0		8	
4965	49.6500	0		8	
4966	49.6600	0		8	
4967	49.6700	0		8	
4968	49.6800	0		8	
4969	49.6900	0		8	
4970	49.7000	0		8	
4971	49.7100	0		8	
4972	49.7200	0		8	
4973	49.7300	0		8	
4974	49.7400	0		8	
4975	49.7500	0		8	
4976	49.7600	0		8	
4977	49.7700	0		8	
4978	49.7800	0		8	
4979	49.7900	0		8	
4980	49.8000	0		8	
4981	49.8100	0		8	
4982	49.8200	0		8	
4983	49.8300	0		8	
4984	49.8400	0		8	
4985	49.8500	0		8	
4986	49.8600	0		8	
4987	49.8700	0		8	
4988	49.8800	0		8	
4989	49.8900	0		8	
4990	49.9000	0		8	
4991	49.9100	0		8	
4992	49.9200	0		8	
4993	49.9300	0		8	
4994	49.9400	0		8	
4995	49.9500	0		8	
4996	49.9600	0		8	
4997	49.9700	0		8	
4998	49.9800	0		8	
4999	49.9900	0		8	
5000	50.0000	0		8	
