#	time(s)	count A	count B	count C	count D
1	0.0100	117		111	
2	0.0200	117		111	
3	0.0300	117		111	
4	0.0400	117		111	
5	0.0500	117		111	
6	0.0600	117		111	
7	0.0700	117		111	
8	0.0800	117		111	
9	0.0900	117		111	
10	0.1000	117		111	
11	0.1100	117		111	
12	0.1200	117		111	
13	0.1300	117		111	
14	0.1400	117		110	
15	0.1500	116		110	
16	0.1600	116		110	
17	0.1700	116		109	
18	0.1800	116		108	
19	0.1900	115		107	
20	0.2000	114		106	
21	0.2100	112		104	
22	0.2200	111		103	
23	0.2300	109		101	
24	0.2400	107		99	
25	0.2500	105		97	
26	0.2600	103		94	
27	0.2700	100		92	
28	0.2800	98		90	
29	0.2900	95		87	
30	0.3000	92		84	
31	0.3100	88		81	
32	0.3200	85		78	
33	0.3300	82		74	
34	0.3400	78		71	
35	0.3500	74		68	
36	0.3600	70		64	
37	0.3700	66		60	
38	0.3800	62		56	
39	0.3900	58		52	
40	0.4000	54		48	
41	0.4100	50		44	
42	0.4200	45		40	
43	0.4300	40		36	
44	0.4400	36		32	
45	0.4500	32		28	
46	0.4600	27		23	
47	0.4700	22		19	
48	0.4800	18		15	
49	0.4900	14		10	
50	0.5000	9		6	
51	0.5100	4		2	
52	0.5200	0		-3	
53	0.5300	-4		-7	
54	0.5400	-9		-12	
55	0.5500	-14		-16	
56	0.5600	-18		-20	
57	0.5700	-22		-24	
58	0.5800	-26		-28	
59	0.5900	-30		-32	
60	0.6000	-34		-36	
61	0.6100	-38		-40	
62	0.6200	-41		-44	
63	0.6300	-44		-48	
64	0.6400	-48		-52	
65	0.6500	-52		-55	
66	0.6600	-55		-59	
67	0.6700	-58		-62	
68	0.6800	-62		-65	
69	0.6900	-64		-68	
70	0.7000	-67		-71	
71	0.7100	-70		-74	
72	0.7200	-72		-77	
73	0.7300	-74		-79	
74	0.7400	-76		-82	
75	0.7500	-79		-84	
76	0.7600	-80		-86	
77	0.7700	-82		-88	
78	0.7800	-84		-89	
79	0.7900	-85		-91	
80	0.8000	-86		-92	
81	0.8100	-88		-93	
82	0.8200	-88		-94	
83	0.8300	-89		-95	
84	0.8400	-90		-95	
85	0.8500	-90		-96	
86	0.8600	-90		-96	
87	0.8700	-90		-96	
88	0.8800	-90		-96	
89	0.8900	-90		-95	
90	0.9000	-90		-95	
91	0.9100	-89		-94	
92	0.9200	-88		-93	
93	0.9300	-88		-92	
94	0.9400	-86		-91	
95	0.9500	-86		-89	
96	0.9600	-84		-88	
97	0.9700	-82		-86	
98	0.9800	-81		-84	
99	0.9900	-79		-82	
100	1.0000	-78		-80	
101	1.0100	-76		-77	
102	1.0200	-74		-75	
103	1.0300	-71		-72	
104	1.0400	-69		-69	
105	1.0500	-66		-66	
106	1.0600	-64		-63	
107	1.0700	-62		-60	
108	1.0800	-59		-57	
109	1.0900	-56		-54	
110	1.1000	-53		-50	
111	1.1100	-50		-46	
112	1.1200	-47		-43	
113	1.1300	-44		-39	
114	1.1400	-41		-36	
115	1.1500	-38		-32	
116	1.1600	-35		-28	
117	1.1700	-32		-24	
118	1.1800	-29		-20	
119	1.1900	-25		-17	
120	1.2000	-22		-13	
121	1.2100	-18		-9	
122	1.2200	-15		-5	
123	1.2300	-12		-1	
124	1.2400	-8		3	
125	1.2500	-4		7	
126	1.2600	-1		10	
127	1.2700	2		14	
128	1.2800	6		18	
129	1.2900	9		21	
130	1.3000	12		25	
131	1.3100	16		28	
132	1.3200	19		32	
133	1.3300	22		35	
134	1.3400	26		38	
135	1.3500	29		42	
136	1.3600	32		44	
137	1.3700	35		47	
138	1.3800	38		50	
139	1.3900	41		53	
140	1.4000	44		55	
141	1.4100	46		58	
142	1.4200	49		60	
143	1.4300	52		62	
144	1.4400	54		64	
145	1.4500	56		66	
146	1.4600	58		68	
147	1.4700	61		70	
148	1.4800	63		71	
149	1.4900	64		72	
150	1.5000	66		74	
151	1.5100	68		75	
152	1.5200	70		76	
153	1.5300	71		76	
154	1.5400	72		77	
155	1.5500	73		77	
156	1.5600	74		78	
157	1.5700	75		78	
158	1.5800	76		78	
159	1.5900	76		78	
160	1.6000	76		78	
161	1.6100	77		77	
162	1.6200	77		77	
163	1.6300	77		76	
164	1.6400	77		75	
165	1.6500	76		74	
166	1.6600	76		73	
167	1.6700	76		72	
168	1.6800	74		70	
169	1.6900	74		69	
170	1.7000	73		68	
171	1.7100	72		66	
172	1.7200	70		64	
173	1.7300	69		62	
174	1.7400	68		60	
175	1.7500	66		58	
176	1.7600	64		56	
177	1.7700	62		54	
178	1.7800	60		52	
179	1.7900	58		49	
180	1.8000	56		47	
181	1.8100	53		44	
182	1.8200	51		42	
183	1.8300	48		39	
184	1.8400	46		36	
185	1.8500	43		34	
186	1.8600	40		31	
187	1.8700	38		28	
188	1.8800	35		25	
189	1.8900	32		22	
190	1.9000	29		20	
191	1.9100	26		17	
192	1.9200	23		14	
193	1.9300	20		11	
194	1.9400	16		8	
195	1.9500	13		5	
196	1.9600	10		2	
197	1.9700	7		0	
198	1.9800	4		-3	
199	1.9900	1		-6	
200	2.0000	-2		-9	
201	2.0100	-6		-12	
202	2.0200	-9		-14	
203	2.0300	-12		-17	
204	2.0400	-15		-20	
205	2.0500	-18		-22	
206	2.0600	-21		-25	
207	2.0700	-24		-27	
208	2.0800	-26		-30	
209	2.0900	-29		-32	
210	2.1000	-32		-34	
211	2.1100	-34		-36	
212	2.1200	-37		-39	
213	2.1300	-38		-41	
214	2.1400	-41		-43	
215	2.1500	-43		-45	
216	2.1600	-45		-46	
217	2.1700	-47		-48	
218	2.1800	-49		-50	
219	2.1900	-51		-51	
220	2.2000	-53		-53	
221	2.2100	-54		-54	
222	2.2200	-56		-55	
223	2.2300	-57		-56	
224	2.2400	-58		-57	
225	2.2500	-60		-58	
226	2.2600	-60		-59	
227	2.2700	-62		-60	
228	2.2800	-62		-60	
229	2.2900	-63		-61	
230	2.3000	-63		-61	
231	2.3100	-64		-62	
232	2.3200	-64		-62	
233	2.3300	-64		-62	
234	2.3400	-64		-62	
235	2.3500	-64		-62	
236	2.3600	-63		-61	
237	2.3700	-63		-61	
238	2.3800	-62		-60	
239	2.3900	-62		-60	
240	2.4000	-61		-59	
241	2.4100	-60		-58	
242	2.4200	-59		-58	
243	2.4300	-58		-56	
244	2.4400	-57		-55	
245	2.4500	-56		-54	
246	2.4600	-54		-53	
247	2.4700	-52		-52	
248	2.4800	-51		-50	
249	2.4900	-50		-48	
250	2.5000	-48		-47	
251	2.5100	-46		-45	
252	2.5200	-44		-43	
253	2.5300	-42		-41	
254	2.5400	-40		-39	
255	2.5500	-39		-37	
256	2.5600	-37		-35	
257	2.5700	-34		-33	
258	2.5800	-32		-31	
259	2.5900	-30		-29	
260	2.6000	-28		-26	
261	2.6100	-25		-24	
262	2.6200	-23		-22	
263	2.6300	-21		-19	
264	2.6400	-18		-17	
265	2.6500	-16		-14	
266	2.6600	-14		-12	
267	2.6700	-11		-9	
268	2.6800	-8		-6	
269	2.6900	-6		-4	
270	2.7000	-4		-1	
271	2.7100	-1		1	
272	2.7200	1		4	
273	2.7300	4		6	
274	2.7400	6		9	
275	2.7500	8		11	
276	2.7600	10		14	
277	2.7700	12		16	
278	2.7800	15		18	
279	2.7900	17		21	
280	2.8000	19		23	
281	2.8100	21		26	
282	2.8200	23		28	
283	2.8300	25		30	
284	2.8400	27		32	
285	2.8500	29		34	
286	2.8600	31		36	
287	2.8700	32		38	
288	2.8800	34		39	
289	2.8900	36		41	
290	2.9000	37		43	
291	2.9100	38		44	
292	2.9200	40		46	
293	2.9300	41		47	
294	2.9400	42		48	
295	2.9500	43		49	
296	2.9600	44		50	
297	2.9700	45		51	
298	2.9800	46		52	
299	2.9900	47		53	
300	3.0000	48		53	
301	3.0100	48		54	
302	3.0200	49		54	
303	3.0300	49		54	
304	3.0400	50		54	
305	3.0500	50		54	
306	3.0600	50		54	
307	3.0700	50		54	
308	3.0800	50		54	
309	3.0900	50		54	
310	3.1000	50		53	
311	3.1100	50		53	
312	3.1200	49		52	
313	3.1300	49		51	
314	3.1400	48		50	
315	3.1500	48		49	
316	3.1600	47		48	
317	3.1700	46		47	
318	3.1800	46		46	
319	3.1900	44		44	
320	3.2000	44		43	
321	3.2100	42		42	
322	3.2200	42		40	
323	3.2300	40		38	
324	3.2400	39		37	
325	3.2500	38		35	
326	3.2600	36		33	
327	3.2700	35		32	
328	3.2800	34		30	
329	3.2900	32		28	
330	3.3000	30		26	
331	3.3100	28		24	
332	3.3200	27		22	
333	3.3300	25		20	
334	3.3400	24		18	
335	3.3500	22		16	
336	3.3600	20		14	
337	3.3700	18		12	
338	3.3800	16		9	
339	3.3900	14		7	
340	3.4000	12		5	
341	3.4100	10		3	
342	3.4200	8		1	
343	3.4300	6		-1	
344	3.4400	4		-3	
345	3.4500	2		-5	
346	3.4600	0		-7	
347	3.4700	-2		-9	
348	3.4800	-4		-11	
349	3.4900	-6		-13	
350	3.5000	-8		-15	
351	3.5100	-10		-17	
352	3.5200	-12		-18	
353	3.5300	-14		-20	
354	3.5400	-16		-22	
355	3.5500	-18		-23	
356	3.5600	-20		-25	
357	3.5700	-21		-26	
358	3.5800	-23		-28	
359	3.5900	-24		-29	
360	3.6000	-26		-30	
361	3.6100	-28		-32	
362	3.6200	-30		-33	
363	3.6300	-31		-34	
364	3.6400	-32		-35	
365	3.6500	-34		-36	
366	3.6600	-35		-37	
367	3.6700	-36		-38	
368	3.6800	-37		-38	
369	3.6900	-38		-39	
370	3.7000	-39		-39	
371	3.7100	-39		-40	
372	3.7200	-40		-40	
373	3.7300	-40		-41	
374	3.7400	-41		-41	
375	3.7500	-42		-41	
376	3.7600	-42		-41	
377	3.7700	-42		-41	
378	3.7800	-43		-41	
379	3.7900	-43		-41	
380	3.8000	-43		-41	
381	3.8100	-43		-41	
382	3.8200	-43		-40	
383	3.8300	-43		-40	
384	3.8400	-43		-40	
385	3.8500	-42		-39	
386	3.8600	-42		-39	
387	3.8700	-42		-38	
388	3.8800	-41		-37	
389	3.8900	-40		-36	
390	3.9000	-40		-36	
391	3.9100	-39		-35	
392	3.9200	-38		-34	
393	3.9300	-38		-33	
394	3.9400	-37		-32	
395	3.9500	-36		-31	
396	3.9600	-35		-30	
397	3.9700	-34		-28	
398	3.9800	-32		-27	
399	3.9900	-31		-26	
400	4.0000	-30		-25	
401	4.0100	-28		-23	
402	4.0200	-27		-22	
403	4.0300	-25		-21	
404	4.0400	-24		-19	
405	4.0500	-22		-18	
406	4.0600	-20		-16	
407	4.0700	-19		-15	
408	4.0800	-17		-13	
409	4.0900	-16		-12	
410	4.1000	-14		-10	
411	4.1100	-12		-8	
412	4.1200	-10		-7	
413	4.1300	-8		-5	
414	4.1400	-6		-4	
415	4.1500	-5		-2	
416	4.1600	-3		0	
417	4.1700	-1		1	
418	4.1800	0		3	
419	4.1900	2		4	
420	4.2000	4		6	
421	4.2100	6		7	
422	4.2200	7		9	
423	4.2300	9		10	
424	4.2400	10		12	
425	4.2500	12		13	
426	4.2600	14		15	
427	4.2700	15		16	
428	4.2800	16		18	
429	4.2900	18		19	
430	4.3000	20		20	
431	4.3100	21		22	
432	4.3200	22		23	
433	4.3300	23		24	
434	4.3400	24		25	
435	4.3500	26		26	
436	4.3600	26		27	
437	4.3700	28		28	
438	4.3800	28		29	
439	4.3900	29		30	
440	4.4000	30		31	
441	4.4100	31		32	
442	4.4200	32		32	
443	4.4300	32		33	
444	4.4400	33		34	
445	4.4500	33		34	
446	4.4600	34		35	
447	4.4700	34		35	
448	4.4800	34		35	
449	4.4900	34		36	
450	4.5000	34		36	
451	4.5100	34		36	
452	4.5200	34		36	
453	4.5300	34		36	
454	4.5400	34		36	
455	4.5500	34		36	
456	4.5600	34		36	
457	4.5700	34		35	
458	4.5800	34		35	
459	4.5900	33		35	
460	4.6000	32		34	
461	4.6100	32		34	
462	4.6200	32		33	
463	4.6300	31		32	
464	4.6400	30		32	
465	4.6500	30		31	
466	4.6600	29		30	
467	4.6700	28		29	
468	4.6800	27		28	
469	4.6900	26		27	
470	4.7000	25		26	
471	4.7100	24		25	
472	4.7200	23		24	
473	4.7300	22		23	
474	4.7400	21		22	
475	4.7500	20		20	
476	4.7600	19		19	
477	4.7700	18		18	
478	4.7800	16		16	
479	4.7900	15		15	
480	4.8000	14		14	
481	4.8100	13		12	
482	4.8200	12		11	
483	4.8300	10		9	
484	4.8400	9		8	
485	4.8500	8		6	
486	4.8600	6		5	
487	4.8700	5		3	
488	4.8800	4		2	
489	4.8900	2		0	
490	4.9000	1		-1	
491	4.9100	0		-3	
492	4.9200	-2		-4	
493	4.9300	-2		-5	
494	4.9400	-4		-7	
495	4.9500	-5		-8	
496	4.9600	-6		-10	
497	4.9700	-8		-11	
498	4.9800	-9		-12	
499	4.9900	-10		-14	
500	5.0000	-11		-15	
501	5.0100	-12		-16	
502	5.0200	-14		-17	
503	5.0300	-14		-18	
504	5.0400	-16		-19	
505	5.0500	-16		-20	
506	5.0600	-18		-21	
507	5.0700	-18		-22	
508	5.0800	-20		-23	
509	5.0900	-20		-24	
510	5.1000	-21		-24	
511	5.1100	-22		-25	
512	5.1200	-23		-26	
513	5.1300	-24		-27	
514	5.1400	-24		-27	
515	5.1500	-25		-28	
516	5.1600	-26		-28	
517	5.1700	-26		-28	
518	5.1800	-26		-29	
519	5.1900	-27		-29	
520	5.2000	-27		-29	
521	5.2100	-28		-29	
522	5.2200	-28		-29	
523	5.2300	-28		-29	
524	5.2400	-28		-29	
525	5.2500	-29		-29	
526	5.2600	-29		-29	
527	5.2700	-29		-29	
528	5.2800	-29		-29	
529	5.2900	-29		-28	
530	5.3000	-29		-28	
531	5.3100	-28		-28	
532	5.3200	-28		-27	
533	5.3300	-28		-26	
534	5.3400	-28		-26	
535	5.3500	-28		-25	
536	5.3600	-27		-25	
537	5.3700	-26		-24	
538	5.3800	-26		-23	
539	5.3900	-26		-23	
540	5.4000	-25		-22	
541	5.4100	-24		-21	
542	5.4200	-24		-20	
543	5.4300	-23		-19	
544	5.4400	-22		-18	
545	5.4500	-22		-17	
546	5.4600	-20		-16	
547	5.4700	-20		-15	
548	5.4800	-19		-14	
549	5.4900	-18		-13	
550	5.5000	-17		-12	
551	5.5100	-16		-11	
552	5.5200	-15		-10	
553	5.5300	-14		-9	
554	5.5400	-13		-8	
555	5.5500	-12		-7	
556	5.5600	-10		-6	
557	5.5700	-9		-4	
558	5.5800	-8		-3	
559	5.5900	-7		-2	
560	5.6000	-6		-1	
561	5.6100	-5		0	
562	5.6200	-4		1	
563	5.6300	-2		2	
564	5.6400	-1		3	
565	5.6500	0		4	
566	5.6600	1		5	
567	5.6700	2		6	
568	5.6800	4		7	
569	5.6900	5		8	
570	5.7000	6		9	
571	5.7100	7		10	
572	5.7200	8		11	
573	5.7300	9		12	
574	5.7400	10		13	
575	5.7500	11		14	
576	5.7600	12		14	
577	5.7700	13		15	
578	5.7800	14		16	
579	5.7900	15		17	
580	5.8000	16		18	
581	5.8100	17		18	
582	5.8200	18		19	
583	5.8300	18		19	
584	5.8400	19		20	
585	5.8500	20		20	
586	5.8600	20		21	
587	5.8700	21		21	
588	5.8800	22		22	
589	5.8900	22		22	
590	5.9000	22		22	
591	5.9100	23		23	
592	5.9200	23		23	
593	5.9300	24		23	
594	5.9400	24		23	
595	5.9500	24		23	
596	5.9600	24		24	
597	5.9700	24		24	
598	5.9800	24		24	
599	5.9900	24		24	
600	6.0000	24		23	
601	6.0100	24		23	
602	6.0200	24		23	
603	6.0300	24		23	
604	6.0400	24		23	
605	6.0500	24		22	
606	6.0600	23		22	
607	6.0700	23		22	
608	6.0800	22		21	
609	6.0900	22		21	
610	6.1000	22		20	
611	6.1100	21		20	
612	6.1200	20		20	
613	6.1300	20		19	
614	6.1400	19		18	
615	6.1500	18		18	
616	6.1600	18		17	
617	6.1700	17		16	
618	6.1800	16		16	
619	6.1900	16		15	
620	6.2000	14		14	
621	6.2100	14		13	
622	6.2200	13		13	
623	6.2300	12		12	
624	6.2400	11		11	
625	6.2500	10		10	
626	6.2600	10		9	
627	6.2700	8		8	
628	6.2800	8		8	
629	6.2900	6		6	
630	6.3000	6		6	
631	6.3100	4		5	
632	6.3200	4		4	
633	6.3300	3		3	
634	6.3400	2		2	
635	6.3500	1		1	
636	6.3600	0		0	
637	6.3700	-1		-1	
638	6.3800	-2		-2	
639	6.3900	-3		-3	
640	6.4000	-4		-4	
641	6.4100	-4		-5	
642	6.4200	-6		-6	
643	6.4300	-6		-6	
644	6.4400	-7		-7	
645	6.4500	-8		-8	
646	6.4600	-9		-9	
647	6.4700	-10		-10	
648	6.4800	-10		-11	
649	6.4900	-11		-11	
650	6.5000	-12		-12	
651	6.5100	-12		-13	
652	6.5200	-13		-14	
653	6.5300	-14		-14	
654	6.5400	-14		-15	
655	6.5500	-15		-15	
656	6.5600	-15		-16	
657	6.5700	-16		-16	
658	6.5800	-16		-17	
659	6.5900	-17		-18	
660	6.6000	-17		-18	
661	6.6100	-18		-18	
662	6.6200	-18		-19	
663	6.6300	-18		-19	
664	6.6400	-18		-19	
665	6.6500	-18		-19	
666	6.6600	-19		-20	
667	6.6700	-19		-20	
668	6.6800	-19		-20	
669	6.6900	-19		-20	
670	6.7000	-19		-20	
671	6.7100	-19		-20	
672	6.7200	-19		-20	
673	6.7300	-19		-20	
674	6.7400	-19		-20	
675	6.7500	-19		-20	
676	6.7600	-19		-20	
677	6.7700	-19		-19	
678	6.7800	-18		-19	
679	6.7900	-18		-19	
680	6.8000	-18		-18	
681	6.8100	-18		-18	
682	6.8200	-18		-18	
683	6.8300	-17		-17	
684	6.8400	-17		-16	
685	6.8500	-16		-16	
686	6.8600	-16		-16	
687	6.8700	-16		-15	
688	6.8800	-15		-14	
689	6.8900	-14		-14	
690	6.9000	-14		-13	
691	6.9100	-14		-12	
692	6.9200	-13		-12	
693	6.9300	-12		-11	
694	6.9400	-12		-10	
695	6.9500	-11		-10	
696	6.9600	-10		-9	
697	6.9700	-10		-8	
698	6.9800	-9		-7	
699	6.9900	-8		-6	
700	7.0000	-8		-6	
701	7.0100	-7		-5	
702	7.0200	-6		-4	
703	7.0300	-6		-3	
704	7.0400	-5		-2	
705	7.0500	-4		-1	
706	7.0600	-4		-1	
707	7.0700	-3		0	
708	7.0800	-2		1	
709	7.0900	-2		2	
710	7.1000	0		3	
711	7.1100	0		3	
712	7.1200	1		4	
713	7.1300	2		5	
714	7.1400	2		6	
715	7.1500	3		6	
716	7.1600	4		7	
717	7.1700	4		8	
718	7.1800	5		8	
719	7.1900	6		9	
720	7.2000	6		10	
721	7.2100	7		10	
722	7.2200	8		11	
723	7.2300	8		11	
724	7.2400	9		12	
725	7.2500	10		12	
726	7.2600	10		13	
727	7.2700	11		13	
728	7.2800	11		14	
729	7.2900	12		14	
730	7.3000	12		14	
731	7.3100	13		15	
732	7.3200	13		15	
733	7.3300	14		15	
734	7.3400	14		16	
735	7.3500	14		16	
736	7.3600	14		16	
737	7.3700	15		16	
738	7.3800	15		16	
739	7.3900	16		16	
740	7.4000	16		16	
741	7.4100	16		16	
742	7.4200	16		16	
743	7.4300	16		16	
744	7.4400	16		16	
745	7.4500	16		16	
746	7.4600	16		16	
747	7.4700	16		16	
748	7.4800	16		16	
749	7.4900	16		16	
750	7.5000	16		16	
751	7.5100	16		15	
752	7.5200	16		15	
753	7.5300	16		15	
754	7.5400	15		14	
755	7.5500	15		14	
756	7.5600	15		14	
757	7.5700	14		13	
758	7.5800	14		13	
759	7.5900	14		12	
760	7.6000	13		12	
761	7.6100	13		12	
762	7.6200	12		11	
763	7.6300	12		11	
764	7.6400	12		10	
765	7.6500	11		10	
766	7.6600	10		9	
767	7.6700	10		9	
768	7.6800	10		8	
769	7.6900	9		8	
770	7.7000	8		7	
771	7.7100	8		6	
772	7.7200	7		6	
773	7.7300	6		5	
774	7.7400	6		5	
775	7.7500	5		4	
776	7.7600	4		3	
777	7.7700	4		3	
778	7.7800	3		2	
779	7.7900	2		2	
780	7.8000	2		1	
781	7.8100	1		0	
782	7.8200	0		0	
783	7.8300	0		-1	
784	7.8400	-1		-2	
785	7.8500	-2		-2	
786	7.8600	-2		-3	
787	7.8700	-3		-3	
788	7.8800	-4		-4	
789	7.8900	-4		-4	
790	7.9000	-5		-5	
791	7.9100	-6		-5	
792	7.9200	-6		-6	
793	7.9300	-6		-6	
794	7.9400	-7		-7	
795	7.9500	-8		-7	
796	7.9600	-8		-8	
797	7.9700	-8		-8	
798	7.9800	-9		-9	
799	7.9900	-10		-9	
800	8.0000	-10		-9	
801	8.0100	-10		-10	
802	8.0200	-11		-10	
803	8.0300	-11		-10	
804	8.0400	-12		-11	
805	8.0500	-12		-11	
806	8.0600	-12		-11	
807	8.0700	-12		-12	
808	8.0800	-12		-12	
809	8.0900	-13		-12	
810	8.1000	-13		-12	
811	8.1100	-13		-12	
812	8.1200	-13		-12	
813	8.1300	-13		-12	
814	8.1400	-14		-13	
815	8.1500	-14		-13	
816	8.1600	-14		-13	
817	8.1700	-14		-13	
818	8.1800	-14		-13	
819	8.1900	-14		-13	
820	8.2000	-14		-13	
821	8.2100	-13		-13	
822	8.2200	-13		-12	
823	8.2300	-13		-12	
824	8.2400	-13		-12	
825	8.2500	-13		-12	
826	8.2600	-12		-12	
827	8.2700	-12		-12	
828	8.2800	-12		-11	
829	8.2900	-12		-11	
830	8.3000	-12		-11	
831	8.3100	-11		-10	
832	8.3200	-11		-10	
833	8.3300	-10		-10	
834	8.3400	-10		-10	
835	8.3500	-10		-9	
836	8.3600	-10		-9	
837	8.3700	-9		-8	
838	8.3800	-8		-8	
839	8.3900	-8		-7	
840	8.4000	-8		-7	
841	8.4100	-7		-6	
842	8.4200	-7		-6	
843	8.4300	-6		-6	
844	8.4400	-6		-5	
845	8.4500	-5		-4	
846	8.4600	-5		-4	
847	8.4700	-4		-4	
848	8.4800	-4		-3	
849	8.4900	-4		-2	
850	8.5000	-3		-2	
851	8.5100	-2		-1	
852	8.5200	-2		-1	
853	8.5300	-2		0	
854	8.5400	-1		0	
855	8.5500	0		1	
856	8.5600	0		1	
857	8.5700	0		2	
858	8.5800	1		2	
859	8.5900	2		3	
860	8.6000	2		4	
861	8.6100	2		4	
862	8.6200	3		5	
863	8.6300	4		5	
864	8.6400	4		6	
865	8.6500	4		6	
866	8.6600	5		6	
867	8.6700	5		7	
868	8.6800	6		7	
869	8.6900	6		8	
870	8.7000	6		8	
871	8.7100	6		8	
872	8.7200	7		9	
873	8.7300	7		9	
874	8.7400	8		10	
875	8.7500	8		10	
876	8.7600	8		10	
877	8.7700	8		10	
878	8.7800	9		11	
879	8.7900	9		11	
880	8.8000	9		11	
881	8.8100	9		11	
882	8.8200	10		11	
883	8.8300	10		11	
884	8.8400	10		12	
885	8.8500	10		12	
886	8.8600	10		12	
887	8.8700	10		12	
888	8.8800	10		12	
889	8.8900	10		12	
890	8.9000	10		12	
891	8.9100	10		12	
892	8.9200	10		12	
893	8.9300	10		11	
894	8.9400	10		11	
895	8.9500	10		11	
896	8.9600	10		11	
897	8.9700	10		11	
898	8.9800	10		11	
899	8.9900	10		10	
900	9.0000	10		10	
901	9.0100	10		10	
902	9.0200	10		10	
903	9.0300	9		9	
904	9.0400	9		9	
905	9.0500	9		9	
906	9.0600	8		8	
907	9.0700	8		8	
908	9.0800	8		8	
909	9.0900	8		7	
910	9.1000	8		7	
911	9.1100	7		6	
912	9.1200	7		6	
913	9.1300	6		6	
914	9.1400	6		5	
915	9.1500	6		5	
916	9.1600	5		4	
917	9.1700	5		4	
918	9.1800	4		4	
919	9.1900	4		3	
920	9.2000	4		3	
921	9.2100	3		2	
922	9.2200	3		2	
923	9.2300	2		1	
924	9.2400	2		1	
925	9.2500	2		1	
926	9.2600	1		0	
927	9.2700	1		0	
928	9.2800	0		-1	
929	9.2900	0		-1	
930	9.3000	0		-2	
931	9.3100	-1		-2	
932	9.3200	-2		-2	
933	9.3300	-2		-3	
934	9.3400	-2		-3	
935	9.3500	-3		-4	
936	9.3600	-3		-4	
937	9.3700	-4		-4	
938	9.3800	-4		-4	
939	9.3900	-4		-5	
940	9.4000	-4		-5	
941	9.4100	-5		-5	
942	9.4200	-6		-6	
943	9.4300	-6		-6	
944	9.4400	-6		-6	
945	9.4500	-6		-6	
946	9.4600	-7		-7	
947	9.4700	-7		-7	
948	9.4800	-7		-7	
949	9.4900	-8		-7	
950	9.5000	-8		-7	
951	9.5100	-8		-8	
952	9.5200	-8		-8	
953	9.5300	-8		-8	
954	9.5400	-8		-8	
955	9.5500	-9		-8	
956	9.5600	-9		-8	
957	9.5700	-9		-8	
958	9.5800	-9		-8	
959	9.5900	-9		-8	
960	9.6000	-9		-8	
961	9.6100	-10		-8	
962	9.6200	-10		-8	
963	9.6300	-10		-8	
964	9.6400	-10		-8	
965	9.6500	-10		-8	
966	9.6600	-10		-8	
967	9.6700	-9		-8	
968	9.6800	-9		-8	
969	9.6900	-9		-8	
970	9.7000	-9		-8	
971	9.7100	-9		-8	
972	9.7200	-9		-7	
973	9.7300	-8		-7	
974	9.7400	-8		-7	
975	9.7500	-8		-7	
976	9.7600	-8		-7	
977	9.7700	-8		-6	
978	9.7800	-8		-6	
979	9.7900	-8		-6	
980	9.8000	-7		-6	
981	9.8100	-7		-6	
982	9.8200	-6		-5	
983	9.8300	-6		-5	
984	9.8400	-6		-5	
985	9.8500	-6		-4	
986	9.8600	-5		-4	
987	9.8700	-5		-4	
988	9.8800	-4		-3	
989	9.8900	-4		-3	
990	9.9000	-4		-3	
991	9.9100	-4		-2	
992	9.9200	-3		-2	
993	9.9300	-3		-2	
994	9.9400	-2		-1	
995	9.9500	-2		-1	
996	9.9600	-2		-1	
997	9.9700	-2		0	
998	9.9800	-1		0	
999	9.9900	0		0	
1000	10.0000	0		1	
1001	10.0100	0		1	
1002	10.0200	0		1	
1003	10.0300	1		2	
1004	10.0400	1		2	
1005	10.0500	2		2	
1006	10.0600	2		3	
1007	10.0700	2		3	
1008	10.0800	2		3	
1009	10.0900	3		4	
1010	10.1000	3		4	
1011	10.1100	4		4	
1012	10.1200	4		4	
1013	10.1300	4		5	
1014	10.1400	4		5	
1015	10.1500	4		5	
1016	10.1600	5		6	
1017	10.1700	5		6	
1018	10.1800	5		6	
1019	10.1900	6		6	
1020	10.2000	6		6	
1021	10.2100	6		7	
1022	10.2200	6		7	
1023	10.2300	6		7	
1024	10.2400	6		7	
1025	10.2500	6		7	
1026	10.2600	6		8	
1027	10.2700	7		8	
1028	10.2800	7		8	
1029	10.2900	7		8	
1030	10.3000	7		8	
1031	10.3100	7		8	
1032	10.3200	7		8	
1033	10.3300	7		8	
1034	10.3400	7		8	
1035	10.3500	7		8	
1036	10.3600	7		8	
1037	10.3700	7		8	
1038	10.3800	7		8	
1039	10.3900	7		8	
1040	10.4000	7		8	
1041	10.4100	7		8	
1042	10.4200	6		8	
1043	10.4300	6		7	
1044	10.4400	6		7	
1045	10.4500	6		7	
1046	10.4600	6		7	
1047	10.4700	6		7	
1048	10.4800	6		6	
1049	10.4900	6		6	
1050	10.5000	6		6	
1051	10.5100	5		6	
1052	10.5200	5		6	
1053	10.5300	5		5	
1054	10.5400	4		5	
1055	10.5500	4		5	
1056	10.5600	4		5	
1057	10.5700	4		4	
1058	10.5800	4		4	
1059	10.5900	4		4	
1060	10.6000	3		4	
1061	10.6100	3		3	
1062	10.6200	3		3	
1063	10.6300	2		3	
1064	10.6400	2		2	
1065	10.6500	2		2	
1066	10.6600	2		2	
1067	10.6700	2		1	
1068	10.6800	1		1	
1069	10.6900	1		1	
1070	10.7000	0		0	
1071	10.7100	0		0	
1072	10.7200	0		0	
1073	10.7300	0		0	
1074	10.7400	0		-1	
1075	10.7500	-1		-1	
1076	10.7600	-1		-1	
1077	10.7700	-1		-2	
1078	10.7800	-2		-2	
1079	10.7900	-2		-2	
1080	10.8000	-2		-2	
1081	10.8100	-2		-3	
1082	10.8200	-2		-3	
1083	10.8300	-3		-3	
1084	10.8400	-3		-3	
1085	10.8500	-3		-4	
1086	10.8600	-4		-4	
1087	10.8700	-4		-4	
1088	10.8800	-4		-4	
1089	10.8900	-4		-4	
1090	10.9000	-4		-5	
1091	10.9100	-4		-5	
1092	10.9200	-4		-5	
1093	10.9300	-5		-5	
1094	10.9400	-5		-5	
1095	10.9500	-5		-5	
1096	10.9600	-5		-5	
1097	10.9700	-6		-5	
1098	10.9800	-6		-6	
1099	10.9900	-6		-6	
1100	11.0000	-6		-6	
1101	11.0100	-6		-6	
1102	11.0200	-6		-6	
1103	11.0300	-6		-6	
1104	11.0400	-6		-6	
1105	11.0500	-6		-6	
1106	11.0600	-6		-6	
1107	11.0700	-6		-6	
1108	11.0800	-6		-6	
1109	11.0900	-6		-6	
1110	11.1000	-6		-6	
1111	11.1100	-6		-5	
1112	11.1200	-6		-5	
1113	11.1300	-6		-5	
1114	11.1400	-6		-5	
1115	11.1500	-6		-5	
1116	11.1600	-6		-5	
1117	11.1700	-6		-5	
1118	11.1800	-6		-5	
1119	11.1900	-6		-4	
1120	11.2000	-6		-4	
1121	11.2100	-5		-4	
1122	11.2200	-5		-4	
1123	11.2300	-5		-4	
1124	11.2400	-5		-4	
1125	11.2500	-4		-3	
1126	11.2600	-4		-3	
1127	11.2700	-4		-3	
1128	11.2800	-4		-3	
1129	11.2900	-4		-3	
1130	11.3000	-4		-2	
1131	11.3100	-4		-2	
1132	11.3200	-4		-2	
1133	11.3300	-3		-2	
1134	11.3400	-3		-2	
1135	11.3500	-2		-1	
1136	11.3600	-2		-1	
1137	11.3700	-2		-1	
1138	11.3800	-2		-1	
1139	11.3900	-2		0	
1140	11.4000	-2		0	
1141	11.4100	-1		0	
1142	11.4200	-1		0	
1143	11.4300	-1		1	
1144	11.4400	0		1	
1145	11.4500	0		1	
1146	11.4600	0		1	
1147	11.4700	0		2	
1148	11.4800	0		2	
1149	11.4900	1		2	
1150	11.5000	1		2	
1151	11.5100	1		2	
1152	11.5200	2		2	
1153	11.5300	2		3	
1154	11.5400	2		3	
1155	11.5500	2		3	
1156	11.5600	2		3	
1157	11.5700	2		4	
1158	11.5800	3		4	
1159	11.5900	3		4	
1160	11.6000	3		4	
1161	11.6100	4		4	
1162	11.6200	4		4	
1163	11.6300	4		4	
1164	11.6400	4		4	
1165	11.6500	4		5	
1166	11.6600	4		5	
1167	11.6700	4		5	
1168	11.6800	4		5	
1169	11.6900	4		5	
1170	11.7000	4		5	
1171	11.7100	4		5	
1172	11.7200	5		5	
1173	11.7300	5		5	
1174	11.7400	5		5	
1175	11.7500	5		5	
1176	11.7600	5		5	
1177	11.7700	5		5	
1178	11.7800	5		5	
1179	11.7900	5		5	
1180	11.8000	5		5	
1181	11.8100	5		5	
1182	11.8200	5		5	
1183	11.8300	5		5	
1184	11.8400	5		5	
1185	11.8500	4		5	
1186	11.8600	4		5	
1187	11.8700	4		5	
1188	11.8800	4		5	
1189	11.8900	4		5	
1190	11.9000	4		4	
1191	11.9100	4		4	
1192	11.9200	4		4	
1193	11.9300	4		4	
1194	11.9400	4		4	
1195	11.9500	4		4	
1196	11.9600	4		4	
1197	11.9700	3		4	
1198	11.9800	3		4	
1199	11.9900	3		3	
1200	12.0000	3		3	
1201	12.0100	2		3	
1202	12.0200	2		3	
1203	12.0300	2		3	
1204	12.0400	2		2	
1205	12.0500	2		2	
1206	12.0600	2		2	
1207	12.0700	2		2	
1208	12.0800	1		2	
1209	12.0900	1		2	
1210	12.1000	1		1	
1211	12.1100	0		1	
1212	12.1200	0		1	
1213	12.1300	0		1	
1214	12.1400	0		0	
1215	12.1500	0		0	
1216	12.1600	0		0	
1217	12.1700	0		0	
1218	12.1800	-1		0	
1219	12.1900	-1		0	
1220	12.2000	-1		-1	
1221	12.2100	-1		-1	
1222	12.2200	-2		-1	
1223	12.2300	-2		-1	
1224	12.2400	-2		-2	
1225	12.2500	-2		-2	
1226	12.2600	-2		-2	
1227	12.2700	-2		-2	
1228	12.2800	-2		-2	
1229	12.2900	-2		-2	
1230	12.3000	-3		-2	
1231	12.3100	-3		-3	
1232	12.3200	-3		-3	
1233	12.3300	-3		-3	
1234	12.3400	-3		-3	
1235	12.3500	-4		-3	
1236	12.3600	-4		-3	
1237	12.3700	-4		-3	
1238	12.3800	-4		-3	
1239	12.3900	-4		-4	
1240	12.4000	-4		-4	
1241	12.4100	-4		-4	
1242	12.4200	-4		-4	
1243	12.4300	-4		-4	
1244	12.4400	-4		-4	
1245	12.4500	-4		-4	
1246	12.4600	-4		-4	
1247	12.4700	-4		-4	
1248	12.4800	-4		-4	
1249	12.4900	-4		-4	
1250	12.5000	-4		-4	
1251	12.5100	-4		-4	
1252	12.5200	-4		-4	
1253	12.5300	-4		-4	
1254	12.5400	-4		-4	
1255	12.5500	-4		-4	
1256	12.5600	-4		-4	
1257	12.5700	-4		-4	
1258	12.5800	-4		-4	
1259	12.5900	-4		-3	
1260	12.6000	-4		-3	
1261	12.6100	-4		-3	
1262	12.6200	-4		-3	
1263	12.6300	-4		-3	
1264	12.6400	-4		-3	
1265	12.6500	-4		-3	
1266	12.6600	-4		-3	
1267	12.6700	-3		-2	
1268	12.6800	-3		-2	
1269	12.6900	-3		-2	
1270	12.7000	-3		-2	
1271	12.7100	-3		-2	
1272	12.7200	-2		-2	
1273	12.7300	-2		-2	
1274	12.7400	-2		-2	
1275	12.7500	-2		-1	
1276	12.7600	-2		-1	
1277	12.7700	-2		-1	
1278	12.7800	-2		-1	
1279	12.7900	-2		-1	
1280	12.8000	-2		0	
1281	12.8100	-2		0	
1282	12.8200	-1		0	
1283	12.8300	-1		0	
1284	12.8400	-1		0	
1285	12.8500	-1		0	
1286	12.8600	0		0	
1287	12.8700	0		1	
1288	12.8800	0		1	
1289	12.8900	0		1	
1290	12.9000	0		1	
1291	12.9100	0		1	
1292	12.9200	0		2	
1293	12.9300	0		2	
1294	12.9400	1		2	
1295	12.9500	1		2	
1296	12.9600	1		2	
1297	12.9700	1		2	
1298	12.9800	2		2	
1299	12.9900	2		3	
1300	13.0000	2		3	
1301	13.0100	2		3	
1302	13.0200	2		3	
1303	13.0300	2		3	
1304	13.0400	2		3	
1305	13.0500	2		3	
1306	13.0600	2		4	
1307	13.0700	2		4	
1308	13.0800	2		4	
1309	13.0900	3		4	
1310	13.1000	3		4	
1311	13.1100	3		4	
1312	13.1200	3		4	
1313	13.1300	3		4	
1314	13.1400	3		4	
1315	13.1500	3		4	
1316	13.1600	3		4	
1317	13.1700	3		4	
1318	13.1800	3		4	
1319	13.1900	4		4	
1320	13.2000	4		4	
1321	13.2100	4		4	
1322	13.2200	4		4	
1323	13.2300	4		4	
1324	13.2400	4		4	
1325	13.2500	4		4	
1326	13.2600	4		4	
1327	13.2700	4		4	
1328	13.2800	3		4	
1329	13.2900	3		4	
1330	13.3000	3		4	
1331	13.3100	3		4	
1332	13.3200	3		4	
1333	13.3300	3		3	
1334	13.3400	3		3	
1335	13.3500	3		3	
1336	13.3600	3		3	
1337	13.3700	3		3	
1338	13.3800	2		3	
1339	13.3900	2		3	
1340	13.4000	2		3	
1341	13.4100	2		2	
1342	13.4200	2		2	
1343	13.4300	2		2	
1344	13.4400	2		2	
1345	13.4500	2		2	
1346	13.4600	2		2	
1347	13.4700	2		2	
1348	13.4800	2		2	
1349	13.4900	1		2	
1350	13.5000	1		1	
1351	13.5100	1		1	
1352	13.5200	1		1	
1353	13.5300	1		1	
1354	13.5400	0		1	
1355	13.5500	0		1	
1356	13.5600	0		0	
1357	13.5700	0		0	
1358	13.5800	0		0	
1359	13.5900	0		0	
1360	13.6000	0		0	
1361	13.6100	0		0	
1362	13.6200	0		0	
1363	13.6300	-1		0	
1364	13.6400	-1		0	
1365	13.6500	-1		-1	
1366	13.6600	-1		-1	
1367	13.6700	-1		-1	
1368	13.6800	-2		-1	
1369	13.6900	-2		-1	
1370	13.7000	-2		-1	
1371	13.7100	-2		-1	
1372	13.7200	-2		-1	
1373	13.7300	-2		-2	
1374	13.7400	-2		-2	
1375	13.7500	-2		-2	
1376	13.7600	-2		-2	
1377	13.7700	-2		-2	
1378	13.7800	-2		-2	
1379	13.7900	-2		-2	
1380	13.8000	-2		-2	
1381	13.8100	-3		-2	
1382	13.8200	-3		-2	
1383	13.8300	-3		-2	
1384	13.8400	-3		-2	
1385	13.8500	-3		-2	
1386	13.8600	-3		-2	
1387	13.8700	-3		-2	
1388	13.8800	-3		-2	
1389	13.8900	-3		-2	
1390	13.9000	-3		-2	
1391	13.9100	-3		-2	
1392	13.9200	-3		-2	
1393	13.9300	-3		-2	
1394	13.9400	-3		-2	
1395	13.9500	-3		-2	
1396	13.9600	-3		-2	
1397	13.9700	-3		-2	
1398	13.9800	-3		-2	
1399	13.9900	-3		-2	
1400	14.0000	-3		-2	
1401	14.0100	-3		-2	
1402	14.0200	-3		-2	
1403	14.0300	-3		-2	
1404	14.0400	-2		-2	
1405	14.0500	-2		-2	
1406	14.0600	-2		-2	
1407	14.0700	-2		-2	
1408	14.0800	-2		-2	
1409	14.0900	-2		-2	
1410	14.1000	-2		-2	
1411	14.1100	-2		-2	
1412	14.1200	-2		-1	
1413	14.1300	-2		-1	
1414	14.1400	-2		-1	
1415	14.1500	-2		-1	
1416	14.1600	-2		-1	
1417	14.1700	-2		-1	
1418	14.1800	-2		-1	
1419	14.1900	-1		-1	
1420	14.2000	-1		0	
1421	14.2100	-1		0	
1422	14.2200	-1		0	
1423	14.2300	-1		0	
1424	14.2400	0		0	
1425	14.2500	0		0	
1426	14.2600	0		0	
1427	14.2700	0		0	
1428	14.2800	0		0	
1429	14.2900	0		1	
1430	14.3000	0		1	
1431	14.3100	0		1	
1432	14.3200	0		1	
1433	14.3300	0		1	
1434	14.3400	0		1	
1435	14.3500	0		1	
1436	14.3600	1		1	
1437	14.3700	1		2	
1438	14.3800	1		2	
1439	14.3900	1		2	
1440	14.4000	1		2	
1441	14.4100	1		2	
1442	14.4200	1		2	
1443	14.4300	2		2	
1444	14.4400	2		2	
1445	14.4500	2		2	
1446	14.4600	2		2	
1447	14.4700	2		2	
1448	14.4800	2		2	
1449	14.4900	2		2	
1450	14.5000	2		3	
1451	14.5100	2		3	
1452	14.5200	2		3	
1453	14.5300	2		3	
1454	14.5400	2		3	
1455	14.5500	2		3	
1456	14.5600	2		3	
1457	14.5700	2		3	
1458	14.5800	2		3	
1459	14.5900	2		3	
1460	14.6000	2		3	
1461	14.6100	2		3	
1462	14.6200	2		3	
1463	14.6300	2		3	
1464	14.6400	2		3	
1465	14.6500	2		3	
1466	14.6600	2		3	
1467	14.6700	2		3	
1468	14.6800	2		3	
1469	14.6900	2		3	
1470	14.7000	2		3	
1471	14.7100	2		3	
1472	14.7200	2		3	
1473	14.7300	2		3	
1474	14.7400	2		3	
1475	14.7500	2		3	
1476	14.7600	2		3	
1477	14.7700	2		3	
1478	14.7800	2		2	
1479	14.7900	2		2	
1480	14.8000	2		2	
1481	14.8100	2		2	
1482	14.8200	2		2	
1483	14.8300	2		2	
1484	14.8400	2		2	
1485	14.8500	2		2	
1486	14.8600	1		2	
1487	14.8700	1		2	
1488	14.8800	1		2	
1489	14.8900	1		2	
1490	14.9000	1		2	
1491	14.9100	1		1	
1492	14.9200	1		1	
1493	14.9300	1		1	
1494	14.9400	1		1	
1495	14.9500	0		1	
1496	14.9600	0		1	
1497	14.9700	0		1	
1498	14.9800	0		1	
1499	14.9900	0		0	
1500	15.0000	0		0	
1501	15.0100	0		0	
1502	15.0200	0		0	
1503	15.0300	0		0	
1504	15.0400	0		0	
1505	15.0500	0		0	
1506	15.0600	0		0	
1507	15.0700	0		0	
1508	15.0800	0		0	
1509	15.0900	-1		0	
1510	15.1000	-1		0	
1511	15.1100	-1		-1	
1512	15.1200	-1		-1	
1513	15.1300	-1		-1	
1514	15.1400	-1		-1	
1515	15.1500	-1		-1	
1516	15.1600	-1		-1	
1517	15.1700	-1		-1	
1518	15.1800	-1		-1	
1519	15.1900	-2		-1	
1520	15.2000	-2		-1	
1521	15.2100	-2		-1	
1522	15.2200	-2		-1	
1523	15.2300	-2		-1	
1524	15.2400	-2		-1	
1525	15.2500	-2		-1	
1526	15.2600	-2		-1	
1527	15.2700	-2		-1	
1528	15.2800	-2		-2	
1529	15.2900	-2		-2	
1530	15.3000	-2		-2	
1531	15.3100	-2		-2	
1532	15.3200	-2		-2	
1533	15.3300	-2		-2	
1534	15.3400	-2		-2	
1535	15.3500	-2		-2	
1536	15.3600	-2		-2	
1537	15.3700	-2		-2	
1538	15.3800	-2		-1	
1539	15.3900	-2		-1	
1540	15.4000	-2		-1	
1541	15.4100	-2		-1	
1542	15.4200	-2		-1	
1543	15.4300	-2		-1	
1544	15.4400	-2		-1	
1545	15.4500	-2		-1	
1546	15.4600	-2		-1	
1547	15.4700	-2		-1	
1548	15.4800	-2		-1	
1549	15.4900	-2		-1	
1550	15.5000	-2		-1	
1551	15.5100	-2		-1	
1552	15.5200	-2		-1	
1553	15.5300	-2		-1	
1554	15.5400	-2		-1	
1555	15.5500	-2		-1	
1556	15.5600	-2		-1	
1557	15.5700	-2		0	
1558	15.5800	-2		0	
1559	15.5900	-1		0	
1560	15.6000	-1		0	
1561	15.6100	-1		0	
1562	15.6200	-1		0	
1563	15.6300	-1		0	
1564	15.6400	-1		0	
1565	15.6500	-1		0	
1566	15.6600	-1		0	
1567	15.6700	0		0	
1568	15.6800	0		0	
1569	15.6900	0		0	
1570	15.7000	0		0	
1571	15.7100	0		0	
1572	15.7200	0		1	
1573	15.7300	0		1	
1574	15.7400	0		1	
1575	15.7500	0		1	
1576	15.7600	0		1	
1577	15.7700	0		1	
1578	15.7800	0		1	
1579	15.7900	0		1	
1580	15.8000	0		1	
1581	15.8100	0		1	
1582	15.8200	0		1	
1583	15.8300	1		1	
1584	15.8400	1		2	
1585	15.8500	1		2	
1586	15.8600	1		2	
1587	15.8700	1		2	
1588	15.8800	1		2	
1589	15.8900	1		2	
1590	15.9000	1		2	
1591	15.9100	1		2	
1592	15.9200	2		2	
1593	15.9300	2		2	
1594	15.9400	2		2	
1595	15.9500	2		2	
1596	15.9600	2		2	
1597	15.9700	2		2	
1598	15.9800	2		2	
1599	15.9900	2		2	
1600	16.0000	2		2	
1601	16.0100	2		2	
1602	16.0200	2		2	
1603	16.0300	2		2	
1604	16.0400	2		2	
1605	16.0500	2		2	
1606	16.0600	2		2	
1607	16.0700	2		2	
1608	16.0800	2		2	
1609	16.0900	2		2	
1610	16.1000	2		2	
1611	16.1100	2		2	
1612	16.1200	2		2	
1613	16.1300	2		2	
1614	16.1400	2		2	
1615	16.1500	2		2	
1616	16.1600	2		2	
1617	16.1700	2		2	
1618	16.1800	2		2	
1619	16.1900	2		2	
1620	16.2000	2		2	
1621	16.2100	2		2	
1622	16.2200	2		2	
1623	16.2300	1		2	
1624	16.2400	1		2	
1625	16.2500	1		2	
1626	16.2600	1		2	
1627	16.2700	1		2	
1628	16.2800	1		2	
1629	16.2900	1		2	
1630	16.3000	1		2	
1631	16.3100	1		2	
1632	16.3200	1		2	
1633	16.3300	1		2	
1634	16.3400	1		2	
1635	16.3500	0		1	
1636	16.3600	0		1	
1637	16.3700	0		1	
1638	16.3800	0		1	
1639	16.3900	0		1	
1640	16.4000	0		1	
1641	16.4100	0		1	
1642	16.4200	0		1	
1643	16.4300	0		1	
1644	16.4400	0		1	
1645	16.4500	0		1	
1646	16.4600	0		1	
1647	16.4700	0		1	
1648	16.4800	0		1	
1649	16.4900	0		0	
1650	16.5000	0		0	
1651	16.5100	0		0	
1652	16.5200	0		0	
1653	16.5300	0		0	
1654	16.5400	0		0	
1655	16.5500	0		0	
1656	16.5600	0		0	
1657	16.5700	0		0	
1658	16.5800	0		0	
1659	16.5900	0		0	
1660	16.6000	0		0	
1661	16.6100	-1		0	
1662	16.6200	-1		0	
1663	16.6300	-1		0	
1664	16.6400	-1		0	
1665	16.6500	-1		0	
1666	16.6600	-1		-1	
1667	16.6700	-1		-1	
1668	16.6800	-1		-1	
1669	16.6900	-1		-1	
1670	16.7000	-1		-1	
1671	16.7100	-1		-1	
1672	16.7200	-1		-1	
1673	16.7300	-1		-1	
1674	16.7400	-1		-1	
1675	16.7500	-1		-1	
1676	16.7600	-1		-1	
1677	16.7700	-1		-1	
1678	16.7800	-1		-1	
1679	16.7900	-1		-1	
1680	16.8000	-1		-1	
1681	16.8100	-1		-1	
1682	16.8200	-1		-1	
1683	16.8300	-1		-1	
1684	16.8400	-1		-1	
1685	16.8500	-1		-1	
1686	16.8600	-1		-1	
1687	16.8700	-1		-1	
1688	16.8800	-1		-1	
1689	16.8900	-1		-1	
1690	16.9000	-1		-1	
1691	16.9100	-1		-1	
1692	16.9200	-1		-1	
1693	16.9300	-1		-1	
1694	16.9400	-1		-1	
1695	16.9500	-1		-1	
1696	16.9600	-1		-1	
1697	16.9700	-1		0	
1698	16.9800	-1		0	
1699	16.9900	-1		0	
1700	17.0000	-1		0	
1701	17.0100	-1		0	
1702	17.0200	-1		0	
1703	17.0300	-1		0	
1704	17.0400	-1		0	
1705	17.0500	-1		0	
1706	17.0600	-1		0	
1707	17.0700	-1		0	
1708	17.0800	-1		0	
1709	17.0900	-1		0	
1710	17.1000	-1		0	
1711	17.1100	0		0	
1712	17.1200	0		0	
1713	17.1300	0		0	
1714	17.1400	0		0	
1715	17.1500	0		0	
1716	17.1600	0		1	
1717	17.1700	0		1	
1718	17.1800	0		1	
1719	17.1900	0		1	
1720	17.2000	0		1	
1721	17.2100	0		1	
1722	17.2200	0		1	
1723	17.2300	0		1	
1724	17.2400	0		1	
1725	17.2500	0		1	
1726	17.2600	0		1	
1727	17.2700	0		1	
1728	17.2800	0		1	
1729	17.2900	0		1	
1730	17.3000	0		1	
1731	17.3100	0		1	
1732	17.3200	0		1	
1733	17.3300	0		1	
1734	17.3400	0		1	
1735	17.3500	1		2	
1736	17.3600	1		2	
1737	17.3700	1		2	
1738	17.3800	1		2	
1739	17.3900	1		2	
1740	17.4000	1		2	
1741	17.4100	1		2	
1742	17.4200	1		2	
1743	17.4300	1		2	
1744	17.4400	1		2	
1745	17.4500	1		2	
1746	17.4600	1		2	
1747	17.4700	1		2	
1748	17.4800	1		2	
1749	17.4900	1		2	
1750	17.5000	1		2	
1751	17.5100	1		2	
1752	17.5200	1		2	
1753	17.5300	1		2	
1754	17.5400	1		2	
1755	17.5500	1		2	
1756	17.5600	1		2	
1757	17.5700	1		2	
1758	17.5800	1		2	
1759	17.5900	1		2	
1760	17.6000	1		2	
1761	17.6100	1		2	
1762	17.6200	1		2	
1763	17.6300	1		2	
1764	17.6400	1		2	
1765	17.6500	1		2	
1766	17.6600	1		2	
1767	17.6700	1		2	
1768	17.6800	1		2	
1769	17.6900	1		2	
1770	17.7000	1		2	
1771	17.7100	1		2	
1772	17.7200	1		2	
1773	17.7300	1		2	
1774	17.7400	1		2	
1775	17.7500	1		1	
1776	17.7600	1		1	
1777	17.7700	1		1	
1778	17.7800	0		1	
1779	17.7900	0		1	
1780	17.8000	0		1	
1781	17.8100	0		1	
1782	17.8200	0		1	
1783	17.8300	0		1	
1784	17.8400	0		1	
1785	17.8500	0		1	
1786	17.8600	0		1	
1787	17.8700	0		1	
1788	17.8800	0		1	
1789	17.8900	0		1	
1790	17.9000	0		1	
1791	17.9100	0		1	
1792	17.9200	0		1	
1793	17.9300	0		1	
1794	17.9400	0		0	
1795	17.9500	0		0	
1796	17.9600	0		0	
1797	17.9700	0		0	
1798	17.9800	0		0	
1799	17.9900	0		0	
1800	18.0000	0		0	
1801	18.0100	0		0	
1802	18.0200	0		0	
1803	18.0300	0		0	
1804	18.0400	0		0	
1805	18.0500	-1		0	
1806	18.0600	-1		0	
1807	18.0700	-1		0	
1808	18.0800	-1		0	
1809	18.0900	-1		0	
1810	18.1000	-1		0	
1811	18.1100	-1		0	
1812	18.1200	-1		0	
1813	18.1300	-1		0	
1814	18.1400	-1		0	
1815	18.1500	-1		0	
1816	18.1600	-1		0	
1817	18.1700	-1		0	
1818	18.1800	-1		0	
1819	18.1900	-1		0	
1820	18.2000	-1		0	
1821	18.2100	-1		0	
1822	18.2200	-1		0	
1823	18.2300	-1		0	
1824	18.2400	-1		0	
1825	18.2500	-1		0	
1826	18.2600	-1		0	
1827	18.2700	-1		0	
1828	18.2800	-1		-1	
1829	18.2900	-1		-1	
1830	18.3000	-1		-1	
1831	18.3100	-1		-1	
1832	18.3200	-1		-1	
1833	18.3300	-1		-1	
1834	18.3400	-1		0	
1835	18.3500	-1		0	
1836	18.3600	-1		0	
1837	18.3700	-1		0	
1838	18.3800	-1		0	
1839	18.3900	-1		0	
1840	18.4000	-1		0	
1841	18.4100	-1		0	
1842	18.4200	-1		0	
1843	18.4300	-1		0	
1844	18.4400	-1		0	
1845	18.4500	-1		0	
1846	18.4600	-1		0	
1847	18.4700	-1		0	
1848	18.4800	0		0	
1849	18.4900	0		0	
1850	18.5000	0		0	
1851	18.5100	0		0	
1852	18.5200	0		0	
1853	18.5300	0		0	
1854	18.5400	0		0	
1855	18.5500	0		0	
1856	18.5600	0		0	
1857	18.5700	0		0	
1858	18.5800	0		0	
1859	18.5900	0		0	
1860	18.6000	0		0	
1861	18.6100	0		1	
1862	18.6200	0		1	
1863	18.6300	0		1	
1864	18.6400	0		1	
1865	18.6500	0		1	
1866	18.6600	0		1	
1867	18.6700	0		1	
1868	18.6800	0		1	
1869	18.6900	0		1	
1870	18.7000	0		1	
1871	18.7100	0		1	
1872	18.7200	0		1	
1873	18.7300	0		1	
1874	18.7400	0		1	
1875	18.7500	0		1	
1876	18.7600	0		1	
1877	18.7700	0		2	
1878	18.7800	0		2	
1879	18.7900	0		2	
1880	18.8000	0		2	
1881	18.8100	0		2	
1882	18.8200	0		2	
1883	18.8300	0		2	
1884	18.8400	1		2	
1885	18.8500	1		2	
1886	18.8600	1		2	
1887	18.8700	1		2	
1888	18.8800	1		2	
1889	18.8900	1		2	
1890	18.9000	1		2	
1891	18.9100	1		2	
1892	18.9200	1		2	
1893	18.9300	1		2	
1894	18.9400	1		2	
1895	18.9500	1		2	
1896	18.9600	1		2	
1897	18.9700	1		2	
1898	18.9800	1		2	
1899	18.9900	1		2	
1900	19.0000	1		2	
1901	19.0100	1		2	
1902	19.0200	1		2	
1903	19.0300	1		2	
1904	19.0400	1		2	
1905	19.0500	1		2	
1906	19.0600	1		2	
1907	19.0700	1		2	
1908	19.0800	1		2	
1909	19.0900	1		2	
1910	19.1000	1		2	
1911	19.1100	1		1	
1912	19.1200	1		1	
1913	19.1300	1		1	
1914	19.1400	1		1	
1915	19.1500	1		1	
1916	19.1600	1		1	
1917	19.1700	1		1	
1918	19.1800	0		1	
1919	19.1900	0		1	
1920	19.2000	0		1	
1921	19.2100	0		1	
1922	19.2200	0		1	
1923	19.2300	0		1	
1924	19.2400	0		1	
1925	19.2500	0		1	
1926	19.2600	0		1	
1927	19.2700	0		1	
1928	19.2800	0		1	
1929	19.2900	0		1	
1930	19.3000	0		1	
1931	19.3100	0		1	
1932	19.3200	0		1	
1933	19.3300	0		1	
1934	19.3400	0		1	
1935	19.3500	0		0	
1936	19.3600	0		0	
1937	19.3700	0		0	
1938	19.3800	0		0	
1939	19.3900	0		0	
1940	19.4000	0		0	
1941	19.4100	0		0	
1942	19.4200	0		0	
1943	19.4300	0		0	
1944	19.4400	0		0	
1945	19.4500	0		0	
1946	19.4600	0		0	
1947	19.4700	0		0	
1948	19.4800	0		0	
1949	19.4900	0		0	
1950	19.5000	0		0	
1951	19.5100	0		0	
1952	19.5200	0		0	
1953	19.5300	0		0	
1954	19.5400	0		0	
1955	19.5500	0		0	
1956	19.5600	0		0	
1957	19.5700	-1		0	
1958	19.5800	-1		0	
1959	19.5900	-1		0	
1960	19.6000	-1		0	
1961	19.6100	-1		0	
1962	19.6200	-1		0	
1963	19.6300	-1		0	
1964	19.6400	-1		0	
1965	19.6500	-1		0	
1966	19.6600	-1		0	
1967	19.6700	-1		0	
1968	19.6800	-1		0	
1969	19.6900	-1		0	
1970	19.7000	-1		0	
1971	19.7100	-1		0	
1972	19.7200	-1		0	
1973	19.7300	-1		0	
1974	19.7400	-1		0	
1975	19.7500	-1		0	
1976	19.7600	-1		0	
1977	19.7700	-1		0	
1978	19.7800	-1		0	
1979	19.7900	-1		0	
1980	19.8000	-1		0	
1981	19.8100	-1		0	
1982	19.8200	-1		0	
1983	19.8300	-1		0	
1984	19.8400	-1		0	
1985	19.8500	-1		0	
1986	19.8600	0		0	
1987	19.8700	0		0	
1988	19.8800	0		0	
1989	19.8900	0		0	
1990	19.9000	0		0	
1991	19.9100	0		0	
1992	19.9200	0		0	
1993	19.9300	0		0	
1994	19.9400	0		0	
1995	19.9500	0		0	
1996	19.9600	0		0	
1997	19.9700	0		0	
1998	19.9800	0		0	
1999	19.9900	0		0	
2000	20.0000	0		0	
2001	20.0100	0		0	
2002	20.0200	0		0	
2003	20.0300	0		0	
2004	20.0400	0		0	
2005	20.0500	0		0	
2006	20.0600	0		0	
2007	20.0700	0		1	
2008	20.0800	0		1	
2009	20.0900	0		1	
2010	20.1000	0		1	
2011	20.1100	0		1	
2012	20.1200	0		1	
2013	20.1300	0		1	
2014	20.1400	0		1	
2015	20.1500	0		1	
2016	20.1600	0		1	
2017	20.1700	0		1	
2018	20.1800	0		1	
2019	20.1900	0		1	
2020	20.2000	0		1	
2021	20.2100	0		1	
2022	20.2200	0		1	
2023	20.2300	0		1	
2024	20.2400	0		1	
2025	20.2500	0		1	
2026	20.2600	0		1	
2027	20.2700	0		1	
2028	20.2800	0		1	
2029	20.2900	0		1	
2030	20.3000	0		1	
2031	20.3100	0		1	
2032	20.3200	0		1	
2033	20.3300	1		1	
2034	20.3400	1		1	
2035	20.3500	1		1	
2036	20.3600	1		1	
2037	20.3700	1		1	
2038	20.3800	1		1	
2039	20.3900	1		1	
2040	20.4000	1		1	
2041	20.4100	1		1	
2042	20.4200	1		1	
2043	20.4300	1		1	
2044	20.4400	1		1	
2045	20.4500	1		2	
2046	20.4600	1		2	
2047	20.4700	1		2	
2048	20.4800	1		2	
2049	20.4900	1		2	
2050	20.5000	1		1	
2051	20.5100	1		1	
2052	20.5200	1		1	
2053	20.5300	1		1	
2054	20.5400	1		1	
2055	20.5500	1		1	
2056	20.5600	1		1	
2057	20.5700	1		1	
2058	20.5800	1		1	
2059	20.5900	1		1	
2060	20.6000	1		1	
2061	20.6100	0		1	
2062	20.6200	0		1	
2063	20.6300	0		1	
2064	20.6400	0		1	
2065	20.6500	0		1	
2066	20.6600	0		1	
2067	20.6700	0		1	
2068	20.6800	0		1	
2069	20.6900	0		1	
2070	20.7000	0		1	
2071	20.7100	0		1	
2072	20.7200	0		1	
2073	20.7300	0		1	
2074	20.7400	0		1	
2075	20.7500	0		1	
2076	20.7600	0		1	
2077	20.7700	0		1	
2078	20.7800	0		1	
2079	20.7900	0		1	
2080	20.8000	0		1	
2081	20.8100	0		1	
2082	20.8200	0		1	
2083	20.8300	0		1	
2084	20.8400	0		1	
2085	20.8500	0		1	
2086	20.8600	0		0	
2087	20.8700	0		0	
2088	20.8800	0		0	
2089	20.8900	0		0	
2090	20.9000	0		0	
2091	20.9100	0		0	
2092	20.9200	0		0	
2093	20.9300	0		0	
2094	20.9400	0		0	
2095	20.9500	0		0	
2096	20.9600	0		0	
2097	20.9700	0		0	
2098	20.9800	0		0	
2099	20.9900	0		0	
2100	21.0000	0		0	
2101	21.0100	0		0	
2102	21.0200	0		0	
2103	21.0300	0		0	
2104	21.0400	0		0	
2105	21.0500	0		0	
2106	21.0600	0		0	
2107	21.0700	0		0	
2108	21.0800	0		0	
2109	21.0900	0		0	
2110	21.1000	0		0	
2111	21.1100	0		0	
2112	21.1200	0		0	
2113	21.1300	0		0	
2114	21.1400	0		0	
2115	21.1500	0		0	
2116	21.1600	0		0	
2117	21.1700	0		0	
2118	21.1800	0		0	
2119	21.1900	0		0	
2120	21.2000	0		0	
2121	21.2100	0		0	
2122	21.2200	0		0	
2123	21.2300	0		0	
2124	21.2400	0		0	
2125	21.2500	0		0	
2126	21.2600	0		0	
2127	21.2700	0		0	
2128	21.2800	0		0	
2129	21.2900	0		0	
2130	21.3000	0		0	
2131	21.3100	0		0	
2132	21.3200	0		0	
2133	21.3300	0		0	
2134	21.3400	0		0	
2135	21.3500	0		0	
2136	21.3600	0		0	
2137	21.3700	0		0	
2138	21.3800	0		0	
2139	21.3900	0		0	
2140	21.4000	0		0	
2141	21.4100	0		0	
2142	21.4200	0		0	
2143	21.4300	0		0	
2144	21.4400	0		0	
2145	21.4500	0		0	
2146	21.4600	0		0	
2147	21.4700	0		0	
2148	21.4800	0		0	
2149	21.4900	0		0	
2150	21.5000	0		1	
2151	21.5100	0		1	
2152	21.5200	0		1	
2153	21.5300	0		1	
2154	21.5400	0		1	
2155	21.5500	0		1	
2156	21.5600	0		1	
2157	21.5700	0		1	
2158	21.5800	0		1	
2159	21.5900	0		1	
2160	21.6000	0		1	
2161	21.6100	0		1	
2162	21.6200	0		1	
2163	21.6300	0		1	
2164	21.6400	0		1	
2165	21.6500	0		1	
2166	21.6600	0		1	
2167	21.6700	0		1	
2168	21.6800	0		1	
2169	21.6900	0		1	
2170	21.7000	0		1	
2171	21.7100	0		1	
2172	21.7200	0		1	
2173	21.7300	0		1	
2174	21.7400	0		1	
2175	21.7500	0		1	
2176	21.7600	0		1	
2177	21.7700	0		1	
2178	21.7800	0		1	
2179	21.7900	0		1	
2180	21.8000	0		1	
2181	21.8100	0		1	
2182	21.8200	0		1	
2183	21.8300	0		1	
2184	21.8400	0		1	
2185	21.8500	0		1	
2186	21.8600	0		1	
2187	21.8700	0		1	
2188	21.8800	0		1	
2189	21.8900	0		1	
2190	21.9000	0		1	
2191	21.9100	0		1	
2192	21.9200	0		1	
2193	21.9300	0		1	
2194	21.9400	0		1	
2195	21.9500	0		1	
2196	21.9600	0		1	
2197	21.9700	0		1	
2198	21.9800	0		1	
2199	21.9900	0		1	
2200	22.0000	0		1	
2201	22.0100	0		1	
2202	22.0200	0		1	
2203	22.0300	0		1	
2204	22.0400	0		1	
2205	22.0500	0		1	
2206	22.0600	0		1	
2207	22.0700	0		1	
2208	22.0800	0		1	
2209	22.0900	0		1	
2210	22.1000	0		1	
2211	22.1100	0		1	
2212	22.1200	0		1	
2213	22.1300	0		1	
2214	22.1400	0		1	
2215	22.1500	0		1	
2216	22.1600	0		1	
2217	22.1700	0		1	
2218	22.1800	0		1	
2219	22.1900	0		1	
2220	22.2000	0		1	
2221	22.2100	0		1	
2222	22.2200	0		1	
2223	22.2300	0		1	
2224	22.2400	0		1	
2225	22.2500	0		1	
2226	22.2600	0		1	
2227	22.2700	0		1	
2228	22.2800	0		1	
2229	22.2900	0		1	
2230	22.3000	0		1	
2231	22.3100	0		1	
2232	22.3200	0		1	
2233	22.3300	0		1	
2234	22.3400	0		1	
2235	22.3500	0		1	
2236	22.3600	0		1	
2237	22.3700	0		1	
2238	22.3800	0		1	
2239	22.3900	0		1	
2240	22.4000	0		1	
2241	22.4100	0		1	
2242	22.4200	0		1	
2243	22.4300	0		1	
2244	22.4400	0		0	
2245	22.4500	0		0	
2246	22.4600	0		0	
2247	22.4700	0		0	
2248	22.4800	0		0	
2249	22.4900	0		0	
2250	22.5000	0		0	
2251	22.5100	0		0	
2252	22.5200	0		0	
2253	22.5300	0		0	
2254	22.5400	0		0	
2255	22.5500	0		0	
2256	22.5600	0		0	
2257	22.5700	0		0	
2258	22.5800	0		0	
2259	22.5900	0		0	
2260	22.6000	0		0	
2261	22.6100	0		0	
2262	22.6200	0		0	
2263	22.6300	0		0	
2264	22.6400	0		0	
2265	22.6500	0		0	
2266	22.6600	0		0	
2267	22.6700	0		0	
2268	22.6800	0		0	
2269	22.6900	0		0	
2270	22.7000	0		0	
2271	22.7100	0		0	
2272	22.7200	0		0	
2273	22.7300	0		0	
2274	22.7400	0		0	
2275	22.7500	0		0	
2276	22.7600	0		0	
2277	22.7700	0		0	
2278	22.7800	0		0	
2279	22.7900	0		0	
2280	22.8000	0		0	
2281	22.8100	0		0	
2282	22.8200	0		0	
2283	22.8300	0		0	
2284	22.8400	0		0	
2285	22.8500	0		0	
2286	22.8600	0		0	
2287	22.8700	0		0	
2288	22.8800	0		0	
2289	22.8900	0		0	
2290	22.9000	0		0	
2291	22.9100	0		0	
2292	22.9200	0		0	
2293	22.9300	0		0	
2294	22.9400	0		0	
2295	22.9500	0		0	
2296	22.9600	0		0	
2297	22.9700	0		0	
2298	22.9800	0		0	
2299	22.9900	0		0	
2300	23.0000	0		0	
2301	23.0100	0		0	
2302	23.0200	0		0	
2303	23.0300	0		0	
2304	23.0400	0		0	
2305	23.0500	0		0	
2306	23.0600	0		0	
2307	23.0700	0		0	
2308	23.0800	0		0	
2309	23.0900	0		0	
2310	23.1000	0		0	
2311	23.1100	0		0	
2312	23.1200	0		0	
2313	23.1300	0		0	
2314	23.1400	0		0	
2315	23.1500	0		1	
2316	23.1600	0		1	
2317	23.1700	0		1	
2318	23.1800	0		1	
2319	23.1900	0		1	
2320	23.2000	0		1	
2321	23.2100	0		1	
2322	23.2200	0		1	
2323	23.2300	0		1	
2324	23.2400	0		1	
2325	23.2500	0		1	
2326	23.2600	0		1	
2327	23.2700	0		1	
2328	23.2800	0		1	
2329	23.2900	0		1	
2330	23.3000	0		1	
2331	23.3100	0		1	
2332	23.3200	0		1	
2333	23.3300	0		1	
2334	23.3400	0		1	
2335	23.3500	0		1	
2336	23.3600	0		1	
2337	23.3700	0		1	
2338	23.3800	0		1	
2339	23.3900	0		1	
2340	23.4000	0		1	
2341	23.4100	0		1	
2342	23.4200	0		1	
2343	23.4300	0		1	
2344	23.4400	0		1	
2345	23.4500	0		1	
2346	23.4600	0		1	
2347	23.4700	0		1	
2348	23.4800	0		1	
2349	23.4900	0		1	
2350	23.5000	0		1	
2351	23.5100	0		1	
2352	23.5200	0		1	
2353	23.5300	0		1	
2354	23.5400	0		1	
2355	23.5500	0		1	
2356	23.5600	0		1	
2357	23.5700	0		1	
2358	23.5800	0		1	
2359	23.5900	0		1	
2360	23.6000	0		1	
2361	23.6100	0		1	
2362	23.6200	0		1	
2363	23.6300	0		1	
2364	23.6400	0		1	
2365	23.6500	0		1	
2366	23.6600	0		1	
2367	23.6700	0		1	
2368	23.6800	0		1	
2369	23.6900	0		1	
2370	23.7000	0		1	
2371	23.7100	0		1	
2372	23.7200	0		1	
2373	23.7300	0		1	
2374	23.7400	0		1	
2375	23.7500	0		1	
2376	23.7600	0		1	
2377	23.7700	0		1	
2378	23.7800	0		1	
2379	23.7900	0		1	
2380	23.8000	0		1	
2381	23.8100	0		1	
2382	23.8200	0		1	
2383	23.8300	0		1	
2384	23.8400	0		1	
2385	23.8500	0		1	
2386	23.8600	0		1	
2387	23.8700	0		1	
2388	23.8800	0		1	
2389	23.8900	0		1	
2390	23.9000	0		1	
2391	23.9100	0		1	
2392	23.9200	0		1	
2393	23.9300	0		1	
2394	23.9400	0		1	
2395	23.9500	0		1	
2396	23.9600	0		1	
2397	23.9700	0		1	
2398	23.9800	0		1	
2399	23.9900	0		1	
2400	24.0000	0		1	
2401	24.0100	0		1	
2402	24.0200	0		1	
2403	24.0300	0		1	
2404	24.0400	0		1	
2405	24.0500	0		1	
2406	24.0600	0		1	
2407	24.0700	0		1	
2408	24.0800	0		1	
2409	24.0900	0		1	
2410	24.1000	0		1	
2411	24.1100	0		1	
2412	24.1200	0		1	
2413	24.1300	0		1	
2414	24.1400	0		1	
2415	24.1500	0		1	
2416	24.1600	0		0	
2417	24.1700	0		0	
2418	24.1800	0		0	
2419	24.1900	0		0	
2420	24.2000	0		0	
2421	24.2100	0		0	
2422	24.2200	0		0	
2423	24.2300	0		0	
2424	24.2400	0		0	
2425	24.2500	0		0	
2426	24.2600	0		0	
2427	24.2700	0		0	
2428	24.2800	0		0	
2429	24.2900	0		0	
2430	24.3000	0		0	
2431	24.3100	0		0	
2432	24.3200	0		0	
2433	24.3300	0		0	
2434	24.3400	0		0	
2435	24.3500	0		0	
2436	24.3600	0		0	
2437	24.3700	0		0	
2438	24.3800	0		0	
2439	24.3900	0		0	
2440	24.4000	0		0	
2441	24.4100	0		0	
2442	24.4200	0		0	
2443	24.4300	0		0	
2444	24.4400	0		0	
2445	24.4500	0		0	
2446	24.4600	0		0	
2447	24.4700	0		0	
2448	24.4800	0		0	
2449	24.4900	0		0	
2450	24.5000	0		0	
2451	24.5100	0		0	
2452	24.5200	0		0	
2453	24.5300	0		0	
2454	24.5400	0		0	
2455	24.5500	0		0	
2456	24.5600	0		0	
2457	24.5700	0		0	
2458	24.5800	0		0	
2459	24.5900	0		0	
2460	24.6000	0		0	
2461	24.6100	0		0	
2462	24.6200	0		0	
2463	24.6300	0		0	
2464	24.6400	0		0	
2465	24.6500	0		0	
2466	24.6600	0		0	
2467	24.6700	0		1	
2468	24.6800	0		1	
2469	24.6900	0		1	
2470	24.7000	0		1	
2471	24.7100	0		1	
2472	24.7200	0		1	
2473	24.7300	0		1	
2474	24.7400	0		1	
2475	24.7500	0		1	
2476	24.7600	0		1	
2477	24.7700	0		1	
2478	24.7800	0		1	
2479	24.7900	0		1	
2480	24.8000	0		1	
2481	24.8100	0		1	
2482	24.8200	0		1	
2483	24.8300	0		1	
2484	24.8400	0		1	
2485	24.8500	0		1	
2486	24.8600	0		1	
2487	24.8700	0		1	
2488	24.8800	0		1	
2489	24.8900	0		1	
2490	24.9000	0		1	
2491	24.9100	0		1	
2492	24.9200	0		1	
2493	24.9300	0		1	
2494	24.9400	0		1	
2495	24.9500	0		1	
2496	24.9600	0		1	
2497	24.9700	0		1	
2498	24.9800	0		1	
2499	24.9900	0		1	
2500	25.0000	0		1	
2501	25.0100	0		1	
2502	25.0200	0		1	
2503	25.0300	0		1	
2504	25.0400	0		1	
2505	25.0500	0		1	
2506	25.0600	0		1	
2507	25.0700	0		1	
2508	25.0800	0		1	
2509	25.0900	0		1	
2510	25.1000	0		1	
2511	25.1100	0		1	
2512	25.1200	0		1	
2513	25.1300	0		1	
2514	25.1400	0		1	
2515	25.1500	0		1	
2516	25.1600	0		1	
2517	25.1700	0		1	
2518	25.1800	0		1	
2519	25.1900	0		1	
2520	25.2000	0		1	
2521	25.2100	0		1	
2522	25.2200	0		1	
2523	25.2300	0		1	
2524	25.2400	0		1	
2525	25.2500	0		1	
2526	25.2600	0		1	
2527	25.2700	0		1	
2528	25.2800	0		1	
2529	25.2900	0		1	
2530	25.3000	0		1	
2531	25.3100	0		1	
2532	25.3200	0		1	
2533	25.3300	0		1	
2534	25.3400	0		1	
2535	25.3500	0		1	
2536	25.3600	0		1	
2537	25.3700	0		1	
2538	25.3800	0		1	
2539	25.3900	0		1	
2540	25.4000	0		1	
2541	25.4100	0		1	
2542	25.4200	0		1	
2543	25.4300	0		1	
2544	25.4400	0		1	
2545	25.4500	0		1	
2546	25.4600	0		1	
2547	25.4700	0		1	
2548	25.4800	0		1	
2549	25.4900	0		1	
2550	25.5000	0		1	
2551	25.5100	0		1	
2552	25.5200	0		1	
2553	25.5300	0		1	
2554	25.5400	0		1	
2555	25.5500	0		1	
2556	25.5600	0		1	
2557	25.5700	0		1	
2558	25.5800	0		1	
2559	25.5900	0		1	
2560	25.6000	0		1	
2561	25.6100	0		1	
2562	25.6200	0		1	
2563	25.6300	0		1	
2564	25.6400	0		1	
2565	25.6500	0		1	
2566	25.6600	0		1	
2567	25.6700	0		1	
2568	25.6800	0		1	
2569	25.6900	0		1	
2570	25.7000	0		1	
2571	25.7100	0		1	
2572	25.7200	0		1	
2573	25.7300	0		1	
2574	25.7400	0		1	
2575	25.7500	0		1	
2576	25.7600	0		1	
2577	25.7700	0		1	
2578	25.7800	0		1	
2579	25.7900	0		1	
2580	25.8000	0		1	
2581	25.8100	0		1	
2582	25.8200	0		1	
2583	25.8300	0		1	
2584	25.8400	0		1	
2585	25.8500	0		1	
2586	25.8600	0		1	
2587	25.8700	0		1	
2588	25.8800	0		1	
2589	25.8900	0		1	
2590	25.9000	0		1	
2591	25.9100	0		1	
2592	25.9200	0		1	
2593	25.9300	0		1	
2594	25.9400	0		1	
2595	25.9500	0		1	
2596	25.9600	0		1	
2597	25.9700	0		1	
2598	25.9800	0		1	
2599	25.9900	0		1	
2600	26.0000	0		1	
2601	26.0100	0		1	
2602	26.0200	0		1	
2603	26.0300	0		1	
2604	26.0400	0		1	
2605	26.0500	0		1	
2606	26.0600	0		1	
2607	26.0700	0		1	
2608	26.0800	0		1	
2609	26.0900	0		1	
2610	26.1000	0		1	
2611	26.1100	0		1	
2612	26.1200	0		1	
2613	26.1300	0		1	
2614	26.1400	0		1	
2615	26.1500	0		1	
2616	26.1600	0		1	
2617	26.1700	0		1	
2618	26.1800	0		1	
2619	26.1900	0		1	
2620	26.2000	0		1	
2621	26.2100	0		1	
2622	26.2200	0		1	
2623	26.2300	0		1	
2624	26.2400	0		1	
2625	26.2500	0		1	
2626	26.2600	0		1	
2627	26.2700	0		1	
2628	26.2800	0		1	
2629	26.2900	0		1	
2630	26.3000	0		1	
2631	26.3100	0		1	
2632	26.3200	0		1	
2633	26.3300	0		1	
2634	26.3400	0		1	
2635	26.3500	0		1	
2636	26.3600	0		1	
2637	26.3700	0		1	
2638	26.3800	0		1	
2639	26.3900	0		1	
2640	26.4000	0		1	
2641	26.4100	0		1	
2642	26.4200	0		1	
2643	26.4300	0		1	
2644	26.4400	0		1	
2645	26.4500	0		1	
2646	26.4600	0		1	
2647	26.4700	0		1	
2648	26.4800	0		1	
2649	26.4900	0		1	
2650	26.5000	0		1	
2651	26.5100	0		1	
2652	26.5200	0		1	
2653	26.5300	0		1	
2654	26.5400	0		1	
2655	26.5500	0		1	
2656	26.5600	0		1	
2657	26.5700	0		1	
2658	26.5800	0		1	
2659	26.5900	0		1	
2660	26.6000	0		1	
2661	26.6100	0		1	
2662	26.6200	0		1	
2663	26.6300	0		1	
2664	26.6400	0		1	
2665	26.6500	0		1	
2666	26.6600	0		1	
2667	26.6700	0		1	
2668	26.6800	0		1	
2669	26.6900	0		1	
2670	26.7000	0		1	
2671	26.7100	0		1	
2672	26.7200	0		1	
2673	26.7300	0		1	
2674	26.7400	0		1	
2675	26.7500	0		1	
2676	26.7600	0		1	
2677	26.7700	0		1	
2678	26.7800	0		1	
2679	26.7900	0		0	
2680	26.8000	0		0	
2681	26.8100	0		0	
2682	26.8200	0		0	
2683	26.8300	0		0	
2684	26.8400	0		0	
2685	26.8500	0		0	
2686	26.8600	0		0	
2687	26.8700	0		0	
2688	26.8800	0		0	
2689	26.8900	0		0	
2690	26.9000	0		0	
2691	26.9100	0		0	
2692	26.9200	0		0	
2693	26.9300	0		0	
2694	26.9400	0		0	
2695	26.9500	0		0	
2696	26.9600	0		0	
2697	26.9700	0		0	
2698	26.9800	0		0	
2699	26.9900	0		0	
2700	27.0000	0		0	
2701	27.0100	0		0	
2702	27.0200	0		0	
2703	27.0300	0		0	
2704	27.0400	0		0	
2705	27.0500	0		0	
2706	27.0600	0		0	
2707	27.0700	0		0	
2708	27.0800	0		0	
2709	27.0900	0		0	
2710	27.1000	0		0	
2711	27.1100	0		0	
2712	27.1200	0		0	
2713	27.1300	0		0	
2714	27.1400	0		0	
2715	27.1500	0		0	
2716	27.1600	0		0	
2717	27.1700	0		0	
2718	27.1800	0		0	
2719	27.1900	0		0	
2720	27.2000	0		0	
2721	27.2100	0		0	
2722	27.2200	0		0	
2723	27.2300	0		0	
2724	27.2400	0		0	
2725	27.2500	0		0	
2726	27.2600	0		0	
2727	27.2700	0		0	
2728	27.2800	0		0	
2729	27.2900	0		0	
2730	27.3000	0		0	
2731	27.3100	0		0	
2732	27.3200	0		0	
2733	27.3300	0		0	
2734	27.3400	0		0	
2735	27.3500	0		0	
2736	27.3600	0		0	
2737	27.3700	0		0	
2738	27.3800	0		0	
2739	27.3900	0		0	
2740	27.4000	0		1	
2741	27.4100	0		1	
2742	27.4200	0		1	
2743	27.4300	0		1	
2744	27.4400	0		1	
2745	27.4500	0		1	
2746	27.4600	0		1	
2747	27.4700	0		1	
2748	27.4800	0		1	
2749	27.4900	0		1	
2750	27.5000	0		1	
2751	27.5100	0		1	
2752	27.5200	0		1	
2753	27.5300	0		1	
2754	27.5400	0		1	
2755	27.5500	0		1	
2756	27.5600	0		1	
2757	27.5700	0		1	
2758	27.5800	0		1	
2759	27.5900	0		1	
2760	27.6000	0		1	
2761	27.6100	0		1	
2762	27.6200	0		1	
2763	27.6300	0		1	
2764	27.6400	0		1	
2765	27.6500	0		1	
2766	27.6600	0		1	
2767	27.6700	0		1	
2768	27.6800	0		1	
2769	27.6900	0		1	
2770	27.7000	0		1	
2771	27.7100	0		1	
2772	27.7200	0		1	
2773	27.7300	0		1	
2774	27.7400	0		1	
2775	27.7500	0		1	
2776	27.7600	0		1	
2777	27.7700	0		1	
2778	27.7800	0		1	
2779	27.7900	0		1	
2780	27.8000	0		1	
2781	27.8100	0		1	
2782	27.8200	0		1	
2783	27.8300	0		1	
2784	27.8400	0		1	
2785	27.8500	0		1	
2786	27.8600	0		1	
2787	27.8700	0		1	
2788	27.8800	0		1	
2789	27.8900	0		1	
2790	27.9000	0		1	
2791	27.9100	0		1	
2792	27.9200	0		1	
2793	27.9300	0		1	
2794	27.9400	0		1	
2795	27.9500	0		1	
2796	27.9600	0		1	
2797	27.9700	0		1	
2798	27.9800	0		1	
2799	27.9900	0		1	
2800	28.0000	0		1	
2801	28.0100	0		1	
2802	28.0200	0		1	
2803	28.0300	0		1	
2804	28.0400	0		1	
2805	28.0500	0		1	
2806	28.0600	0		1	
2807	28.0700	0		1	
2808	28.0800	0		1	
2809	28.0900	0		1	
2810	28.1000	0		1	
2811	28.1100	0		1	
2812	28.1200	0		1	
2813	28.1300	0		1	
2814	28.1400	0		1	
2815	28.1500	0		1	
2816	28.1600	0		1	
2817	28.1700	0		1	
2818	28.1800	0		1	
2819	28.1900	0		1	
2820	28.2000	0		1	
2821	28.2100	0		1	
2822	28.2200	0		1	
2823	28.2300	0		1	
2824	28.2400	0		1	
2825	28.2500	0		1	
2826	28.2600	0		1	
2827	28.2700	0		1	
2828	28.2800	0		1	
2829	28.2900	0		1	
2830	28.3000	0		1	
2831	28.3100	0		1	
2832	28.3200	0		1	
2833	28.3300	0		1	
2834	28.3400	0		1	
2835	28.3500	0		1	
2836	28.3600	0		1	
2837	28.3700	0		1	
2838	28.3800	0		1	
2839	28.3900	0		1	
2840	28.4000	0		1	
2841	28.4100	0		1	
2842	28.4200	0		1	
2843	28.4300	0		1	
2844	28.4400	0		1	
2845	28.4500	0		1	
2846	28.4600	0		1	
2847	28.4700	0		1	
2848	28.4800	0		1	
2849	28.4900	0		1	
2850	28.5000	0		1	
2851	28.5100	0		1	
2852	28.5200	0		0	
2853	28.5300	0		0	
2854	28.5400	0		0	
2855	28.5500	0		0	
2856	28.5600	0		0	
2857	28.5700	0		0	
2858	28.5800	0		0	
2859	28.5900	0		0	
2860	28.6000	0		0	
2861	28.6100	0		0	
2862	28.6200	0		0	
2863	28.6300	0		0	
2864	28.6400	0		0	
2865	28.6500	0		0	
2866	28.6600	0		0	
2867	28.6700	0		0	
2868	28.6800	0		0	
2869	28.6900	0		0	
2870	28.7000	0		0	
2871	28.7100	0		0	
2872	28.7200	0		0	
2873	28.7300	0		0	
2874	28.7400	0		0	
2875	28.7500	0		0	
2876	28.7600	0		0	
2877	28.7700	0		0	
2878	28.7800	0		0	
2879	28.7900	0		0	
2880	28.8000	0		0	
2881	28.8100	0		0	
2882	28.8200	0		0	
2883	28.8300	0		0	
2884	28.8400	0		0	
2885	28.8500	0		0	
2886	28.8600	0		1	
2887	28.8700	0		1	
2888	28.8800	0		1	
2889	28.8900	0		1	
2890	28.9000	0		1	
2891	28.9100	0		1	
2892	28.9200	0		1	
2893	28.9300	0		1	
2894	28.9400	0		1	
2895	28.9500	0		1	
2896	28.9600	0		1	
2897	28.9700	0		1	
2898	28.9800	0		1	
2899	28.9900	0		1	
2900	29.0000	0		1	
2901	29.0100	0		1	
2902	29.0200	0		1	
2903	29.0300	0		1	
2904	29.0400	0		1	
2905	29.0500	0		1	
2906	29.0600	0		1	
2907	29.0700	0		1	
2908	29.0800	0		1	
2909	29.0900	0		1	
2910	29.1000	0		1	
2911	29.1100	0		1	
2912	29.1200	0		1	
2913	29.1300	0		1	
2914	29.1400	0		1	
2915	29.1500	0		1	
2916	29.1600	0		1	
2917	29.1700	0		1	
2918	29.1800	0		1	
2919	29.1900	0		1	
2920	29.2000	0		1	
2921	29.2100	0		1	
2922	29.2200	0		1	
2923	29.2300	0		1	
2924	29.2400	0		1	
2925	29.2500	0		1	
2926	29.2600	0		1	
2927	29.2700	0		1	
2928	29.2800	0		1	
2929	29.2900	0		1	
2930	29.3000	0		1	
2931	29.3100	0		1	
2932	29.3200	0		1	
2933	29.3300	0		1	
2934	29.3400	0		1	
2935	29.3500	0		1	
2936	29.3600	0		1	
2937	29.3700	0		1	
2938	29.3800	0		1	
2939	29.3900	0		1	
2940	29.4000	0		1	
2941	29.4100	0		1	
2942	29.4200	0		1	
2943	29.4300	0		1	
2944	29.4400	0		1	
2945	29.4500	0		1	
2946	29.4600	0		1	
2947	29.4700	0		1	
2948	29.4800	0		1	
2949	29.4900	0		1	
2950	29.5000	0		1	
2951	29.5100	0		1	
2952	29.5200	0		1	
2953	29.5300	0		1	
2954	29.5400	0		1	
2955	29.5500	0		1	
2956	29.5600	0		1	
2957	29.5700	0		1	
2958	29.5800	0		1	
2959	29.5900	0		1	
2960	29.6000	0		1	
2961	29.6100	0		1	
2962	29.6200	0		1	
2963	29.6300	0		1	
2964	29.6400	0		1	
2965	29.6500	0		1	
2966	29.6600	0		1	
2967	29.6700	0		1	
2968	29.6800	0		1	
2969	29.6900	0		1	
2970	29.7000	0		1	
2971	29.7100	0		1	
2972	29.7200	0		1	
2973	29.7300	0		1	
2974	29.7400	0		1	
2975	29.7500	0		1	
2976	29.7600	0		1	
2977	29.7700	0		1	
2978	29.7800	0		1	
2979	29.7900	0		1	
2980	29.8000	0		1	
2981	29.8100	0		1	
2982	29.8200	0		1	
2983	29.8300	0		1	
2984	29.8400	0		1	
2985	29.8500	0		1	
2986	29.8600	0		1	
2987	29.8700	0		1	
2988	29.8800	0		1	
2989	29.8900	0		1	
2990	29.9000	0		1	
2991	29.9100	0		1	
2992	29.9200	0		1	
2993	29.9300	0		1	
2994	29.9400	0		1	
2995	29.9500	0		1	
2996	29.9600	0		0	
2997	29.9700	0		0	
2998	29.9800	0		0	
2999	29.9900	0		0	
3000	30.0000	0		0	
3001	30.0100	0		0	
3002	30.0200	0		0	
3003	30.0300	0		0	
3004	30.0400	0		0	
3005	30.0500	0		0	
3006	30.0600	0		0	
3007	30.0700	0		0	
3008	30.0800	0		0	
3009	30.0900	0		0	
3010	30.1000	0		0	
3011	30.1100	0		0	
3012	30.1200	0		0	
3013	30.1300	0		0	
3014	30.1400	0		0	
3015	30.1500	0		0	
3016	30.1600	0		0	
3017	30.1700	0		0	
3018	30.1800	0		0	
3019	30.1900	0		0	
3020	30.2000	0		0	
3021	30.2100	0		0	
3022	30.2200	0		0	
3023	30.2300	0		0	
3024	30.2400	0		0	
3025	30.2500	0		0	
3026	30.2600	0		0	
3027	30.2700	0		0	
3028	30.2800	0		0	
3029	30.2900	0		0	
3030	30.3000	0		0	
3031	30.3100	0		0	
3032	30.3200	0		0	
3033	30.3300	0		0	
3034	30.3400	0		0	
3035	30.3500	0		0	
3036	30.3600	0		0	
3037	30.3700	0		0	
3038	30.3800	0		0	
3039	30.3900	0		0	
3040	30.4000	0		1	
3041	30.4100	0		1	
3042	30.4200	0		1	
3043	30.4300	0		1	
3044	30.4400	0		1	
3045	30.4500	0		1	
3046	30.4600	0		1	
3047	30.4700	0		1	
3048	30.4800	0		1	
3049	30.4900	0		1	
3050	30.5000	0		1	
3051	30.5100	0		1	
3052	30.5200	0		1	
3053	30.5300	0		1	
3054	30.5400	0		1	
3055	30.5500	0		1	
3056	30.5600	0		1	
3057	30.5700	0		1	
3058	30.5800	0		1	
3059	30.5900	0		1	
3060	30.6000	0		1	
3061	30.6100	0		1	
3062	30.6200	0		1	
3063	30.6300	0		1	
3064	30.6400	0		1	
3065	30.6500	0		1	
3066	30.6600	0		1	
3067	30.6700	0		1	
3068	30.6800	0		1	
3069	30.6900	0		1	
3070	30.7000	0		1	
3071	30.7100	0		1	
3072	30.7200	0		1	
3073	30.7300	0		1	
3074	30.7400	0		1	
3075	30.7500	0		1	
3076	30.7600	0		1	
3077	30.7700	0		1	
3078	30.7800	0		1	
3079	30.7900	0		1	
3080	30.8000	0		1	
3081	30.8100	0		1	
3082	30.8200	0		1	
3083	30.8300	0		1	
3084	30.8400	0		1	
3085	30.8500	0		1	
3086	30.8600	0		1	
3087	30.8700	0		1	
3088	30.8800	0		1	
3089	30.8900	0		1	
3090	30.9000	0		1	
3091	30.9100	0		1	
3092	30.9200	0		1	
3093	30.9300	0		1	
3094	30.9400	0		1	
3095	30.9500	0		1	
3096	30.9600	0		1	
3097	30.9700	0		1	
3098	30.9800	0		1	
3099	30.9900	0		1	
3100	31.0000	0		1	
3101	31.0100	0		1	
3102	31.0200	0		1	
3103	31.0300	0		1	
3104	31.0400	0		1	
3105	31.0500	0		1	
3106	31.0600	0		1	
3107	31.0700	0		1	
3108	31.0800	0		1	
3109	31.0900	0		1	
3110	31.1000	0		1	
3111	31.1100	0		1	
3112	31.1200	0		1	
3113	31.1300	0		1	
3114	31.1400	0		1	
3115	31.1500	0		1	
3116	31.1600	0		1	
3117	31.1700	0		1	
3118	31.1800	0		1	
3119	31.1900	0		1	
3120	31.2000	0		1	
3121	31.2100	0		1	
3122	31.2200	0		1	
3123	31.2300	0		1	
3124	31.2400	0		1	
3125	31.2500	0		1	
3126	31.2600	0		1	
3127	31.2700	0		1	
3128	31.2800	0		1	
3129	31.2900	0		1	
3130	31.3000	0		1	
3131	31.3100	0		1	
3132	31.3200	0		1	
3133	31.3300	0		0	
3134	31.3400	0		0	
3135	31.3500	0		0	
3136	31.3600	0		0	
3137	31.3700	0		0	
3138	31.3800	0		0	
3139	31.3900	0		0	
3140	31.4000	0		0	
3141	31.4100	0		0	
3142	31.4200	0		0	
3143	31.4300	0		0	
3144	31.4400	0		0	
3145	31.4500	0		0	
3146	31.4600	0		0	
3147	31.4700	0		0	
3148	31.4800	0		0	
3149	31.4900	0		0	
3150	31.5000	0		0	
3151	31.5100	0		0	
3152	31.5200	0		0	
3153	31.5300	0		0	
3154	31.5400	0		0	
3155	31.5500	0		0	
3156	31.5600	0		0	
3157	31.5700	0		0	
3158	31.5800	0		0	
3159	31.5900	0		0	
3160	31.6000	0		0	
3161	31.6100	0		0	
3162	31.6200	0		0	
3163	31.6300	0		0	
3164	31.6400	0		0	
3165	31.6500	0		0	
3166	31.6600	0		0	
3167	31.6700	0		0	
3168	31.6800	0		0	
3169	31.6900	0		0	
3170	31.7000	0		0	
3171	31.7100	0		0	
3172	31.7200	0		0	
3173	31.7300	0		0	
3174	31.7400	0		0	
3175	31.7500	0		0	
3176	31.7600	0		0	
3177	31.7700	0		0	
3178	31.7800	0		0	
3179	31.7900	0		0	
3180	31.8000	0		0	
3181	31.8100	0		0	
3182	31.8200	0		0	
3183	31.8300	0		0	
3184	31.8400	0		0	
3185	31.8500	0		0	
3186	31.8600	0		0	
3187	31.8700	0		0	
3188	31.8800	0		0	
3189	31.8900	0		0	
3190	31.9000	0		0	
3191	31.9100	0		0	
3192	31.9200	0		0	
3193	31.9300	0		0	
3194	31.9400	0		0	
3195	31.9500	0		0	
3196	31.9600	0		0	
3197	31.9700	0		0	
3198	31.9800	0		0	
3199	31.9900	0		0	
3200	32.0000	0		0	
3201	32.0100	0		0	
3202	32.0200	0		0	
3203	32.0300	0		0	
3204	32.0400	0		0	
3205	32.0500	0		1	
3206	32.0600	0		1	
3207	32.0700	0		1	
3208	32.0800	0		1	
3209	32.0900	0		1	
3210	32.1000	0		1	
3211	32.1100	0		1	
3212	32.1200	0		1	
3213	32.1300	0		1	
3214	32.1400	0		1	
3215	32.1500	0		1	
3216	32.1600	0		1	
3217	32.1700	0		1	
3218	32.1800	0		1	
3219	32.1900	0		1	
3220	32.2000	0		1	
3221	32.2100	0		1	
3222	32.2200	0		1	
3223	32.2300	0		1	
3224	32.2400	0		1	
3225	32.2500	0		1	
3226	32.2600	0		1	
3227	32.2700	0		1	
3228	32.2800	0		1	
3229	32.2900	0		1	
3230	32.3000	0		1	
3231	32.3100	0		1	
3232	32.3200	0		1	
3233	32.3300	0		1	
3234	32.3400	0		1	
3235	32.3500	0		1	
3236	32.3600	0		1	
3237	32.3700	0		1	
3238	32.3800	0		1	
3239	32.3900	0		1	
3240	32.4000	0		1	
3241	32.4100	0		1	
3242	32.4200	0		1	
3243	32.4300	0		1	
3244	32.4400	0		1	
3245	32.4500	0		1	
3246	32.4600	0		1	
3247	32.4700	0		1	
3248	32.4800	0		1	
3249	32.4900	0		1	
3250	32.5000	0		1	
3251	32.5100	0		1	
3252	32.5200	0		1	
3253	32.5300	0		1	
3254	32.5400	0		1	
3255	32.5500	0		1	
3256	32.5600	0		1	
3257	32.5700	0		1	
3258	32.5800	0		1	
3259	32.5900	0		1	
3260	32.6000	0		1	
3261	32.6100	0		1	
3262	32.6200	0		1	
3263	32.6300	0		1	
3264	32.6400	0		1	
3265	32.6500	0		1	
3266	32.6600	0		1	
3267	32.6700	0		1	
3268	32.6800	0		1	
3269	32.6900	0		1	
3270	32.7000	0		0	
3271	32.7100	0		0	
3272	32.7200	0		0	
3273	32.7300	0		0	
3274	32.7400	0		0	
3275	32.7500	0		0	
3276	32.7600	0		0	
3277	32.7700	0		0	
3278	32.7800	0		0	
3279	32.7900	0		0	
3280	32.8000	0		0	
3281	32.8100	0		0	
3282	32.8200	0		0	
3283	32.8300	0		0	
3284	32.8400	0		0	
3285	32.8500	0		0	
3286	32.8600	0		0	
3287	32.8700	0		0	
3288	32.8800	0		0	
3289	32.8900	0		0	
3290	32.9000	0		0	
3291	32.9100	0		0	
3292	32.9200	0		0	
3293	32.9300	0		0	
3294	32.9400	0		0	
3295	32.9500	0		0	
3296	32.9600	0		0	
3297	32.9700	0		0	
3298	32.9800	0		0	
3299	32.9900	0		0	
3300	33.0000	0		0	
3301	33.0100	0		0	
3302	33.0200	0		0	
3303	33.0300	0		0	
3304	33.0400	0		0	
3305	33.0500	0		0	
3306	33.0600	0		0	
3307	33.0700	0		0	
3308	33.0800	0		0	
3309	33.0900	0		0	
3310	33.1000	0		0	
3311	33.1100	0		0	
3312	33.1200	0		0	
3313	33.1300	0		0	
3314	33.1400	0		0	
3315	33.1500	0		0	
3316	33.1600	0		0	
3317	33.1700	0		0	
3318	33.1800	0		0	
3319	33.1900	0		0	
3320	33.2000	0		0	
3321	33.2100	0		0	
3322	33.2200	0		0	
3323	33.2300	0		0	
3324	33.2400	0		0	
3325	33.2500	0		0	
3326	33.2600	0		0	
3327	33.2700	0		0	
3328	33.2800	0		0	
3329	33.2900	0		1	
3330	33.3000	0		1	
3331	33.3100	0		1	
3332	33.3200	0		1	
3333	33.3300	0		1	
3334	33.3400	0		1	
3335	33.3500	0		1	
3336	33.3600	0		1	
3337	33.3700	0		1	
3338	33.3800	0		1	
3339	33.3900	0		1	
3340	33.4000	0		1	
3341	33.4100	0		1	
3342	33.4200	0		1	
3343	33.4300	0		1	
3344	33.4400	0		1	
3345	33.4500	0		1	
3346	33.4600	0		1	
3347	33.4700	0		1	
3348	33.4800	0		1	
3349	33.4900	0		1	
3350	33.5000	0		1	
3351	33.5100	0		1	
3352	33.5200	0		1	
3353	33.5300	0		1	
3354	33.5400	0		1	
3355	33.5500	0		1	
3356	33.5600	0		1	
3357	33.5700	0		1	
3358	33.5800	0		1	
3359	33.5900	0		1	
3360	33.6000	0		1	
3361	33.6100	0		1	
3362	33.6200	0		1	
3363	33.6300	0		1	
3364	33.6400	0		1	
3365	33.6500	0		1	
3366	33.6600	0		1	
3367	33.6700	0		1	
3368	33.6800	0		1	
3369	33.6900	0		1	
3370	33.7000	0		1	
3371	33.7100	0		1	
3372	33.7200	0		1	
3373	33.7300	0		1	
3374	33.7400	0		1	
3375	33.7500	0		1	
3376	33.7600	0		1	
3377	33.7700	0		1	
3378	33.7800	0		1	
3379	33.7900	0		1	
3380	33.8000	0		1	
3381	33.8100	0		1	
3382	33.8200	0		1	
3383	33.8300	0		1	
3384	33.8400	0		1	
3385	33.8500	0		1	
3386	33.8600	0		1	
3387	33.8700	0		1	
3388	33.8800	0		1	
3389	33.8900	0		1	
3390	33.9000	0		1	
3391	33.9100	0		1	
3392	33.9200	0		1	
3393	33.9300	0		1	
3394	33.9400	0		1	
3395	33.9500	0		1	
3396	33.9600	0		1	
3397	33.9700	0		1	
3398	33.9800	0		1	
3399	33.9900	0		1	
3400	34.0000	0		1	
3401	34.0100	0		1	
3402	34.0200	0		1	
3403	34.0300	0		1	
3404	34.0400	0		1	
3405	34.0500	0		1	
3406	34.0600	0		1	
3407	34.0700	0		1	
3408	34.0800	0		1	
3409	34.0900	0		1	
3410	34.1000	0		1	
3411	34.1100	0		1	
3412	34.1200	0		1	
3413	34.1300	0		1	
3414	34.1400	0		1	
3415	34.1500	0		1	
3416	34.1600	0		1	
3417	34.1700	0		1	
3418	34.1800	0		1	
3419	34.1900	0		1	
3420	34.2000	0		1	
3421	34.2100	0		1	
3422	34.2200	0		1	
3423	34.2300	0		1	
3424	34.2400	0		1	
3425	34.2500	0		1	
3426	34.2600	0		1	
3427	34.2700	0		1	
3428	34.2800	0		1	
3429	34.2900	0		1	
3430	34.3000	0		1	
3431	34.3100	0		1	
3432	34.3200	0		1	
3433	34.3300	0		1	
3434	34.3400	0		1	
3435	34.3500	0		1	
3436	34.3600	0		1	
3437	34.3700	0		1	
3438	34.3800	0		1	
3439	34.3900	0		1	
3440	34.4000	0		1	
3441	34.4100	0		1	
3442	34.4200	0		0	
3443	34.4300	0		0	
3444	34.4400	0		0	
3445	34.4500	0		0	
3446	34.4600	0		0	
3447	34.4700	0		0	
3448	34.4800	0		0	
3449	34.4900	0		0	
3450	34.5000	0		0	
3451	34.5100	0		0	
3452	34.5200	0		0	
3453	34.5300	0		0	
3454	34.5400	0		0	
3455	34.5500	0		0	
3456	34.5600	0		0	
3457	34.5700	0		0	
3458	34.5800	0		0	
3459	34.5900	0		0	
3460	34.6000	0		0	
3461	34.6100	0		0	
3462	34.6200	0		0	
3463	34.6300	0		0	
3464	34.6400	0		0	
3465	34.6500	0		0	
3466	34.6600	0		0	
3467	34.6700	0		1	
3468	34.6800	0		1	
3469	34.6900	0		1	
3470	34.7000	0		1	
3471	34.7100	0		1	
3472	34.7200	0		1	
3473	34.7300	0		1	
3474	34.7400	0		1	
3475	34.7500	0		1	
3476	34.7600	0		1	
3477	34.7700	0		1	
3478	34.7800	0		1	
3479	34.7900	0		1	
3480	34.8000	0		1	
3481	34.8100	0		1	
3482	34.8200	0		1	
3483	34.8300	0		1	
3484	34.8400	0		1	
3485	34.8500	0		1	
3486	34.8600	0		1	
3487	34.8700	0		1	
3488	34.8800	0		1	
3489	34.8900	0		1	
3490	34.9000	0		1	
3491	34.9100	0		1	
3492	34.9200	0		1	
3493	34.9300	0		1	
3494	34.9400	0		1	
3495	34.9500	0		1	
3496	34.9600	0		1	
3497	34.9700	0		1	
3498	34.9800	0		1	
3499	34.9900	0		1	
3500	35.0000	0		1	
3501	35.0100	0		1	
3502	35.0200	0		1	
3503	35.0300	0		1	
3504	35.0400	0		1	
3505	35.0500	0		1	
3506	35.0600	0		1	
3507	35.0700	0		1	
3508	35.0800	0		1	
3509	35.0900	0		1	
3510	35.1000	0		1	
3511	35.1100	0		1	
3512	35.1200	0		1	
3513	35.1300	0		1	
3514	35.1400	0		1	
3515	35.1500	0		1	
3516	35.1600	0		1	
3517	35.1700	0		1	
3518	35.1800	0		1	
3519	35.1900	0		1	
3520	35.2000	0		1	
3521	35.2100	0		1	
3522	35.2200	0		1	
3523	35.2300	0		1	
3524	35.2400	0		1	
3525	35.2500	0		1	
3526	35.2600	0		1	
3527	35.2700	0		1	
3528	35.2800	0		0	
3529	35.2900	0		0	
3530	35.3000	0		0	
3531	35.3100	0		0	
3532	35.3200	0		0	
3533	35.3300	0		0	
3534	35.3400	0		0	
3535	35.3500	0		0	
3536	35.3600	0		0	
3537	35.3700	0		0	
3538	35.3800	0		0	
3539	35.3900	0		0	
3540	35.4000	0		0	
3541	35.4100	0		0	
3542	35.4200	0		0	
3543	35.4300	0		0	
3544	35.4400	0		0	
3545	35.4500	0		0	
3546	35.4600	0		0	
3547	35.4700	0		0	
3548	35.4800	0		0	
3549	35.4900	0		0	
3550	35.5000	0		0	
3551	35.5100	0		0	
3552	35.5200	0		0	
3553	35.5300	0		0	
3554	35.5400	0		0	
3555	35.5500	0		0	
3556	35.5600	0		0	
3557	35.5700	0		0	
3558	35.5800	0		0	
3559	35.5900	0		0	
3560	35.6000	0		0	
3561	35.6100	0		0	
3562	35.6200	0		0	
3563	35.6300	0		0	
3564	35.6400	0		0	
3565	35.6500	0		0	
3566	35.6600	0		0	
3567	35.6700	0		0	
3568	35.6800	0		0	
3569	35.6900	0		1	
3570	35.7000	0		1	
3571	35.7100	0		1	
3572	35.7200	0		1	
3573	35.7300	0		1	
3574	35.7400	0		1	
3575	35.7500	0		1	
3576	35.7600	0		1	
3577	35.7700	0		1	
3578	35.7800	0		1	
3579	35.7900	0		1	
3580	35.8000	0		1	
3581	35.8100	0		1	
3582	35.8200	0		1	
3583	35.8300	0		1	
3584	35.8400	0		1	
3585	35.8500	0		1	
3586	35.8600	0		1	
3587	35.8700	0		1	
3588	35.8800	0		1	
3589	35.8900	0		1	
3590	35.9000	0		1	
3591	35.9100	0		1	
3592	35.9200	0		1	
3593	35.9300	0		1	
3594	35.9400	0		1	
3595	35.9500	0		1	
3596	35.9600	0		1	
3597	35.9700	0		1	
3598	35.9800	0		1	
3599	35.9900	0		1	
3600	36.0000	0		1	
3601	36.0100	0		1	
3602	36.0200	0		1	
3603	36.0300	0		1	
3604	36.0400	0		1	
3605	36.0500	0		1	
3606	36.0600	0		1	
3607	36.0700	0		1	
3608	36.0800	0		1	
3609	36.0900	0		1	
3610	36.1000	0		1	
3611	36.1100	0		1	
3612	36.1200	0		1	
3613	36.1300	0		1	
3614	36.1400	0		1	
3615	36.1500	0		1	
3616	36.1600	0		1	
3617	36.1700	0		1	
3618	36.1800	0		1	
3619	36.1900	0		1	
3620	36.2000	0		1	
3621	36.2100	0		1	
3622	36.2200	0		1	
3623	36.2300	0		1	
3624	36.2400	0		1	
3625	36.2500	0		1	
3626	36.2600	0		1	
3627	36.2700	0		1	
3628	36.2800	0		0	
3629	36.2900	0		0	
3630	36.3000	0		0	
3631	36.3100	0		0	
3632	36.3200	0		0	
3633	36.3300	0		0	
3634	36.3400	0		0	
3635	36.3500	0		0	
3636	36.3600	0		1	
3637	36.3700	0		1	
3638	36.3800	0		1	
3639	36.3900	0		1	
3640	36.4000	0		1	
3641	36.4100	0		1	
3642	36.4200	0		1	
3643	36.4300	0		1	
3644	36.4400	0		1	
3645	36.4500	0		1	
3646	36.4600	0		1	
3647	36.4700	0		1	
3648	36.4800	0		1	
3649	36.4900	0		1	
3650	36.5000	0		1	
3651	36.5100	0		1	
3652	36.5200	0		1	
3653	36.5300	0		1	
3654	36.5400	0		1	
3655	36.5500	0		1	
3656	36.5600	0		1	
3657	36.5700	0		1	
3658	36.5800	0		1	
3659	36.5900	0		1	
3660	36.6000	0		0	
3661	36.6100	0		0	
3662	36.6200	0		0	
3663	36.6300	0		0	
3664	36.6400	0		0	
3665	36.6500	0		0	
3666	36.6600	0		1	
3667	36.6700	0		1	
3668	36.6800	0		1	
3669	36.6900	0		1	
3670	36.7000	0		1	
3671	36.7100	0		1	
3672	36.7200	0		1	
3673	36.7300	0		1	
3674	36.7400	0		1	
3675	36.7500	0		1	
3676	36.7600	0		1	
3677	36.7700	0		1	
3678	36.7800	0		1	
3679	36.7900	0		1	
3680	36.8000	0		1	
3681	36.8100	0		1	
3682	36.8200	0		1	
3683	36.8300	0		1	
3684	36.8400	0		1	
3685	36.8500	0		1	
3686	36.8600	0		1	
3687	36.8700	0		1	
3688	36.8800	0		1	
3689	36.8900	0		1	
3690	36.9000	0		1	
3691	36.9100	0		1	
3692	36.9200	0		1	
3693	36.9300	0		1	
3694	36.9400	0		1	
3695	36.9500	0		1	
3696	36.9600	0		1	
3697	36.9700	0		1	
3698	36.9800	0		1	
3699	36.9900	0		1	
3700	37.0000	0		1	
3701	37.0100	0		1	
3702	37.0200	0		1	
3703	37.0300	0		1	
3704	37.0400	0		0	
3705	37.0500	0		0	
3706	37.0600	0		0	
3707	37.0700	0		0	
3708	37.0800	0		0	
3709	37.0900	0		0	
3710	37.1000	0		0	
3711	37.1100	0		0	
3712	37.1200	0		0	
3713	37.1300	0		0	
3714	37.1400	0		0	
3715	37.1500	0		0	
3716	37.1600	0		0	
3717	37.1700	0		0	
3718	37.1800	0		0	
3719	37.1900	0		0	
3720	37.2000	0		0	
3721	37.2100	0		0	
3722	37.2200	0		0	
3723	37.2300	0		0	
3724	37.2400	0		0	
3725	37.2500	0		0	
3726	37.2600	0		0	
3727	37.2700	0		0	
3728	37.2800	0		0	
3729	37.2900	0		0	
3730	37.3000	0		0	
3731	37.3100	0		0	
3732	37.3200	0		0	
3733	37.3300	0		0	
3734	37.3400	0		0	
3735	37.3500	0		0	
3736	37.3600	0		0	
3737	37.3700	0		0	
3738	37.3800	0		0	
3739	37.3900	0		0	
3740	37.4000	0		0	
3741	37.4100	0		0	
3742	37.4200	0		0	
3743	37.4300	0		0	
3744	37.4400	0		0	
3745	37.4500	0		0	
3746	37.4600	0		0	
3747	37.4700	0		0	
3748	37.4800	0		0	
3749	37.4900	0		0	
3750	37.5000	0		0	
3751	37.5100	0		0	
3752	37.5200	0		0	
3753	37.5300	0		0	
3754	37.5400	0		0	
3755	37.5500	0		0	
3756	37.5600	0		0	
3757	37.5700	0		0	
3758	37.5800	0		0	
3759	37.5900	0		0	
3760	37.6000	0		0	
3761	37.6100	0		0	
3762	37.6200	0		0	
3763	37.6300	0		0	
3764	37.6400	0		0	
3765	37.6500	0		0	
3766	37.6600	0		0	
3767	37.6700	0		0	
3768	37.6800	0		0	
3769	37.6900	0		0	
3770	37.7000	0		0	
3771	37.7100	0		1	
3772	37.7200	0		1	
3773	37.7300	0		1	
3774	37.7400	0		1	
3775	37.7500	0		1	
3776	37.7600	0		1	
3777	37.7700	0		1	
3778	37.7800	0		1	
3779	37.7900	0		1	
3780	37.8000	0		1	
3781	37.8100	0		1	
3782	37.8200	0		1	
3783	37.8300	0		1	
3784	37.8400	0		1	
3785	37.8500	0		1	
3786	37.8600	0		1	
3787	37.8700	0		1	
3788	37.8800	0		1	
3789	37.8900	0		1	
3790	37.9000	0		1	
3791	37.9100	0		1	
3792	37.9200	0		1	
3793	37.9300	0		1	
3794	37.9400	0		1	
3795	37.9500	0		1	
3796	37.9600	0		1	
3797	37.9700	0		1	
3798	37.9800	0		1	
3799	37.9900	0		1	
3800	38.0000	0		1	
3801	38.0100	0		1	
3802	38.0200	0		1	
3803	38.0300	0		1	
3804	38.0400	0		1	
3805	38.0500	0		1	
3806	38.0600	0		1	
3807	38.0700	0		1	
3808	38.0800	0		1	
3809	38.0900	0		1	
3810	38.1000	0		1	
3811	38.1100	0		1	
3812	38.1200	0		1	
3813	38.1300	0		1	
3814	38.1400	0		1	
3815	38.1500	0		1	
3816	38.1600	0		1	
3817	38.1700	0		1	
3818	38.1800	0		1	
3819	38.1900	0		0	
3820	38.2000	0		0	
3821	38.2100	0		0	
3822	38.2200	0		0	
3823	38.2300	0		0	
3824	38.2400	0		0	
3825	38.2500	0		0	
3826	38.2600	0		0	
3827	38.2700	0		0	
3828	38.2800	0		0	
3829	38.2900	0		0	
3830	38.3000	0		0	
3831	38.3100	0		0	
3832	38.3200	0		0	
3833	38.3300	0		0	
3834	38.3400	0		0	
3835	38.3500	0		0	
3836	38.3600	0		0	
3837	38.3700	0		0	
3838	38.3800	0		0	
3839	38.3900	0		0	
3840	38.4000	0		0	
3841	38.4100	0		0	
3842	38.4200	0		0	
3843	38.4300	0		0	
3844	38.4400	0		0	
3845	38.4500	0		0	
3846	38.4600	0		0	
3847	38.4700	0		0	
3848	38.4800	0		0	
3849	38.4900	0		0	
3850	38.5000	0		0	
3851	38.5100	0		0	
3852	38.5200	0		0	
3853	38.5300	0		0	
3854	38.5400	0		0	
3855	38.5500	0		0	
3856	38.5600	0		0	
3857	38.5700	0		0	
3858	38.5800	0		0	
3859	38.5900	0		0	
3860	38.6000	0		0	
3861	38.6100	0		0	
3862	38.6200	0		0	
3863	38.6300	0		0	
3864	38.6400	0		0	
3865	38.6500	0		0	
3866	38.6600	0		0	
3867	38.6700	0		0	
3868	38.6800	0		0	
3869	38.6900	0		0	
3870	38.7000	0		0	
3871	38.7100	0		0	
3872	38.7200	0		0	
3873	38.7300	0		0	
3874	38.7400	0		0	
3875	38.7500	0		0	
3876	38.7600	0		0	
3877	38.7700	0		0	
3878	38.7800	0		0	
3879	38.7900	0		0	
3880	38.8000	0		0	
3881	38.8100	0		0	
3882	38.8200	0		0	
3883	38.8300	0		0	
3884	38.8400	0		0	
3885	38.8500	0		0	
3886	38.8600	0		0	
3887	38.8700	0		0	
3888	38.8800	0		0	
3889	38.8900	0		0	
3890	38.9000	0		0	
3891	38.9100	0		0	
3892	38.9200	0		0	
3893	38.9300	0		0	
3894	38.9400	0		0	
3895	38.9500	0		0	
3896	38.9600	0		0	
3897	38.9700	0		0	
3898	38.9800	0		0	
3899	38.9900	0		0	
3900	39.0000	0		0	
3901	39.0100	0		0	
3902	39.0200	0		0	
3903	39.0300	0		0	
3904	39.0400	0		0	
3905	39.0500	0		0	
3906	39.0600	0		0	
3907	39.0700	0		0	
3908	39.0800	0		0	
3909	39.0900	0		0	
3910	39.1000	0		0	
3911	39.1100	0		0	
3912	39.1200	0		0	
3913	39.1300	0		0	
3914	39.1400	0		0	
3915	39.1500	0		0	
3916	39.1600	0		0	
3917	39.1700	0		0	
3918	39.1800	0		0	
3919	39.1900	0		0	
3920	39.2000	0		0	
3921	39.2100	0		0	
3922	39.2200	0		0	
3923	39.2300	0		0	
3924	39.2400	0		0	
3925	39.2500	0		0	
3926	39.2600	0		0	
3927	39.2700	0		0	
3928	39.2800	0		0	
3929	39.2900	0		0	
3930	39.3000	0		0	
3931	39.3100	0		0	
3932	39.3200	0		0	
3933	39.3300	0		0	
3934	39.3400	0		0	
3935	39.3500	0		0	
3936	39.3600	0		0	
3937	39.3700	0		0	
3938	39.3800	0		0	
3939	39.3900	0		0	
3940	39.4000	0		0	
3941	39.4100	0		0	
3942	39.4200	0		0	
3943	39.4300	0		0	
3944	39.4400	0		0	
3945	39.4500	0		0	
3946	39.4600	0		0	
3947	39.4700	0		0	
3948	39.4800	0		0	
3949	39.4900	0		0	
3950	39.5000	0		0	
3951	39.5100	0		0	
3952	39.5200	0		0	
3953	39.5300	0		0	
3954	39.5400	0		0	
3955	39.5500	0		0	
3956	39.5600	0		0	
3957	39.5700	0		0	
3958	39.5800	0		0	
3959	39.5900	0		0	
3960	39.6000	0		0	
3961	39.6100	0		0	
3962	39.6200	0		0	
3963	39.6300	0		0	
3964	39.6400	0		0	
3965	39.6500	0		0	
3966	39.6600	0		0	
3967	39.6700	0		0	
3968	39.6800	0		0	
3969	39.6900	0		0	
3970	39.7000	0		0	
3971	39.7100	0		0	
3972	39.7200	0		0	
3973	39.7300	0		0	
3974	39.7400	0		0	
3975	39.7500	0		0	
3976	39.7600	0		0	
3977	39.7700	0		0	
3978	39.7800	0		0	
3979	39.7900	0		0	
3980	39.8000	0		0	
3981	39.8100	0		0	
3982	39.8200	0		0	
3983	39.8300	0		0	
3984	39.8400	0		0	
3985	39.8500	0		0	
3986	39.8600	0		0	
3987	39.8700	0		0	
3988	39.8800	0		0	
3989	39.8900	0		0	
3990	39.9000	0		0	
3991	39.9100	0		0	
3992	39.9200	0		0	
3993	39.9300	0		0	
3994	39.9400	0		0	
3995	39.9500	0		0	
3996	39.9600	0		0	
3997	39.9700	0		0	
3998	39.9800	0		0	
3999	39.9900	0		0	
4000	40.0000	0		0	
4001	40.0100	0		0	
4002	40.0200	0		0	
4003	40.0300	0		0	
4004	40.0400	0		0	
4005	40.0500	0		0	
4006	40.0600	0		0	
4007	40.0700	0		0	
4008	40.0800	0		0	
4009	40.0900	0		0	
4010	40.1000	0		0	
4011	40.1100	0		0	
4012	40.1200	0		0	
4013	40.1300	0		0	
4014	40.1400	0		0	
4015	40.1500	0		0	
4016	40.1600	0		0	
4017	40.1700	0		0	
4018	40.1800	0		0	
4019	40.1900	0		0	
4020	40.2000	0		0	
4021	40.2100	0		0	
4022	40.2200	0		0	
4023	40.2300	0		0	
4024	40.2400	0		0	
4025	40.2500	0		0	
4026	40.2600	0		0	
4027	40.2700	0		0	
4028	40.2800	0		0	
4029	40.2900	0		0	
4030	40.3000	0		0	
4031	40.3100	0		0	
4032	40.3200	0		0	
4033	40.3300	0		0	
4034	40.3400	0		0	
4035	40.3500	0		0	
4036	40.3600	0		0	
4037	40.3700	0		0	
4038	40.3800	0		0	
4039	40.3900	0		0	
4040	40.4000	0		0	
4041	40.4100	0		0	
4042	40.4200	0		0	
4043	40.4300	0		0	
4044	40.4400	0		0	
4045	40.4500	0		0	
4046	40.4600	0		0	
4047	40.4700	0		0	
4048	40.4800	0		0	
4049	40.4900	0		0	
4050	40.5000	0		0	
4051	40.5100	0		0	
4052	40.5200	0		0	
4053	40.5300	0		0	
4054	40.5400	0		0	
4055	40.5500	0		0	
4056	40.5600	0		0	
4057	40.5700	0		0	
4058	40.5800	0		0	
4059	40.5900	0		0	
4060	40.6000	0		0	
4061	40.6100	0		0	
4062	40.6200	0		0	
4063	40.6300	0		0	
4064	40.6400	0		0	
4065	40.6500	0		0	
4066	40.6600	0		0	
4067	40.6700	0		0	
4068	40.6800	0		0	
4069	40.6900	0		0	
4070	40.7000	0		0	
4071	40.7100	0		0	
4072	40.7200	0		0	
4073	40.7300	0		0	
4074	40.7400	0		0	
4075	40.7500	0		0	
4076	40.7600	0		0	
4077	40.7700	0		0	
4078	40.7800	0		0	
4079	40.7900	0		0	
4080	40.8000	0		0	
4081	40.8100	0		0	
4082	40.8200	0		0	
4083	40.8300	0		1	
4084	40.8400	0		1	
4085	40.8500	0		1	
4086	40.8600	0		1	
4087	40.8700	0		1	
4088	40.8800	0		1	
4089	40.8900	0		1	
4090	40.9000	0		1	
4091	40.9100	0		1	
4092	40.9200	0		1	
4093	40.9300	0		1	
4094	40.9400	0		1	
4095	40.9500	0		1	
4096	40.9600	0		1	
4097	40.9700	0		1	
4098	40.9800	0		1	
4099	40.9900	0		1	
4100	41.0000	0		1	
4101	41.0100	0		1	
4102	41.0200	0		1	
4103	41.0300	0		1	
4104	41.0400	0		1	
4105	41.0500	0		1	
4106	41.0600	0		1	
4107	41.0700	0		1	
4108	41.0800	0		1	
4109	41.0900	0		1	
4110	41.1000	0		1	
4111	41.1100	0		1	
4112	41.1200	0		1	
4113	41.1300	0		1	
4114	41.1400	0		1	
4115	41.1500	0		1	
4116	41.1600	0		1	
4117	41.1700	0		1	
4118	41.1800	0		1	
4119	41.1900	0		1	
4120	41.2000	0		1	
4121	41.2100	0		1	
4122	41.2200	0		1	
4123	41.2300	0		1	
4124	41.2400	0		1	
4125	41.2500	0		1	
4126	41.2600	0		1	
4127	41.2700	0		1	
4128	41.2800	0		1	
4129	41.2900	0		1	
4130	41.3000	0		1	
4131	41.3100	0		1	
4132	41.3200	0		1	
4133	41.3300	0		1	
4134	41.3400	0		1	
4135	41.3500	0		1	
4136	41.3600	0		1	
4137	41.3700	0		1	
4138	41.3800	0		1	
4139	41.3900	0		1	
4140	41.4000	0		1	
4141	41.4100	0		1	
4142	41.4200	0		1	
4143	41.4300	0		1	
4144	41.4400	0		1	
4145	41.4500	0		1	
4146	41.4600	0		1	
4147	41.4700	0		1	
4148	41.4800	0		1	
4149	41.4900	0		1	
4150	41.5000	0		1	
4151	41.5100	0		1	
4152	41.5200	0		1	
4153	41.5300	0		1	
4154	41.5400	0		1	
4155	41.5500	0		1	
4156	41.5600	0		1	
4157	41.5700	0		1	
4158	41.5800	0		1	
4159	41.5900	0		1	
4160	41.6000	0		1	
4161	41.6100	0		1	
4162	41.6200	0		1	
4163	41.6300	0		1	
4164	41.6400	0		1	
4165	41.6500	0		1	
4166	41.6600	0		1	
4167	41.6700	0		1	
4168	41.6800	0		1	
4169	41.6900	0		0	
4170	41.7000	0		0	
4171	41.7100	0		0	
4172	41.7200	0		0	
4173	41.7300	0		0	
4174	41.7400	0		0	
4175	41.7500	0		0	
4176	41.7600	0		0	
4177	41.7700	0		0	
4178	41.7800	0		1	
4179	41.7900	0		1	
4180	41.8000	0		1	
4181	41.8100	0		1	
4182	41.8200	0		1	
4183	41.8300	0		1	
4184	41.8400	0		1	
4185	41.8500	0		0	
4186	41.8600	0		0	
4187	41.8700	0		0	
4188	41.8800	0		0	
4189	41.8900	0		0	
4190	41.9000	0		0	
4191	41.9100	0		0	
4192	41.9200	0		0	
4193	41.9300	0		0	
4194	41.9400	0		0	
4195	41.9500	0		0	
4196	41.9600	0		0	
4197	41.9700	0		0	
4198	41.9800	0		0	
4199	41.9900	0		0	
4200	42.0000	0		0	
4201	42.0100	0		0	
4202	42.0200	0		0	
4203	42.0300	0		0	
4204	42.0400	0		0	
4205	42.0500	0		0	
4206	42.0600	0		0	
4207	42.0700	0		0	
4208	42.0800	0		0	
4209	42.0900	0		0	
4210	42.1000	0		0	
4211	42.1100	0		0	
4212	42.1200	0		0	
4213	42.1300	0		0	
4214	42.1400	0		0	
4215	42.1500	0		0	
4216	42.1600	0		0	
4217	42.1700	0		0	
4218	42.1800	0		0	
4219	42.1900	0		0	
4220	42.2000	0		0	
4221	42.2100	0		0	
4222	42.2200	0		0	
4223	42.2300	0		0	
4224	42.2400	0		0	
4225	42.2500	0		0	
4226	42.2600	0		0	
4227	42.2700	0		0	
4228	42.2800	0		0	
4229	42.2900	0		0	
4230	42.3000	0		0	
4231	42.3100	0		0	
4232	42.3200	0		0	
4233	42.3300	0		0	
4234	42.3400	0		1	
4235	42.3500	0		1	
4236	42.3600	0		1	
4237	42.3700	0		1	
4238	42.3800	0		1	
4239	42.3900	0		1	
4240	42.4000	0		1	
4241	42.4100	0		1	
4242	42.4200	0		1	
4243	42.4300	0		1	
4244	42.4400	0		1	
4245	42.4500	0		1	
4246	42.4600	0		1	
4247	42.4700	0		1	
4248	42.4800	0		1	
4249	42.4900	0		1	
4250	42.5000	0		1	
4251	42.5100	0		1	
4252	42.5200	0		1	
4253	42.5300	0		1	
4254	42.5400	0		1	
4255	42.5500	0		1	
4256	42.5600	0		1	
4257	42.5700	0		1	
4258	42.5800	0		1	
4259	42.5900	0		1	
4260	42.6000	0		1	
4261	42.6100	0		1	
4262	42.6200	0		1	
4263	42.6300	0		1	
4264	42.6400	0		1	
4265	42.6500	0		1	
4266	42.6600	0		1	
4267	42.6700	0		1	
4268	42.6800	0		1	
4269	42.6900	0		1	
4270	42.7000	0		1	
4271	42.7100	0		1	
4272	42.7200	0		1	
4273	42.7300	0		1	
4274	42.7400	0		1	
4275	42.7500	0		1	
4276	42.7600	0		1	
4277	42.7700	0		1	
4278	42.7800	0		1	
4279	42.7900	0		1	
4280	42.8000	0		0	
4281	42.8100	0		0	
4282	42.8200	0		0	
4283	42.8300	0		0	
4284	42.8400	0		0	
4285	42.8500	0		0	
4286	42.8600	0		0	
4287	42.8700	0		0	
4288	42.8800	0		0	
4289	42.8900	0		0	
4290	42.9000	0		0	
4291	42.9100	0		0	
4292	42.9200	0		0	
4293	42.9300	0		0	
4294	42.9400	0		0	
4295	42.9500	0		0	
4296	42.9600	0		0	
4297	42.9700	0		0	
4298	42.9800	0		0	
4299	42.9900	0		0	
4300	43.0000	0		0	
4301	43.0100	0		0	
4302	43.0200	0		0	
4303	43.0300	0		0	
4304	43.0400	0		0	
4305	43.0500	0		0	
4306	43.0600	0		0	
4307	43.0700	0		0	
4308	43.0800	0		0	
4309	43.0900	0		0	
4310	43.1000	0		0	
4311	43.1100	0		0	
4312	43.1200	0		0	
4313	43.1300	0		0	
4314	43.1400	0		0	
4315	43.1500	0		0	
4316	43.1600	0		0	
4317	43.1700	0		0	
4318	43.1800	0		0	
4319	43.1900	0		0	
4320	43.2000	0		0	
4321	43.2100	0		0	
4322	43.2200	0		0	
4323	43.2300	0		0	
4324	43.2400	0		0	
4325	43.2500	0		0	
4326	43.2600	0		0	
4327	43.2700	0		0	
4328	43.2800	0		0	
4329	43.2900	0		0	
4330	43.3000	0		0	
4331	43.3100	0		0	
4332	43.3200	0		0	
4333	43.3300	0		0	
4334	43.3400	0		0	
4335	43.3500	0		0	
4336	43.3600	0		0	
4337	43.3700	0		0	
4338	43.3800	0		0	
4339	43.3900	0		0	
4340	43.4000	0		0	
4341	43.4100	0		0	
4342	43.4200	0		1	
4343	43.4300	0		1	
4344	43.4400	0		1	
4345	43.4500	0		1	
4346	43.4600	0		1	
4347	43.4700	0		1	
4348	43.4800	0		1	
4349	43.4900	0		1	
4350	43.5000	0		1	
4351	43.5100	0		1	
4352	43.5200	0		1	
4353	43.5300	0		1	
4354	43.5400	0		1	
4355	43.5500	0		1	
4356	43.5600	0		1	
4357	43.5700	0		1	
4358	43.5800	0		1	
4359	43.5900	0		1	
4360	43.6000	0		1	
4361	43.6100	0		1	
4362	43.6200	0		1	
4363	43.6300	0		1	
4364	43.6400	0		1	
4365	43.6500	0		1	
4366	43.6600	0		1	
4367	43.6700	0		1	
4368	43.6800	0		1	
4369	43.6900	0		1	
4370	43.7000	0		1	
4371	43.7100	0		1	
4372	43.7200	0		1	
4373	43.7300	0		1	
4374	43.7400	0		1	
4375	43.7500	0		1	
4376	43.7600	0		1	
4377	43.7700	0		1	
4378	43.7800	0		1	
4379	43.7900	0		1	
4380	43.8000	0		1	
4381	43.8100	0		1	
4382	43.8200	0		1	
4383	43.8300	0		1	
4384	43.8400	0		1	
4385	43.8500	0		1	
4386	43.8600	0		1	
4387	43.8700	0		1	
4388	43.8800	0		1	
4389	43.8900	0		1	
4390	43.9000	0		1	
4391	43.9100	0		1	
4392	43.9200	0		1	
4393	43.9300	0		1	
4394	43.9400	0		1	
4395	43.9500	0		1	
4396	43.9600	0		1	
4397	43.9700	0		1	
4398	43.9800	0		1	
4399	43.9900	0		1	
4400	44.0000	0		1	
4401	44.0100	0		1	
4402	44.0200	0		1	
4403	44.0300	0		1	
4404	44.0400	0		1	
4405	44.0500	0		1	
4406	44.0600	0		1	
4407	44.0700	0		1	
4408	44.0800	0		1	
4409	44.0900	0		1	
4410	44.1000	0		1	
4411	44.1100	0		1	
4412	44.1200	0		1	
4413	44.1300	0		1	
4414	44.1400	0		1	
4415	44.1500	0		1	
4416	44.1600	0		1	
4417	44.1700	0		1	
4418	44.1800	0		1	
4419	44.1900	0		1	
4420	44.2000	0		1	
4421	44.2100	0		1	
4422	44.2200	0		1	
4423	44.2300	0		1	
4424	44.2400	0		1	
4425	44.2500	0		1	
4426	44.2600	0		1	
4427	44.2700	0		1	
4428	44.2800	0		1	
4429	44.2900	0		1	
4430	44.3000	0		1	
4431	44.3100	0		1	
4432	44.3200	0		1	
4433	44.3300	0		1	
4434	44.3400	0		1	
4435	44.3500	0		1	
4436	44.3600	0		1	
4437	44.3700	0		1	
4438	44.3800	0		1	
4439	44.3900	0		1	
4440	44.4000	0		1	
4441	44.4100	0		1	
4442	44.4200	0		1	
4443	44.4300	0		1	
4444	44.4400	0		1	
4445	44.4500	0		1	
4446	44.4600	0		1	
4447	44.4700	0		1	
4448	44.4800	0		1	
4449	44.4900	0		1	
4450	44.5000	0		1	
4451	44.5100	0		1	
4452	44.5200	0		1	
4453	44.5300	0		1	
4454	44.5400	0		1	
4455	44.5500	0		1	
4456	44.5600	0		1	
4457	44.5700	0		1	
4458	44.5800	0		1	
4459	44.5900	0		1	
4460	44.6000	0		1	
4461	44.6100	0		1	
4462	44.6200	0		0	
4463	44.6300	0		0	
4464	44.6400	0		0	
4465	44.6500	0		0	
4466	44.6600	0		0	
4467	44.6700	0		0	
4468	44.6800	0		0	
4469	44.6900	0		0	
4470	44.7000	0		0	
4471	44.7100	0		0	
4472	44.7200	0		0	
4473	44.7300	0		0	
4474	44.7400	0		0	
4475	44.7500	0		0	
4476	44.7600	0		0	
4477	44.7700	0		0	
4478	44.7800	0		0	
4479	44.7900	0		0	
4480	44.8000	0		0	
4481	44.8100	0		0	
4482	44.8200	0		0	
4483	44.8300	0		0	
4484	44.8400	0		0	
4485	44.8500	0		0	
4486	44.8600	0		0	
4487	44.8700	0		0	
4488	44.8800	0		0	
4489	44.8900	0		0	
4490	44.9000	0		0	
4491	44.9100	0		0	
4492	44.9200	0		0	
4493	44.9300	0		0	
4494	44.9400	0		0	
4495	44.9500	0		0	
4496	44.9600	0		0	
4497	44.9700	0		0	
4498	44.9800	0		0	
4499	44.9900	0		0	
4500	45.0000	0		0	
4501	45.0100	0		0	
4502	45.0200	0		0	
4503	45.0300	0		0	
4504	45.0400	0		0	
4505	45.0500	0		0	
4506	45.0600	0		0	
4507	45.0700	0		0	
4508	45.0800	0		0	
4509	45.0900	0		0	
4510	45.1000	0		0	
4511	45.1100	0		0	
4512	45.1200	0		0	
4513	45.1300	0		0	
4514	45.1400	0		0	
4515	45.1500	0		0	
4516	45.1600	0		0	
4517	45.1700	0		0	
4518	45.1800	0		0	
4519	45.1900	0		0	
4520	45.2000	0		0	
4521	45.2100	0		0	
4522	45.2200	0		0	
4523	45.2300	0		0	
4524	45.2400	0		0	
4525	45.2500	0		0	
4526	45.2600	0		0	
4527	45.2700	0		0	
4528	45.2800	0		0	
4529	45.2900	0		0	
4530	45.3000	0		0	
4531	45.3100	0		0	
4532	45.3200	0		0	
4533	45.3300	0		0	
4534	45.3400	0		0	
4535	45.3500	0		0	
4536	45.3600	0		0	
4537	45.3700	0		0	
4538	45.3800	0		0	
4539	45.3900	0		0	
4540	45.4000	0		0	
4541	45.4100	0		0	
4542	45.4200	0		0	
4543	45.4300	0		0	
4544	45.4400	0		0	
4545	45.4500	0		1	
4546	45.4600	0		1	
4547	45.4700	0		1	
4548	45.4800	0		1	
4549	45.4900	0		1	
4550	45.5000	0		1	
4551	45.5100	0		1	
4552	45.5200	0		1	
4553	45.5300	0		1	
4554	45.5400	0		1	
4555	45.5500	0		1	
4556	45.5600	0		1	
4557	45.5700	0		1	
4558	45.5800	0		1	
4559	45.5900	0		1	
4560	45.6000	0		1	
4561	45.6100	0		1	
4562	45.6200	0		1	
4563	45.6300	0		1	
4564	45.6400	0		1	
4565	45.6500	0		1	
4566	45.6600	0		1	
4567	45.6700	0		1	
4568	45.6800	0		1	
4569	45.6900	0		1	
4570	45.7000	0		1	
4571	45.7100	0		1	
4572	45.7200	0		1	
4573	45.7300	0		1	
4574	45.7400	0		1	
4575	45.7500	0		1	
4576	45.7600	0		1	
4577	45.7700	0		1	
4578	45.7800	0		1	
4579	45.7900	0		1	
4580	45.8000	0		1	
4581	45.8100	0		1	
4582	45.8200	0		1	
4583	45.8300	0		1	
4584	45.8400	0		1	
4585	45.8500	0		1	
4586	45.8600	0		1	
4587	45.8700	0		1	
4588	45.8800	0		1	
4589	45.8900	0		1	
4590	45.9000	0		1	
4591	45.9100	0		1	
4592	45.9200	0		1	
4593	45.9300	0		1	
4594	45.9400	0		1	
4595	45.9500	0		1	
4596	45.9600	0		1	
4597	45.9700	0		1	
4598	45.9800	0		1	
4599	45.9900	0		1	
4600	46.0000	0		1	
4601	46.0100	0		1	
4602	46.0200	0		1	
4603	46.0300	0		1	
4604	46.0400	0		1	
4605	46.0500	0		1	
4606	46.0600	0		1	
4607	46.0700	0		1	
4608	46.0800	0		1	
4609	46.0900	0		1	
4610	46.1000	0		0	
4611	46.1100	0		0	
4612	46.1200	0		0	
4613	46.1300	0		0	
4614	46.1400	0		0	
4615	46.1500	0		0	
4616	46.1600	0		0	
4617	46.1700	0		0	
4618	46.1800	0		0	
4619	46.1900	0		0	
4620	46.2000	0		0	
4621	46.2100	0		0	
4622	46.2200	0		0	
4623	46.2300	0		0	
4624	46.2400	0		0	
4625	46.2500	0		0	
4626	46.2600	0		0	
4627	46.2700	0		0	
4628	46.2800	0		0	
4629	46.2900	0		0	
4630	46.3000	0		0	
4631	46.3100	0		0	
4632	46.3200	0		0	
4633	46.3300	0		0	
4634	46.3400	0		0	
4635	46.3500	0		0	
4636	46.3600	0		0	
4637	46.3700	0		0	
4638	46.3800	0		0	
4639	46.3900	0		0	
4640	46.4000	0		0	
4641	46.4100	0		0	
4642	46.4200	0		0	
4643	46.4300	0		0	
4644	46.4400	0		0	
4645	46.4500	0		0	
4646	46.4600	0		0	
4647	46.4700	0		0	
4648	46.4800	0		0	
4649	46.4900	0		0	
4650	46.5000	0		0	
4651	46.5100	0		0	
4652	46.5200	0		0	
4653	46.5300	0		0	
4654	46.5400	0		0	
4655	46.5500	0		0	
4656	46.5600	0		0	
4657	46.5700	0		0	
4658	46.5800	0		0	
4659	46.5900	0		0	
4660	46.6000	0		0	
4661	46.6100	0		0	
4662	46.6200	0		0	
4663	46.6300	0		0	
4664	46.6400	0		0	
4665	46.6500	0		0	
4666	46.6600	0		0	
4667	46.6700	0		0	
4668	46.6800	0		0	
4669	46.6900	0		0	
4670	46.7000	0		0	
4671	46.7100	0		0	
4672	46.7200	0		0	
4673	46.7300	0		0	
4674	46.7400	0		0	
4675	46.7500	0		0	
4676	46.7600	0		0	
4677	46.7700	0		0	
4678	46.7800	0		0	
4679	46.7900	0		0	
4680	46.8000	0		0	
4681	46.8100	0		0	
4682	46.8200	0		0	
4683	46.8300	0		0	
4684	46.8400	0		0	
4685	46.8500	0		0	
4686	46.8600	0		0	
4687	46.8700	0		0	
4688	46.8800	0		0	
4689	46.8900	0		0	
4690	46.9000	0		0	
4691	46.9100	0		0	
4692	46.9200	0		0	
4693	46.9300	0		0	
4694	46.9400	0		1	
4695	46.9500	0		1	
4696	46.9600	0		1	
4697	46.9700	0		1	
4698	46.9800	0		1	
4699	46.9900	0		1	
4700	47.0000	0		1	
4701	47.0100	0		1	
4702	47.0200	0		1	
4703	47.0300	0		1	
4704	47.0400	0		1	
4705	47.0500	0		1	
4706	47.0600	0		1	
4707	47.0700	0		1	
4708	47.0800	0		1	
4709	47.0900	0		1	
4710	47.1000	0		1	
4711	47.1100	0		1	
4712	47.1200	0		1	
4713	47.1300	0		1	
4714	47.1400	0		1	
4715	47.1500	0		1	
4716	47.1600	0		1	
4717	47.1700	0		1	
4718	47.1800	0		1	
4719	47.1900	0		1	
4720	47.2000	0		1	
4721	47.2100	0		1	
4722	47.2200	0		1	
4723	47.2300	0		1	
4724	47.2400	0		1	
4725	47.2500	0		1	
4726	47.2600	0		1	
4727	47.2700	0		1	
4728	47.2800	0		1	
4729	47.2900	0		1	
4730	47.3000	0		1	
4731	47.3100	0		1	
4732	47.3200	0		1	
4733	47.3300	0		1	
4734	47.3400	0		1	
4735	47.3500	0		1	
4736	47.3600	0		1	
4737	47.3700	0		1	
4738	47.3800	0		1	
4739	47.3900	0		1	
4740	47.4000	0		1	
4741	47.4100	0		1	
4742	47.4200	0		1	
4743	47.4300	0		1	
4744	47.4400	0		1	
4745	47.4500	0		1	
4746	47.4600	0		1	
4747	47.4700	0		1	
4748	47.4800	0		1	
4749	47.4900	0		1	
4750	47.5000	0		1	
4751	47.5100	0		1	
4752	47.5200	0		1	
4753	47.5300	0		1	
4754	47.5400	0		1	
4755	47.5500	0		1	
4756	47.5600	0		1	
4757	47.5700	0		1	
4758	47.5800	0		1	
4759	47.5900	0		1	
4760	47.6000	0		1	
4761	47.6100	0		1	
4762	47.6200	0		1	
4763	47.6300	0		1	
4764	47.6400	0		1	
4765	47.6500	0		1	
4766	47.6600	0		1	
4767	47.6700	0		1	
4768	47.6800	0		1	
4769	47.6900	0		1	
4770	47.7000	0		1	
4771	47.7100	0		1	
4772	47.7200	0		1	
4773	47.7300	0		1	
4774	47.7400	0		1	
4775	47.7500	0		1	
4776	47.7600	0		1	
4777	47.7700	0		1	
4778	47.7800	0		1	
4779	47.7900	0		1	
4780	47.8000	0		1	
4781	47.8100	0		1	
4782	47.8200	0		1	
4783	47.8300	0		1	
4784	47.8400	0		1	
4785	47.8500	0		1	
4786	47.8600	0		1	
4787	47.8700	0		1	
4788	47.8800	0		1	
4789	47.8900	0		1	
4790	47.9000	0		1	
4791	47.9100	0		1	
4792	47.9200	0		1	
4793	47.9300	0		1	
4794	47.9400	0		1	
4795	47.9500	0		1	
4796	47.9600	0		1	
4797	47.9700	0		1	
4798	47.9800	0		1	
4799	47.9900	0		1	
4800	48.0000	0		1	
4801	48.0100	0		1	
4802	48.0200	0		1	
4803	48.0300	0		1	
4804	48.0400	0		1	
4805	48.0500	0		1	
4806	48.0600	0		1	
4807	48.0700	0		1	
4808	48.0800	0		1	
4809	48.0900	0		1	
4810	48.1000	0		1	
4811	48.1100	0		1	
4812	48.1200	0		1	
4813	48.1300	0		1	
4814	48.1400	0		1	
4815	48.1500	0		1	
4816	48.1600	0		1	
4817	48.1700	0		1	
4818	48.1800	0		1	
4819	48.1900	0		1	
4820	48.2000	0		1	
4821	48.2100	0		1	
4822	48.2200	0		1	
4823	48.2300	0		1	
4824	48.2400	0		1	
4825	48.2500	0		1	
4826	48.2600	0		1	
4827	48.2700	0		1	
4828	48.2800	0		0	
4829	48.2900	0		0	
4830	48.3000	0		0	
4831	48.3100	0		0	
4832	48.3200	0		0	
4833	48.3300	0		0	
4834	48.3400	0		0	
4835	48.3500	0		0	
4836	48.3600	0		0	
4837	48.3700	0		0	
4838	48.3800	0		0	
4839	48.3900	0		1	
4840	48.4000	0		1	
4841	48.4100	0		1	
4842	48.4200	0		1	
4843	48.4300	0		1	
4844	48.4400	0		1	
4845	48.4500	0		1	
4846	48.4600	0		1	
4847	48.4700	0		1	
4848	48.4800	0		1	
4849	48.4900	0		1	
4850	48.5000	0		1	
4851	48.5100	0		1	
4852	48.5200	0		1	
4853	48.5300	0		1	
4854	48.5400	0		1	
4855	48.5500	0		1	
4856	48.5600	0		1	
4857	48.5700	0		1	
4858	48.5800	0		1	
4859	48.5900	0		1	
4860	48.6000	0		1	
4861	48.6100	0		1	
4862	48.6200	0		1	
4863	48.6300	0		1	
4864	48.6400	0		1	
4865	48.6500	0		1	
4866	48.6600	0		1	
4867	48.6700	0		1	
4868	48.6800	0		1	
4869	48.6900	0		1	
4870	48.7000	0		1	
4871	48.7100	0		1	
4872	48.7200	0		1	
4873	48.7300	0		1	
4874	48.7400	0		1	
4875	48.7500	0		1	
4876	48.7600	0		1	
4877	48.7700	0		1	
4878	48.7800	0		1	
4879	48.7900	0		1	
4880	48.8000	0		1	
4881	48.8100	0		1	
4882	48.8200	0		1	
4883	48.8300	0		1	
4884	48.8400	0		1	
4885	48.8500	0		1	
4886	48.8600	0		1	
4887	48.8700	0		1	
4888	48.8800	0		1	
4889	48.8900	0		1	
4890	48.9000	0		1	
4891	48.9100	0		1	
4892	48.9200	0		1	
4893	48.9300	0		1	
4894	48.9400	0		1	
4895	48.9500	0		1	
4896	48.9600	0		1	
4897	48.9700	0		1	
4898	48.9800	0		1	
4899	48.9900	0		1	
4900	49.0000	0		1	
4901	49.0100	0		1	
4902	49.0200	0		1	
4903	49.0300	0		1	
4904	49.0400	0		1	
4905	49.0500	0		1	
4906	49.0600	0		1	
4907	49.0700	0		1	
4908	49.0800	0		1	
4909	49.0900	0		1	
4910	49.1000	0		1	
4911	49.1100	0		1	
4912	49.1200	0		1	
4913	49.1300	0		1	
4914	49.1400	0		1	
4915	49.1500	0		1	
4916	49.1600	0		1	
4917	49.1700	0		1	
4918	49.1800	0		1	
4919	49.1900	0		1	
4920	49.2000	0		1	
4921	49.2100	0		1	
4922	49.2200	0		1	
4923	49.2300	0		1	
4924	49.2400	0		1	
4925	49.2500	0		1	
4926	49.2600	0		1	
4927	49.2700	0		1	
4928	49.2800	0		1	
4929	49.2900	0		0	
4930	49.3000	0		0	
4931	49.3100	0		0	
4932	49.3200	0		0	
4933	49.3300	0		0	
4934	49.3400	0		0	
4935	49.3500	0		0	
4936	49.3600	0		0	
4937	49.3700	0		0	
4938	49.3800	0		0	
4939	49.3900	0		0	
4940	49.4000	0		0	
4941	49.4100	0		0	
4942	49.4200	0		0	
4943	49.4300	0		0	
4944	49.4400	0		0	
4945	49.4500	0		0	
4946	49.4600	0		0	
4947	49.4700	0		0	
4948	49.4800	0		0	
4949	49.4900	0		0	
4950	49.5000	0		0	
4951	49.5100	0		0	
4952	49.5200	0		0	
4953	49.5300	0		0	
4954	49.5400	0		0	
4955	49.5500	0		0	
4956	49.5600	0		0	
4957	49.5700	0		0	
4958	49.5800	0		0	
4959	49.5900	0		0	
4960	49.6000	0		0	
4961	49.6100	0		0	
4962	49.6200	0		0	
4963	49.6300	0		0	
4964	49.6400	0		0	
4965	49.6500	0		0	
4966	49.6600	0		0	
4967	49.6700	0		0	
4968	49.6800	0		0	
4969	49.6900	0		0	
4970	49.7000	0		0	
4971	49.7100	0		0	
4972	49.7200	0		0	
4973	49.7300	0		0	
4974	49.7400	0		0	
4975	49.7500	0		0	
4976	49.7600	0		0	
4977	49.7700	0		0	
4978	49.7800	0		0	
4979	49.7900	0		0	
4980	49.8000	0		0	
4981	49.8100	0		0	
4982	49.8200	0		0	
4983	49.8300	0		0	
4984	49.8400	0		0	
4985	49.8500	0		0	
4986	49.8600	0		1	
4987	49.8700	0		1	
4988	49.8800	0		1	
4989	49.8900	0		1	
4990	49.9000	0		1	
4991	49.9100	0		1	
4992	49.9200	0		1	
4993	49.9300	0		1	
4994	49.9400	0		1	
4995	49.9500	0		1	
4996	49.9600	0		1	
4997	49.9700	0		1	
4998	49.9800	0		1	
4999	49.9900	0		1	
5000	50.0000	0		1	
