#	time(s)	count A	count B	count C	count D
1	0.0100	-100			
2	0.0200	-100			
3	0.0300	-100			
4	0.0400	-100			
5	0.0500	-100			
6	0.0600	-100			
7	0.0700	-100			
8	0.0800	-100			
9	0.0900	-100			
10	0.1000	-100			
11	0.1100	-100			
12	0.1200	-100			
13	0.1300	-100			
14	0.1400	-100			
15	0.1500	-100			
16	0.1600	-100			
17	0.1700	-100			
18	0.1800	-100			
19	0.1900	-100			
20	0.2000	-100			
21	0.2100	-100			
22	0.2200	-100			
23	0.2300	-99			
24	0.2400	-98			
25	0.2500	-97			
26	0.2600	-96			
27	0.2700	-94			
28	0.2800	-92			
29	0.2900	-90			
30	0.3000	-88			
31	0.3100	-86			
32	0.3200	-83			
33	0.3300	-80			
34	0.3400	-78			
35	0.3500	-74			
36	0.3600	-72			
37	0.3700	-68			
38	0.3800	-64			
39	0.3900	-60			
40	0.4000	-57			
41	0.4100	-53			
42	0.4200	-49			
43	0.4300	-46			
44	0.4400	-42			
45	0.4500	-38			
46	0.4600	-34			
47	0.4700	-30			
48	0.4800	-25			
49	0.4900	-21			
50	0.5000	-17			
51	0.5100	-13			
52	0.5200	-9			
53	0.5300	-5			
54	0.5400	-1			
55	0.5500	3			
56	0.5600	7			
57	0.5700	11			
58	0.5800	14			
59	0.5900	18			
60	0.6000	22			
61	0.6100	25			
62	0.6200	28			
63	0.6300	31			
64	0.6400	34			
65	0.6500	37			
66	0.6600	40			
67	0.6700	42			
68	0.6800	44			
69	0.6900	47			
70	0.7000	49			
71	0.7100	50			
72	0.7200	52			
73	0.7300	54			
74	0.7400	55			
75	0.7500	56			
76	0.7600	57			
77	0.7700	58			
78	0.7800	58			
79	0.7900	59			
80	0.8000	59			
81	0.8100	59			
82	0.8200	59			
83	0.8300	58			
84	0.8400	58			
85	0.8500	58			
86	0.8600	57			
87	0.8700	56			
88	0.8800	55			
89	0.8900	54			
90	0.9000	53			
91	0.9100	52			
92	0.9200	50			
93	0.9300	49			
94	0.9400	48			
95	0.9500	46			
96	0.9600	44			
97	0.9700	42			
98	0.9800	41			
99	0.9900	39			
100	1.0000	37			
101	1.0100	35			
102	1.0200	33			
103	1.0300	31			
104	1.0400	29			
105	1.0500	27			
106	1.0600	25			
107	1.0700	23			
108	1.0800	20			
109	1.0900	18			
110	1.1000	16			
111	1.1100	14			
112	1.1200	12			
113	1.1300	10			
114	1.1400	8			
115	1.1500	6			
116	1.1600	5			
117	1.1700	3			
118	1.1800	1			
119	1.1900	0			
120	1.2000	-2			
121	1.2100	-4			
122	1.2200	-5			
123	1.2300	-6			
124	1.2400	-8			
125	1.2500	-9			
126	1.2600	-10			
127	1.2700	-11			
128	1.2800	-12			
129	1.2900	-13			
130	1.3000	-14			
131	1.3100	-14			
132	1.3200	-15			
133	1.3300	-15			
134	1.3400	-16			
135	1.3500	-16			
136	1.3600	-16			
137	1.3700	-16			
138	1.3800	-16			
139	1.3900	-16			
140	1.4000	-16			
141	1.4100	-16			
142	1.4200	-16			
143	1.4300	-16			
144	1.4400	-16			
145	1.4500	-15			
146	1.4600	-15			
147	1.4700	-15			
148	1.4800	-14			
149	1.4900	-14			
150	1.5000	-14			
151	1.5100	-14			
152	1.5200	-13			
153	1.5300	-13			
154	1.5400	-12			
155	1.5500	-12			
156	1.5600	-12			
157	1.5700	-12			
158	1.5800	-11			
159	1.5900	-11			
160	1.6000	-10			
161	1.6100	-10			
162	1.6200	-10			
163	1.6300	-9			
164	1.6400	-9			
165	1.6500	-8			
166	1.6600	-8			
167	1.6700	-8			
168	1.6800	-8			
169	1.6900	-7			
170	1.7000	-7			
171	1.7100	-6			
172	1.7200	-6			
173	1.7300	-6			
174	1.7400	-6			
175	1.7500	-6			
176	1.7600	-5			
177	1.7700	-5			
178	1.7800	-5			
179	1.7900	-5			
180	1.8000	-4			
181	1.8100	-4			
182	1.8200	-4			
183	1.8300	-4			
184	1.8400	-4			
185	1.8500	-4			
186	1.8600	-4			
187	1.8700	-4			
188	1.8800	-3			
189	1.8900	-3			
190	1.9000	-3			
191	1.9100	-3			
192	1.9200	-3			
193	1.9300	-3			
194	1.9400	-3			
195	1.9500	-3			
196	1.9600	-3			
197	1.9700	-3			
198	1.9800	-3			
199	1.9900	-3			
200	2.0000	-3			
201	2.0100	-3			
202	2.0200	-3			
203	2.0300	-3			
204	2.0400	-3			
205	2.0500	-3			
206	2.0600	-3			
207	2.0700	-3			
208	2.0800	-3			
209	2.0900	-3			
210	2.1000	-3			
211	2.1100	-3			
212	2.1200	-3			
213	2.1300	-3			
214	2.1400	-3			
215	2.1500	-3			
216	2.1600	-3			
217	2.1700	-3			
218	2.1800	-3			
219	2.1900	-3			
220	2.2000	-3			
221	2.2100	-3			
222	2.2200	-3			
223	2.2300	-3			
224	2.2400	-3			
225	2.2500	-3			
226	2.2600	-3			
227	2.2700	-3			
228	2.2800	-3			
229	2.2900	-3			
230	2.3000	-3			
231	2.3100	-3			
232	2.3200	-3			
233	2.3300	-3			
234	2.3400	-3			
235	2.3500	-3			
236	2.3600	-3			
237	2.3700	-3			
238	2.3800	-3			
239	2.3900	-3			
240	2.4000	-3			
241	2.4100	-3			
242	2.4200	-3			
243	2.4300	-3			
244	2.4400	-3			
245	2.4500	-3			
246	2.4600	-3			
247	2.4700	-3			
248	2.4800	-3			
249	2.4900	-3			
250	2.5000	-3			
251	2.5100	-3			
252	2.5200	-3			
253	2.5300	-3			
254	2.5400	-3			
255	2.5500	-3			
256	2.5600	-3			
257	2.5700	-3			
258	2.5800	-3			
259	2.5900	-3			
260	2.6000	-3			
261	2.6100	-3			
262	2.6200	-3			
263	2.6300	-3			
264	2.6400	-3			
265	2.6500	-3			
266	2.6600	-3			
267	2.6700	-3			
268	2.6800	-3			
269	2.6900	-3			
270	2.7000	-3			
271	2.7100	-3			
272	2.7200	-3			
273	2.7300	-3			
274	2.7400	-3			
275	2.7500	-3			
276	2.7600	-3			
277	2.7700	-3			
278	2.7800	-3			
279	2.7900	-3			
280	2.8000	-3			
281	2.8100	-3			
282	2.8200	-3			
283	2.8300	-3			
284	2.8400	-3			
285	2.8500	-3			
286	2.8600	-3			
287	2.8700	-3			
288	2.8800	-3			
289	2.8900	-3			
290	2.9000	-3			
291	2.9100	-3			
292	2.9200	-3			
293	2.9300	-3			
294	2.9400	-3			
295	2.9500	-3			
296	2.9600	-3			
297	2.9700	-3			
298	2.9800	-3			
299	2.9900	-3			
300	3.0000	-3			
301	3.0100	-3			
302	3.0200	-3			
303	3.0300	-3			
304	3.0400	-3			
305	3.0500	-3			
306	3.0600	-3			
307	3.0700	-3			
308	3.0800	-3			
309	3.0900	-3			
310	3.1000	-3			
311	3.1100	-3			
312	3.1200	-3			
313	3.1300	-3			
314	3.1400	-3			
315	3.1500	-3			
316	3.1600	-3			
317	3.1700	-3			
318	3.1800	-3			
319	3.1900	-3			
320	3.2000	-3			
321	3.2100	-3			
322	3.2200	-3			
323	3.2300	-3			
324	3.2400	-3			
325	3.2500	-3			
326	3.2600	-3			
327	3.2700	-3			
328	3.2800	-3			
329	3.2900	-3			
330	3.3000	-3			
331	3.3100	-3			
332	3.3200	-3			
333	3.3300	-3			
334	3.3400	-3			
335	3.3500	-3			
336	3.3600	-3			
337	3.3700	-3			
338	3.3800	-3			
339	3.3900	-3			
340	3.4000	-3			
341	3.4100	-3			
342	3.4200	-3			
343	3.4300	-3			
344	3.4400	-3			
345	3.4500	-3			
346	3.4600	-3			
347	3.4700	-3			
348	3.4800	-3			
349	3.4900	-3			
350	3.5000	-3			
351	3.5100	-3			
352	3.5200	-3			
353	3.5300	-3			
354	3.5400	-3			
355	3.5500	-3			
356	3.5600	-3			
357	3.5700	-3			
358	3.5800	-3			
359	3.5900	-3			
360	3.6000	-3			
361	3.6100	-3			
362	3.6200	-3			
363	3.6300	-3			
364	3.6400	-3			
365	3.6500	-3			
366	3.6600	-3			
367	3.6700	-3			
368	3.6800	-3			
369	3.6900	-3			
370	3.7000	-3			
371	3.7100	-3			
372	3.7200	-3			
373	3.7300	-3			
374	3.7400	-3			
375	3.7500	-3			
376	3.7600	-3			
377	3.7700	-3			
378	3.7800	-3			
379	3.7900	-3			
380	3.8000	-3			
381	3.8100	-3			
382	3.8200	-3			
383	3.8300	-3			
384	3.8400	-3			
385	3.8500	-3			
386	3.8600	-3			
387	3.8700	-3			
388	3.8800	-3			
389	3.8900	-3			
390	3.9000	-3			
391	3.9100	-3			
392	3.9200	-3			
393	3.9300	-3			
394	3.9400	-3			
395	3.9500	-3			
396	3.9600	-3			
397	3.9700	-3			
398	3.9800	-3			
399	3.9900	-3			
400	4.0000	-3			
401	4.0100	-3			
402	4.0200	-3			
403	4.0300	-3			
404	4.0400	-3			
405	4.0500	-3			
406	4.0600	-3			
407	4.0700	-3			
408	4.0800	-3			
409	4.0900	-3			
410	4.1000	-3			
411	4.1100	-3			
412	4.1200	-3			
413	4.1300	-3			
414	4.1400	-3			
415	4.1500	-3			
416	4.1600	-3			
417	4.1700	-3			
418	4.1800	-3			
419	4.1900	-3			
420	4.2000	-3			
421	4.2100	-3			
422	4.2200	-3			
423	4.2300	-3			
424	4.2400	-3			
425	4.2500	-3			
426	4.2600	-3			
427	4.2700	-3			
428	4.2800	-3			
429	4.2900	-3			
430	4.3000	-3			
431	4.3100	-3			
432	4.3200	-3			
433	4.3300	-3			
434	4.3400	-3			
435	4.3500	-3			
436	4.3600	-3			
437	4.3700	-3			
438	4.3800	-3			
439	4.3900	-3			
440	4.4000	-3			
441	4.4100	-3			
442	4.4200	-3			
443	4.4300	-3			
444	4.4400	-3			
445	4.4500	-3			
446	4.4600	-3			
447	4.4700	-3			
448	4.4800	-3			
449	4.4900	-3			
450	4.5000	-3			
451	4.5100	-3			
452	4.5200	-3			
453	4.5300	-3			
454	4.5400	-3			
455	4.5500	-3			
456	4.5600	-3			
457	4.5700	-3			
458	4.5800	-3			
459	4.5900	-3			
460	4.6000	-3			
461	4.6100	-3			
462	4.6200	-3			
463	4.6300	-3			
464	4.6400	-3			
465	4.6500	-3			
466	4.6600	-3			
467	4.6700	-3			
468	4.6800	-3			
469	4.6900	-3			
470	4.7000	-3			
471	4.7100	-3			
472	4.7200	-3			
473	4.7300	-3			
474	4.7400	-3			
475	4.7500	-3			
476	4.7600	-3			
477	4.7700	-3			
478	4.7800	-3			
479	4.7900	-3			
480	4.8000	-3			
481	4.8100	-3			
482	4.8200	-3			
483	4.8300	-3			
484	4.8400	-3			
485	4.8500	-3			
486	4.8600	-3			
487	4.8700	-3			
488	4.8800	-3			
489	4.8900	-3			
490	4.9000	-3			
491	4.9100	-3			
492	4.9200	-3			
493	4.9300	-3			
494	4.9400	-3			
495	4.9500	-3			
496	4.9600	-3			
497	4.9700	-3			
498	4.9800	-3			
499	4.9900	-3			
500	5.0000	-3			
501	5.0100	-3			
502	5.0200	-3			
503	5.0300	-3			
504	5.0400	-3			
505	5.0500	-3			
506	5.0600	-3			
507	5.0700	-3			
508	5.0800	-3			
509	5.0900	-3			
510	5.1000	-3			
511	5.1100	-3			
512	5.1200	-3			
513	5.1300	-3			
514	5.1400	-3			
515	5.1500	-3			
516	5.1600	-3			
517	5.1700	-3			
518	5.1800	-3			
519	5.1900	-3			
520	5.2000	-3			
521	5.2100	-3			
522	5.2200	-3			
523	5.2300	-3			
524	5.2400	-3			
525	5.2500	-3			
526	5.2600	-3			
527	5.2700	-3			
528	5.2800	-3			
529	5.2900	-3			
530	5.3000	-3			
531	5.3100	-3			
532	5.3200	-3			
533	5.3300	-3			
534	5.3400	-3			
535	5.3500	-3			
536	5.3600	-3			
537	5.3700	-3			
538	5.3800	-3			
539	5.3900	-3			
540	5.4000	-3			
541	5.4100	-3			
542	5.4200	-3			
543	5.4300	-3			
544	5.4400	-3			
545	5.4500	-3			
546	5.4600	-3			
547	5.4700	-3			
548	5.4800	-3			
549	5.4900	-3			
550	5.5000	-3			
551	5.5100	-3			
552	5.5200	-3			
553	5.5300	-3			
554	5.5400	-3			
555	5.5500	-3			
556	5.5600	-3			
557	5.5700	-3			
558	5.5800	-3			
559	5.5900	-3			
560	5.6000	-3			
561	5.6100	-3			
562	5.6200	-3			
563	5.6300	-3			
564	5.6400	-3			
565	5.6500	-3			
566	5.6600	-3			
567	5.6700	-3			
568	5.6800	-3			
569	5.6900	-3			
570	5.7000	-3			
571	5.7100	-3			
572	5.7200	-3			
573	5.7300	-3			
574	5.7400	-3			
575	5.7500	-3			
576	5.7600	-3			
577	5.7700	-3			
578	5.7800	-3			
579	5.7900	-3			
580	5.8000	-3			
581	5.8100	-3			
582	5.8200	-3			
583	5.8300	-3			
584	5.8400	-3			
585	5.8500	-3			
586	5.8600	-3			
587	5.8700	-3			
588	5.8800	-3			
589	5.8900	-3			
590	5.9000	-3			
591	5.9100	-3			
592	5.9200	-3			
593	5.9300	-3			
594	5.9400	-3			
595	5.9500	-3			
596	5.9600	-3			
597	5.9700	-3			
598	5.9800	-3			
599	5.9900	-3			
600	6.0000	-3			
601	6.0100	-3			
602	6.0200	-3			
603	6.0300	-3			
604	6.0400	-3			
605	6.0500	-3			
606	6.0600	-3			
607	6.0700	-3			
608	6.0800	-3			
609	6.0900	-3			
610	6.1000	-3			
611	6.1100	-3			
612	6.1200	-3			
613	6.1300	-3			
614	6.1400	-3			
615	6.1500	-3			
616	6.1600	-3			
617	6.1700	-3			
618	6.1800	-3			
619	6.1900	-3			
620	6.2000	-3			
621	6.2100	-3			
622	6.2200	-3			
623	6.2300	-3			
624	6.2400	-3			
625	6.2500	-3			
626	6.2600	-3			
627	6.2700	-3			
628	6.2800	-3			
629	6.2900	-3			
630	6.3000	-3			
631	6.3100	-3			
632	6.3200	-3			
633	6.3300	-3			
634	6.3400	-3			
635	6.3500	-3			
636	6.3600	-3			
637	6.3700	-3			
638	6.3800	-3			
639	6.3900	-3			
640	6.4000	-3			
641	6.4100	-3			
642	6.4200	-3			
643	6.4300	-3			
644	6.4400	-3			
645	6.4500	-3			
646	6.4600	-3			
647	6.4700	-3			
648	6.4800	-3			
649	6.4900	-3			
650	6.5000	-3			
651	6.5100	-3			
652	6.5200	-3			
653	6.5300	-3			
654	6.5400	-3			
655	6.5500	-3			
656	6.5600	-3			
657	6.5700	-3			
658	6.5800	-3			
659	6.5900	-3			
660	6.6000	-3			
661	6.6100	-3			
662	6.6200	-3			
663	6.6300	-3			
664	6.6400	-3			
665	6.6500	-3			
666	6.6600	-3			
667	6.6700	-3			
668	6.6800	-3			
669	6.6900	-3			
670	6.7000	-3			
671	6.7100	-3			
672	6.7200	-3			
673	6.7300	-3			
674	6.7400	-3			
675	6.7500	-3			
676	6.7600	-3			
677	6.7700	-3			
678	6.7800	-3			
679	6.7900	-3			
680	6.8000	-3			
681	6.8100	-3			
682	6.8200	-3			
683	6.8300	-3			
684	6.8400	-3			
685	6.8500	-3			
686	6.8600	-3			
687	6.8700	-3			
688	6.8800	-3			
689	6.8900	-3			
690	6.9000	-3			
691	6.9100	-3			
692	6.9200	-3			
693	6.9300	-3			
694	6.9400	-3			
695	6.9500	-3			
696	6.9600	-3			
697	6.9700	-3			
698	6.9800	-3			
699	6.9900	-3			
700	7.0000	-3			
701	7.0100	-3			
702	7.0200	-3			
703	7.0300	-3			
704	7.0400	-3			
705	7.0500	-3			
706	7.0600	-3			
707	7.0700	-3			
708	7.0800	-3			
709	7.0900	-3			
710	7.1000	-3			
711	7.1100	-3			
712	7.1200	-3			
713	7.1300	-3			
714	7.1400	-3			
715	7.1500	-3			
716	7.1600	-3			
717	7.1700	-3			
718	7.1800	-3			
719	7.1900	-3			
720	7.2000	-3			
721	7.2100	-3			
722	7.2200	-3			
723	7.2300	-3			
724	7.2400	-3			
725	7.2500	-3			
726	7.2600	-3			
727	7.2700	-3			
728	7.2800	-3			
729	7.2900	-3			
730	7.3000	-3			
731	7.3100	-3			
732	7.3200	-3			
733	7.3300	-3			
734	7.3400	-3			
735	7.3500	-3			
736	7.3600	-3			
737	7.3700	-3			
738	7.3800	-3			
739	7.3900	-3			
740	7.4000	-3			
741	7.4100	-3			
742	7.4200	-3			
743	7.4300	-3			
744	7.4400	-3			
745	7.4500	-3			
746	7.4600	-3			
747	7.4700	-3			
748	7.4800	-3			
749	7.4900	-3			
750	7.5000	-3			
751	7.5100	-3			
752	7.5200	-3			
753	7.5300	-3			
754	7.5400	-3			
755	7.5500	-3			
756	7.5600	-3			
757	7.5700	-3			
758	7.5800	-3			
759	7.5900	-3			
760	7.6000	-3			
761	7.6100	-3			
762	7.6200	-3			
763	7.6300	-3			
764	7.6400	-3			
765	7.6500	-3			
766	7.6600	-3			
767	7.6700	-3			
768	7.6800	-3			
769	7.6900	-3			
770	7.7000	-3			
771	7.7100	-3			
772	7.7200	-3			
773	7.7300	-3			
774	7.7400	-3			
775	7.7500	-3			
776	7.7600	-3			
777	7.7700	-3			
778	7.7800	-3			
779	7.7900	-3			
780	7.8000	-3			
781	7.8100	-3			
782	7.8200	-3			
783	7.8300	-3			
784	7.8400	-3			
785	7.8500	-3			
786	7.8600	-3			
787	7.8700	-3			
788	7.8800	-3			
789	7.8900	-3			
790	7.9000	-3			
791	7.9100	-3			
792	7.9200	-3			
793	7.9300	-3			
794	7.9400	-3			
795	7.9500	-3			
796	7.9600	-3			
797	7.9700	-3			
798	7.9800	-3			
799	7.9900	-3			
800	8.0000	-3			
801	8.0100	-3			
802	8.0200	-3			
803	8.0300	-3			
804	8.0400	-3			
805	8.0500	-3			
806	8.0600	-3			
807	8.0700	-3			
808	8.0800	-3			
809	8.0900	-3			
810	8.1000	-3			
811	8.1100	-3			
812	8.1200	-3			
813	8.1300	-3			
814	8.1400	-3			
815	8.1500	-3			
816	8.1600	-3			
817	8.1700	-3			
818	8.1800	-3			
819	8.1900	-3			
820	8.2000	-3			
821	8.2100	-3			
822	8.2200	-3			
823	8.2300	-3			
824	8.2400	-3			
825	8.2500	-3			
826	8.2600	-3			
827	8.2700	-3			
828	8.2800	-3			
829	8.2900	-3			
830	8.3000	-3			
831	8.3100	-3			
832	8.3200	-3			
833	8.3300	-2			
834	8.3400	-2			
835	8.3500	-2			
836	8.3600	-2			
837	8.3700	-2			
838	8.3800	-2			
839	8.3900	-2			
840	8.4000	-2			
841	8.4100	-2			
842	8.4200	-2			
843	8.4300	-2			
844	8.4400	-2			
845	8.4500	-2			
846	8.4600	-2			
847	8.4700	-2			
848	8.4800	-2			
849	8.4900	-2			
850	8.5000	-2			
851	8.5100	-2			
852	8.5200	-2			
853	8.5300	-2			
854	8.5400	-2			
855	8.5500	-2			
856	8.5600	-2			
857	8.5700	-2			
858	8.5800	-2			
859	8.5900	-2			
860	8.6000	-2			
861	8.6100	-2			
862	8.6200	-2			
863	8.6300	-2			
864	8.6400	-2			
865	8.6500	-2			
866	8.6600	-2			
867	8.6700	-2			
868	8.6800	-2			
869	8.6900	-2			
870	8.7000	-2			
871	8.7100	-2			
872	8.7200	-2			
873	8.7300	-2			
874	8.7400	-2			
875	8.7500	-2			
876	8.7600	-2			
877	8.7700	-2			
878	8.7800	-2			
879	8.7900	-2			
880	8.8000	-2			
881	8.8100	-2			
882	8.8200	-2			
883	8.8300	-2			
884	8.8400	-2			
885	8.8500	-2			
886	8.8600	-2			
887	8.8700	-2			
888	8.8800	-2			
889	8.8900	-2			
890	8.9000	-2			
891	8.9100	-2			
892	8.9200	-2			
893	8.9300	-2			
894	8.9400	-2			
895	8.9500	-2			
896	8.9600	-2			
897	8.9700	-2			
898	8.9800	-2			
899	8.9900	-2			
900	9.0000	-2			
901	9.0100	-2			
902	9.0200	-2			
903	9.0300	-2			
904	9.0400	-2			
905	9.0500	-2			
906	9.0600	-2			
907	9.0700	-2			
908	9.0800	-2			
909	9.0900	-2			
910	9.1000	-2			
911	9.1100	-2			
912	9.1200	-2			
913	9.1300	-2			
914	9.1400	-2			
915	9.1500	-2			
916	9.1600	-2			
917	9.1700	-2			
918	9.1800	-2			
919	9.1900	-2			
920	9.2000	-2			
921	9.2100	-2			
922	9.2200	-2			
923	9.2300	-2			
924	9.2400	-2			
925	9.2500	-2			
926	9.2600	-2			
927	9.2700	-2			
928	9.2800	-2			
929	9.2900	-2			
930	9.3000	-2			
931	9.3100	-2			
932	9.3200	-2			
933	9.3300	-2			
934	9.3400	-2			
935	9.3500	-2			
936	9.3600	-2			
937	9.3700	-2			
938	9.3800	-2			
939	9.3900	-2			
940	9.4000	-2			
941	9.4100	-2			
942	9.4200	-2			
943	9.4300	-2			
944	9.4400	-2			
945	9.4500	-2			
946	9.4600	-2			
947	9.4700	-2			
948	9.4800	-2			
949	9.4900	-2			
950	9.5000	-2			
951	9.5100	-2			
952	9.5200	-2			
953	9.5300	-2			
954	9.5400	-2			
955	9.5500	-2			
956	9.5600	-2			
957	9.5700	-2			
958	9.5800	-2			
959	9.5900	-2			
960	9.6000	-2			
961	9.6100	-2			
962	9.6200	-2			
963	9.6300	-2			
964	9.6400	-2			
965	9.6500	-2			
966	9.6600	-2			
967	9.6700	-2			
968	9.6800	-2			
969	9.6900	-2			
970	9.7000	-2			
971	9.7100	-2			
972	9.7200	-2			
973	9.7300	-2			
974	9.7400	-2			
975	9.7500	-2			
976	9.7600	-2			
977	9.7700	-2			
978	9.7800	-2			
979	9.7900	-2			
980	9.8000	-2			
981	9.8100	-2			
982	9.8200	-2			
983	9.8300	-2			
984	9.8400	-2			
985	9.8500	-2			
986	9.8600	-2			
987	9.8700	-2			
988	9.8800	-2			
989	9.8900	-2			
990	9.9000	-2			
991	9.9100	-2			
992	9.9200	-2			
993	9.9300	-2			
994	9.9400	-2			
995	9.9500	-2			
996	9.9600	-2			
997	9.9700	-2			
998	9.9800	-2			
999	9.9900	-2			
1000	10.0000	-2			
