#	time(s)	count A	count B	count C	count D
1	0.0100	-100			
2	0.0200	-100			
3	0.0300	-100			
4	0.0400	-100			
5	0.0500	-100			
6	0.0600	-100			
7	0.0700	-100			
8	0.0800	-100			
9	0.0900	-100			
10	0.1000	-100			
11	0.1100	-100			
12	0.1200	-99			
13	0.1300	-98			
14	0.1400	-96			
15	0.1500	-95			
16	0.1600	-93			
17	0.1700	-91			
18	0.1800	-88			
19	0.1900	-85			
20	0.2000	-82			
21	0.2100	-78			
22	0.2200	-74			
23	0.2300	-70			
24	0.2400	-66			
25	0.2500	-61			
26	0.2600	-56			
27	0.2700	-51			
28	0.2800	-46			
29	0.2900	-40			
30	0.3000	-35			
31	0.3100	-29			
32	0.3200	-24			
33	0.3300	-18			
34	0.3400	-12			
35	0.3500	-6			
36	0.3600	0			
37	0.3700	6			
38	0.3800	12			
39	0.3900	18			
40	0.4000	24			
41	0.4100	29			
42	0.4200	34			
43	0.4300	40			
44	0.4400	45			
45	0.4500	50			
46	0.4600	55			
47	0.4700	59			
48	0.4800	64			
49	0.4900	68			
50	0.5000	72			
51	0.5100	75			
52	0.5200	78			
53	0.5300	81			
54	0.5400	84			
55	0.5500	86			
56	0.5600	88			
57	0.5700	89			
58	0.5800	90			
59	0.5900	91			
60	0.6000	91			
61	0.6100	91			
62	0.6200	91			
63	0.6300	90			
64	0.6400	89			
65	0.6500	88			
66	0.6600	86			
67	0.6700	84			
68	0.6800	82			
69	0.6900	79			
70	0.7000	76			
71	0.7100	72			
72	0.7200	69			
73	0.7300	65			
74	0.7400	61			
75	0.7500	57			
76	0.7600	52			
77	0.7700	48			
78	0.7800	43			
79	0.7900	38			
80	0.8000	33			
81	0.8100	28			
82	0.8200	22			
83	0.8300	17			
84	0.8400	12			
85	0.8500	6			
86	0.8600	0			
87	0.8700	-5			
88	0.8800	-10			
89	0.8900	-16			
90	0.9000	-21			
91	0.9100	-26			
92	0.9200	-32			
93	0.9300	-36			
94	0.9400	-42			
95	0.9500	-46			
96	0.9600	-50			
97	0.9700	-55			
98	0.9800	-59			
99	0.9900	-62			
100	1.0000	-66			
101	1.0100	-70			
102	1.0200	-72			
103	1.0300	-75			
104	1.0400	-78			
105	1.0500	-80			
106	1.0600	-82			
107	1.0700	-83			
108	1.0800	-84			
109	1.0900	-85			
110	1.1000	-86			
111	1.1100	-86			
112	1.1200	-86			
113	1.1300	-85			
114	1.1400	-84			
115	1.1500	-83			
116	1.1600	-82			
117	1.1700	-80			
118	1.1800	-78			
119	1.1900	-76			
120	1.2000	-73			
121	1.2100	-70			
122	1.2200	-67			
123	1.2300	-63			
124	1.2400	-60			
125	1.2500	-56			
126	1.2600	-52			
127	1.2700	-48			
128	1.2800	-43			
129	1.2900	-38			
130	1.3000	-34			
131	1.3100	-29			
132	1.3200	-24			
133	1.3300	-19			
134	1.3400	-14			
135	1.3500	-9			
136	1.3600	-4			
137	1.3700	1			
138	1.3800	6			
139	1.3900	11			
140	1.4000	16			
141	1.4100	21			
142	1.4200	26			
143	1.4300	31			
144	1.4400	36			
145	1.4500	40			
146	1.4600	44			
147	1.4700	48			
148	1.4800	52			
149	1.4900	56			
150	1.5000	59			
151	1.5100	62			
152	1.5200	66			
153	1.5300	68			
154	1.5400	70			
155	1.5500	73			
156	1.5600	74			
157	1.5700	76			
158	1.5800	77			
159	1.5900	78			
160	1.6000	79			
161	1.6100	79			
162	1.6200	79			
163	1.6300	79			
164	1.6400	78			
165	1.6500	78			
166	1.6600	76			
167	1.6700	75			
168	1.6800	73			
169	1.6900	71			
170	1.7000	69			
171	1.7100	66			
172	1.7200	63			
173	1.7300	60			
174	1.7400	57			
175	1.7500	53			
176	1.7600	50			
177	1.7700	46			
178	1.7800	42			
179	1.7900	37			
180	1.8000	33			
181	1.8100	28			
182	1.8200	24			
183	1.8300	19			
184	1.8400	14			
185	1.8500	10			
186	1.8600	5			
187	1.8700	0			
188	1.8800	-5			
189	1.8900	-10			
190	1.9000	-14			
191	1.9100	-19			
192	1.9200	-24			
193	1.9300	-28			
194	1.9400	-33			
195	1.9500	-37			
196	1.9600	-41			
197	1.9700	-45			
198	1.9800	-48			
199	1.9900	-52			
200	2.0000	-56			
201	2.0100	-58			
202	2.0200	-62			
203	2.0300	-64			
204	2.0400	-66			
205	2.0500	-68			
206	2.0600	-70			
207	2.0700	-72			
208	2.0800	-73			
209	2.0900	-74			
210	2.1000	-75			
211	2.1100	-75			
212	2.1200	-75			
213	2.1300	-75			
214	2.1400	-74			
215	2.1500	-74			
216	2.1600	-73			
217	2.1700	-72			
218	2.1800	-70			
219	2.1900	-68			
220	2.2000	-66			
221	2.2100	-63			
222	2.2200	-61			
223	2.2300	-58			
224	2.2400	-55			
225	2.2500	-52			
226	2.2600	-48			
227	2.2700	-44			
228	2.2800	-40			
229	2.2900	-36			
230	2.3000	-32			
231	2.3100	-28			
232	2.3200	-24			
233	2.3300	-20			
234	2.3400	-15			
235	2.3500	-10			
236	2.3600	-6			
237	2.3700	-2			
238	2.3800	3			
239	2.3900	8			
240	2.4000	12			
241	2.4100	17			
242	2.4200	21			
243	2.4300	25			
244	2.4400	30			
245	2.4500	34			
246	2.4600	37			
247	2.4700	41			
248	2.4800	45			
249	2.4900	48			
250	2.5000	51			
251	2.5100	54			
252	2.5200	57			
253	2.5300	60			
254	2.5400	62			
255	2.5500	64			
256	2.5600	66			
257	2.5700	67			
258	2.5800	68			
259	2.5900	70			
260	2.6000	70			
261	2.6100	71			
262	2.6200	71			
263	2.6300	71			
264	2.6400	70			
265	2.6500	70			
266	2.6600	69			
267	2.6700	68			
268	2.6800	66			
269	2.6900	64			
270	2.7000	62			
271	2.7100	60			
272	2.7200	58			
273	2.7300	55			
274	2.7400	52			
275	2.7500	49			
276	2.7600	46			
277	2.7700	43			
278	2.7800	39			
279	2.7900	35			
280	2.8000	32			
281	2.8100	28			
282	2.8200	24			
283	2.8300	19			
284	2.8400	15			
285	2.8500	11			
286	2.8600	6			
287	2.8700	2			
288	2.8800	-2			
289	2.8900	-6			
290	2.9000	-10			
291	2.9100	-15			
292	2.9200	-19			
293	2.9300	-23			
294	2.9400	-27			
295	2.9500	-31			
296	2.9600	-34			
297	2.9700	-38			
298	2.9800	-42			
299	2.9900	-45			
300	3.0000	-48			
301	3.0100	-51			
302	3.0200	-54			
303	3.0300	-56			
304	3.0400	-58			
305	3.0500	-60			
306	3.0600	-62			
307	3.0700	-64			
308	3.0800	-65			
309	3.0900	-66			
310	3.1000	-66			
311	3.1100	-67			
312	3.1200	-67			
313	3.1300	-67			
314	3.1400	-67			
315	3.1500	-66			
316	3.1600	-66			
317	3.1700	-64			
318	3.1800	-63			
319	3.1900	-62			
320	3.2000	-60			
321	3.2100	-58			
322	3.2200	-56			
323	3.2300	-53			
324	3.2400	-50			
325	3.2500	-48			
326	3.2600	-45			
327	3.2700	-42			
328	3.2800	-38			
329	3.2900	-35			
330	3.3000	-31			
331	3.3100	-28			
332	3.3200	-24			
333	3.3300	-20			
334	3.3400	-16			
335	3.3500	-12			
336	3.3600	-8			
337	3.3700	-4			
338	3.3800	0			
339	3.3900	4			
340	3.4000	8			
341	3.4100	12			
342	3.4200	16			
343	3.4300	20			
344	3.4400	24			
345	3.4500	28			
346	3.4600	31			
347	3.4700	34			
348	3.4800	38			
349	3.4900	40			
350	3.5000	44			
351	3.5100	46			
352	3.5200	49			
353	3.5300	51			
354	3.5400	54			
355	3.5500	56			
356	3.5600	57			
357	3.5700	59			
358	3.5800	60			
359	3.5900	61			
360	3.6000	62			
361	3.6100	62			
362	3.6200	63			
363	3.6300	63			
364	3.6400	62			
365	3.6500	62			
366	3.6600	62			
367	3.6700	61			
368	3.6800	60			
369	3.6900	58			
370	3.7000	56			
371	3.7100	55			
372	3.7200	53			
373	3.7300	50			
374	3.7400	48			
375	3.7500	46			
376	3.7600	42			
377	3.7700	40			
378	3.7800	36			
379	3.7900	34			
380	3.8000	30			
381	3.8100	27			
382	3.8200	23			
383	3.8300	20			
384	3.8400	16			
385	3.8500	12			
386	3.8600	8			
387	3.8700	4			
388	3.8800	0			
389	3.8900	-3			
390	3.9000	-7			
391	3.9100	-11			
392	3.9200	-14			
393	3.9300	-18			
394	3.9400	-22			
395	3.9500	-25			
396	3.9600	-28			
397	3.9700	-32			
398	3.9800	-35			
399	3.9900	-38			
400	4.0000	-41			
401	4.0100	-44			
402	4.0200	-46			
403	4.0300	-48			
404	4.0400	-50			
405	4.0500	-52			
406	4.0600	-54			
407	4.0700	-55			
408	4.0800	-56			
409	4.0900	-58			
410	4.1000	-58			
411	4.1100	-59			
412	4.1200	-60			
413	4.1300	-60			
414	4.1400	-60			
415	4.1500	-59			
416	4.1600	-58			
417	4.1700	-58			
418	4.1800	-57			
419	4.1900	-56			
420	4.2000	-54			
421	4.2100	-52			
422	4.2200	-50			
423	4.2300	-48			
424	4.2400	-46			
425	4.2500	-44			
426	4.2600	-41			
427	4.2700	-38			
428	4.2800	-36			
429	4.2900	-32			
430	4.3000	-30			
431	4.3100	-26			
432	4.3200	-23			
433	4.3300	-20			
434	4.3400	-16			
435	4.3500	-12			
436	4.3600	-9			
437	4.3700	-5			
438	4.3800	-2			
439	4.3900	2			
440	4.4000	6			
441	4.4100	9			
442	4.4200	13			
443	4.4300	16			
444	4.4400	20			
445	4.4500	23			
446	4.4600	26			
447	4.4700	29			
448	4.4800	32			
449	4.4900	35			
450	4.5000	38			
451	4.5100	40			
452	4.5200	42			
453	4.5300	45			
454	4.5400	47			
455	4.5500	48			
456	4.5600	50			
457	4.5700	52			
458	4.5800	53			
459	4.5900	54			
460	4.6000	55			
461	4.6100	55			
462	4.6200	56			
463	4.6300	56			
464	4.6400	56			
465	4.6500	56			
466	4.6600	55			
467	4.6700	54			
468	4.6800	53			
469	4.6900	52			
470	4.7000	51			
471	4.7100	49			
472	4.7200	48			
473	4.7300	46			
474	4.7400	44			
475	4.7500	42			
476	4.7600	39			
477	4.7700	36			
478	4.7800	34			
479	4.7900	31			
480	4.8000	28			
481	4.8100	25			
482	4.8200	22			
483	4.8300	19			
484	4.8400	16			
485	4.8500	12			
486	4.8600	9			
487	4.8700	6			
488	4.8800	2			
489	4.8900	-1			
490	4.9000	-5			
491	4.9100	-8			
492	4.9200	-11			
493	4.9300	-14			
494	4.9400	-18			
495	4.9500	-21			
496	4.9600	-24			
497	4.9700	-27			
498	4.9800	-30			
499	4.9900	-32			
500	5.0000	-35			
501	5.0100	-37			
502	5.0200	-40			
503	5.0300	-42			
504	5.0400	-44			
505	5.0500	-45			
506	5.0600	-46			
507	5.0700	-48			
508	5.0800	-49			
509	5.0900	-50			
510	5.1000	-51			
511	5.1100	-52			
512	5.1200	-52			
513	5.1300	-52			
514	5.1400	-52			
515	5.1500	-52			
516	5.1600	-52			
517	5.1700	-51			
518	5.1800	-50			
519	5.1900	-49			
520	5.2000	-48			
521	5.2100	-46			
522	5.2200	-45			
523	5.2300	-43			
524	5.2400	-41			
525	5.2500	-39			
526	5.2600	-37			
527	5.2700	-34			
528	5.2800	-32			
529	5.2900	-30			
530	5.3000	-27			
531	5.3100	-24			
532	5.3200	-21			
533	5.3300	-18			
534	5.3400	-15			
535	5.3500	-12			
536	5.3600	-9			
537	5.3700	-6			
538	5.3800	-2			
539	5.3900	0			
540	5.4000	4			
541	5.4100	7			
542	5.4200	10			
543	5.4300	13			
544	5.4400	16			
545	5.4500	19			
546	5.4600	22			
547	5.4700	24			
548	5.4800	27			
549	5.4900	30			
550	5.5000	32			
551	5.5100	34			
552	5.5200	36			
553	5.5300	38			
554	5.5400	40			
555	5.5500	42			
556	5.5600	43			
557	5.5700	44			
558	5.5800	46			
559	5.5900	46			
560	5.6000	47			
561	5.6100	48			
562	5.6200	48			
563	5.6300	48			
564	5.6400	48			
565	5.6500	48			
566	5.6600	48			
567	5.6700	47			
568	5.6800	46			
569	5.6900	46			
570	5.7000	44			
571	5.7100	43			
572	5.7200	42			
573	5.7300	40			
574	5.7400	38			
575	5.7500	36			
576	5.7600	34			
577	5.7700	32			
578	5.7800	30			
579	5.7900	28			
580	5.8000	25			
581	5.8100	22			
582	5.8200	20			
583	5.8300	17			
584	5.8400	14			
585	5.8500	11			
586	5.8600	8			
587	5.8700	6			
588	5.8800	2			
589	5.8900	0			
590	5.9000	-3			
591	5.9100	-6			
592	5.9200	-9			
593	5.9300	-12			
594	5.9400	-14			
595	5.9500	-17			
596	5.9600	-20			
597	5.9700	-22			
598	5.9800	-25			
599	5.9900	-27			
600	6.0000	-30			
601	6.0100	-32			
602	6.0200	-34			
603	6.0300	-36			
604	6.0400	-37			
605	6.0500	-39			
606	6.0600	-40			
607	6.0700	-41			
608	6.0800	-42			
609	6.0900	-43			
610	6.1000	-44			
611	6.1100	-44			
612	6.1200	-45			
613	6.1300	-45			
614	6.1400	-45			
615	6.1500	-45			
616	6.1600	-44			
617	6.1700	-44			
618	6.1800	-44			
619	6.1900	-43			
620	6.2000	-42			
621	6.2100	-41			
622	6.2200	-40			
623	6.2300	-38			
624	6.2400	-36			
625	6.2500	-35			
626	6.2600	-33			
627	6.2700	-31			
628	6.2800	-29			
629	6.2900	-27			
630	6.3000	-24			
631	6.3100	-22			
632	6.3200	-20			
633	6.3300	-17			
634	6.3400	-14			
635	6.3500	-12			
636	6.3600	-9			
637	6.3700	-6			
638	6.3800	-4			
639	6.3900	-1			
640	6.4000	2			
641	6.4100	4			
642	6.4200	7			
643	6.4300	10			
644	6.4400	12			
645	6.4500	15			
646	6.4600	17			
647	6.4700	20			
648	6.4800	22			
649	6.4900	24			
650	6.5000	26			
651	6.5100	28			
652	6.5200	30			
653	6.5300	32			
654	6.5400	34			
655	6.5500	35			
656	6.5600	36			
657	6.5700	38			
658	6.5800	38			
659	6.5900	40			
660	6.6000	40			
661	6.6100	41			
662	6.6200	41			
663	6.6300	42			
664	6.6400	42			
665	6.6500	42			
666	6.6600	41			
667	6.6700	41			
668	6.6800	40			
669	6.6900	39			
670	6.7000	38			
671	6.7100	37			
672	6.7200	36			
673	6.7300	35			
674	6.7400	33			
675	6.7500	32			
676	6.7600	30			
677	6.7700	28			
678	6.7800	26			
679	6.7900	24			
680	6.8000	22			
681	6.8100	20			
682	6.8200	18			
683	6.8300	16			
684	6.8400	13			
685	6.8500	11			
686	6.8600	8			
687	6.8700	6			
688	6.8800	3			
689	6.8900	1			
690	6.9000	-2			
691	6.9100	-4			
692	6.9200	-7			
693	6.9300	-9			
694	6.9400	-12			
695	6.9500	-14			
696	6.9600	-16			
697	6.9700	-18			
698	6.9800	-20			
699	6.9900	-22			
700	7.0000	-24			
701	7.0100	-26			
702	7.0200	-28			
703	7.0300	-30			
704	7.0400	-31			
705	7.0500	-32			
706	7.0600	-34			
707	7.0700	-35			
708	7.0800	-36			
709	7.0900	-37			
710	7.1000	-37			
711	7.1100	-38			
712	7.1200	-38			
713	7.1300	-38			
714	7.1400	-38			
715	7.1500	-38			
716	7.1600	-38			
717	7.1700	-38			
718	7.1800	-37			
719	7.1900	-37			
720	7.2000	-36			
721	7.2100	-35			
722	7.2200	-34			
723	7.2300	-33			
724	7.2400	-32			
725	7.2500	-30			
726	7.2600	-28			
727	7.2700	-27			
728	7.2800	-25			
729	7.2900	-23			
730	7.3000	-21			
731	7.3100	-19			
732	7.3200	-17			
733	7.3300	-15			
734	7.3400	-13			
735	7.3500	-11			
736	7.3600	-8			
737	7.3700	-6			
738	7.3800	-4			
739	7.3900	-2			
740	7.4000	0			
741	7.4100	3			
742	7.4200	5			
743	7.4300	8			
744	7.4400	10			
745	7.4500	12			
746	7.4600	14			
747	7.4700	16			
748	7.4800	18			
749	7.4900	20			
750	7.5000	22			
751	7.5100	24			
752	7.5200	25			
753	7.5300	27			
754	7.5400	28			
755	7.5500	30			
756	7.5600	31			
757	7.5700	32			
758	7.5800	33			
759	7.5900	34			
760	7.6000	34			
761	7.6100	35			
762	7.6200	35			
763	7.6300	36			
764	7.6400	36			
765	7.6500	36			
766	7.6600	36			
767	7.6700	35			
768	7.6800	35			
769	7.6900	34			
770	7.7000	34			
771	7.7100	33			
772	7.7200	32			
773	7.7300	31			
774	7.7400	30			
775	7.7500	28			
776	7.7600	27			
777	7.7700	26			
778	7.7800	24			
779	7.7900	22			
780	7.8000	20			
781	7.8100	19			
782	7.8200	17			
783	7.8300	15			
784	7.8400	13			
785	7.8500	11			
786	7.8600	9			
787	7.8700	7			
788	7.8800	5			
789	7.8900	2			
790	7.9000	0			
791	7.9100	-2			
792	7.9200	-4			
793	7.9300	-6			
794	7.9400	-8			
795	7.9500	-10			
796	7.9600	-12			
797	7.9700	-14			
798	7.9800	-16			
799	7.9900	-18			
800	8.0000	-19			
801	8.0100	-21			
802	8.0200	-22			
803	8.0300	-24			
804	8.0400	-26			
805	8.0500	-27			
806	8.0600	-28			
807	8.0700	-29			
808	8.0800	-30			
809	8.0900	-31			
810	8.1000	-32			
811	8.1100	-32			
812	8.1200	-32			
813	8.1300	-33			
814	8.1400	-33			
815	8.1500	-33			
816	8.1600	-33			
817	8.1700	-33			
818	8.1800	-32			
819	8.1900	-32			
820	8.2000	-32			
821	8.2100	-31			
822	8.2200	-30			
823	8.2300	-29			
824	8.2400	-28			
825	8.2500	-27			
826	8.2600	-26			
827	8.2700	-24			
828	8.2800	-23			
829	8.2900	-22			
830	8.3000	-20			
831	8.3100	-18			
832	8.3200	-16			
833	8.3300	-14			
834	8.3400	-13			
835	8.3500	-11			
836	8.3600	-9			
837	8.3700	-7			
838	8.3800	-5			
839	8.3900	-3			
840	8.4000	-1			
841	8.4100	1			
842	8.4200	3			
843	8.4300	5			
844	8.4400	7			
845	8.4500	9			
846	8.4600	11			
847	8.4700	13			
848	8.4800	14			
849	8.4900	16			
850	8.5000	18			
851	8.5100	20			
852	8.5200	21			
853	8.5300	22			
854	8.5400	24			
855	8.5500	25			
856	8.5600	26			
857	8.5700	27			
858	8.5800	28			
859	8.5900	29			
860	8.6000	30			
861	8.6100	30			
862	8.6200	31			
863	8.6300	31			
864	8.6400	31			
865	8.6500	32			
866	8.6600	32			
867	8.6700	31			
868	8.6800	31			
869	8.6900	30			
870	8.7000	30			
871	8.7100	30			
872	8.7200	29			
873	8.7300	28			
874	8.7400	27			
875	8.7500	26			
876	8.7600	25			
877	8.7700	24			
878	8.7800	22			
879	8.7900	21			
880	8.8000	19			
881	8.8100	18			
882	8.8200	16			
883	8.8300	14			
884	8.8400	13			
885	8.8500	11			
886	8.8600	9			
887	8.8700	7			
888	8.8800	5			
889	8.8900	4			
890	8.9000	2			
891	8.9100	0			
892	8.9200	-2			
893	8.9300	-4			
894	8.9400	-6			
895	8.9500	-8			
896	8.9600	-10			
897	8.9700	-12			
898	8.9800	-13			
899	8.9900	-15			
900	9.0000	-16			
901	9.0100	-18			
902	9.0200	-19			
903	9.0300	-21			
904	9.0400	-22			
905	9.0500	-23			
906	9.0600	-24			
907	9.0700	-26			
908	9.0800	-26			
909	9.0900	-27			
910	9.1000	-28			
911	9.1100	-28			
912	9.1200	-29			
913	9.1300	-29			
914	9.1400	-30			
915	9.1500	-30			
916	9.1600	-30			
917	9.1700	-30			
918	9.1800	-29			
919	9.1900	-29			
920	9.2000	-28			
921	9.2100	-28			
922	9.2200	-27			
923	9.2300	-26			
924	9.2400	-26			
925	9.2500	-25			
926	9.2600	-24			
927	9.2700	-22			
928	9.2800	-21			
929	9.2900	-20			
930	9.3000	-19			
931	9.3100	-17			
932	9.3200	-16			
933	9.3300	-14			
934	9.3400	-12			
935	9.3500	-11			
936	9.3600	-9			
937	9.3700	-8			
938	9.3800	-6			
939	9.3900	-4			
940	9.4000	-2			
941	9.4100	0			
942	9.4200	2			
943	9.4300	3			
944	9.4400	5			
945	9.4500	7			
946	9.4600	8			
947	9.4700	10			
948	9.4800	12			
949	9.4900	13			
950	9.5000	15			
951	9.5100	16			
952	9.5200	18			
953	9.5300	19			
954	9.5400	20			
955	9.5500	21			
956	9.5600	22			
957	9.5700	23			
958	9.5800	24			
959	9.5900	25			
960	9.6000	26			
961	9.6100	26			
962	9.6200	27			
963	9.6300	27			
964	9.6400	28			
965	9.6500	28			
966	9.6600	28			
967	9.6700	28			
968	9.6800	28			
969	9.6900	27			
970	9.7000	27			
971	9.7100	26			
972	9.7200	26			
973	9.7300	25			
974	9.7400	24			
975	9.7500	24			
976	9.7600	22			
977	9.7700	22			
978	9.7800	20			
979	9.7900	19			
980	9.8000	18			
981	9.8100	16			
982	9.8200	15			
983	9.8300	14			
984	9.8400	12			
985	9.8500	11			
986	9.8600	9			
987	9.8700	8			
988	9.8800	6			
989	9.8900	4			
990	9.9000	2			
991	9.9100	1			
992	9.9200	-1			
993	9.9300	-2			
994	9.9400	-4			
995	9.9500	-6			
996	9.9600	-7			
997	9.9700	-9			
998	9.9800	-10			
999	9.9900	-12			
1000	10.0000	-14			
1001	10.0100	-15			
1002	10.0200	-16			
1003	10.0300	-18			
1004	10.0400	-18			
1005	10.0500	-20			
1006	10.0600	-21			
1007	10.0700	-22			
1008	10.0800	-22			
1009	10.0900	-23			
1010	10.1000	-24			
1011	10.1100	-24			
1012	10.1200	-25			
1013	10.1300	-25			
1014	10.1400	-25			
1015	10.1500	-26			
1016	10.1600	-26			
1017	10.1700	-26			
1018	10.1800	-25			
1019	10.1900	-25			
1020	10.2000	-25			
1021	10.2100	-24			
1022	10.2200	-24			
1023	10.2300	-23			
1024	10.2400	-22			
1025	10.2500	-22			
1026	10.2600	-21			
1027	10.2700	-20			
1028	10.2800	-19			
1029	10.2900	-18			
1030	10.3000	-16			
1031	10.3100	-15			
1032	10.3200	-14			
1033	10.3300	-12			
1034	10.3400	-11			
1035	10.3500	-10			
1036	10.3600	-8			
1037	10.3700	-7			
1038	10.3800	-5			
1039	10.3900	-4			
1040	10.4000	-2			
1041	10.4100	-1			
1042	10.4200	1			
1043	10.4300	2			
1044	10.4400	4			
1045	10.4500	6			
1046	10.4600	7			
1047	10.4700	8			
1048	10.4800	10			
1049	10.4900	11			
1050	10.5000	12			
1051	10.5100	14			
1052	10.5200	15			
1053	10.5300	16			
1054	10.5400	18			
1055	10.5500	18			
1056	10.5600	20			
1057	10.5700	20			
1058	10.5800	21			
1059	10.5900	22			
1060	10.6000	22			
1061	10.6100	23			
1062	10.6200	24			
1063	10.6300	24			
1064	10.6400	24			
1065	10.6500	24			
1066	10.6600	24			
1067	10.6700	24			
1068	10.6800	24			
1069	10.6900	24			
1070	10.7000	24			
1071	10.7100	23			
1072	10.7200	22			
1073	10.7300	22			
1074	10.7400	22			
1075	10.7500	20			
1076	10.7600	20			
1077	10.7700	19			
1078	10.7800	18			
1079	10.7900	17			
1080	10.8000	16			
1081	10.8100	15			
1082	10.8200	14			
1083	10.8300	12			
1084	10.8400	11			
1085	10.8500	10			
1086	10.8600	8			
1087	10.8700	7			
1088	10.8800	6			
1089	10.8900	4			
1090	10.9000	3			
1091	10.9100	1			
1092	10.9200	0			
1093	10.9300	-2			
1094	10.9400	-3			
1095	10.9500	-4			
1096	10.9600	-6			
1097	10.9700	-7			
1098	10.9800	-8			
1099	10.9900	-10			
1100	11.0000	-11			
1101	11.0100	-12			
1102	11.0200	-14			
1103	11.0300	-15			
1104	11.0400	-16			
1105	11.0500	-17			
1106	11.0600	-18			
1107	11.0700	-18			
1108	11.0800	-19			
1109	11.0900	-20			
1110	11.1000	-20			
1111	11.1100	-21			
1112	11.1200	-21			
1113	11.1300	-22			
1114	11.1400	-22			
1115	11.1500	-22			
1116	11.1600	-22			
1117	11.1700	-22			
1118	11.1800	-22			
1119	11.1900	-22			
1120	11.2000	-22			
1121	11.2100	-21			
1122	11.2200	-21			
1123	11.2300	-20			
1124	11.2400	-20			
1125	11.2500	-19			
1126	11.2600	-18			
1127	11.2700	-18			
1128	11.2800	-17			
1129	11.2900	-16			
1130	11.3000	-15			
1131	11.3100	-14			
1132	11.3200	-13			
1133	11.3300	-12			
1134	11.3400	-10			
1135	11.3500	-9			
1136	11.3600	-8			
1137	11.3700	-7			
1138	11.3800	-6			
1139	11.3900	-4			
1140	11.4000	-3			
1141	11.4100	-2			
1142	11.4200	0			
1143	11.4300	1			
1144	11.4400	2			
1145	11.4500	4			
1146	11.4600	5			
1147	11.4700	6			
1148	11.4800	8			
1149	11.4900	9			
1150	11.5000	10			
1151	11.5100	11			
1152	11.5200	12			
1153	11.5300	13			
1154	11.5400	14			
1155	11.5500	15			
1156	11.5600	16			
1157	11.5700	17			
1158	11.5800	18			
1159	11.5900	18			
1160	11.6000	19			
1161	11.6100	20			
1162	11.6200	20			
1163	11.6300	20			
1164	11.6400	20			
1165	11.6500	21			
1166	11.6600	21			
1167	11.6700	21			
1168	11.6800	21			
1169	11.6900	21			
1170	11.7000	21			
1171	11.7100	20			
1172	11.7200	20			
1173	11.7300	20			
1174	11.7400	19			
1175	11.7500	18			
1176	11.7600	18			
1177	11.7700	17			
1178	11.7800	16			
1179	11.7900	16			
1180	11.8000	14			
1181	11.8100	14			
1182	11.8200	12			
1183	11.8300	12			
1184	11.8400	10			
1185	11.8500	9			
1186	11.8600	8			
1187	11.8700	7			
1188	11.8800	6			
1189	11.8900	4			
1190	11.9000	3			
1191	11.9100	2			
1192	11.9200	0			
1193	11.9300	-1			
1194	11.9400	-2			
1195	11.9500	-3			
1196	11.9600	-4			
1197	11.9700	-6			
1198	11.9800	-7			
1199	11.9900	-8			
1200	12.0000	-9			
1201	12.0100	-10			
1202	12.0200	-11			
1203	12.0300	-12			
1204	12.0400	-13			
1205	12.0500	-14			
1206	12.0600	-15			
1207	12.0700	-16			
1208	12.0800	-16			
1209	12.0900	-17			
1210	12.1000	-18			
1211	12.1100	-18			
1212	12.1200	-19			
1213	12.1300	-19			
1214	12.1400	-19			
1215	12.1500	-20			
1216	12.1600	-20			
1217	12.1700	-20			
1218	12.1800	-20			
1219	12.1900	-20			
1220	12.2000	-20			
1221	12.2100	-19			
1222	12.2200	-19			
1223	12.2300	-18			
1224	12.2400	-18			
1225	12.2500	-18			
1226	12.2600	-17			
1227	12.2700	-16			
1228	12.2800	-16			
1229	12.2900	-15			
1230	12.3000	-14			
1231	12.3100	-13			
1232	12.3200	-12			
1233	12.3300	-11			
1234	12.3400	-10			
1235	12.3500	-9			
1236	12.3600	-8			
1237	12.3700	-7			
1238	12.3800	-6			
1239	12.3900	-4			
1240	12.4000	-3			
1241	12.4100	-2			
1242	12.4200	-1			
1243	12.4300	0			
1244	12.4400	2			
1245	12.4500	3			
1246	12.4600	4			
1247	12.4700	5			
1248	12.4800	6			
1249	12.4900	7			
1250	12.5000	8			
1251	12.5100	9			
1252	12.5200	10			
1253	12.5300	11			
1254	12.5400	12			
1255	12.5500	13			
1256	12.5600	14			
1257	12.5700	14			
1258	12.5800	15			
1259	12.5900	16			
1260	12.6000	16			
1261	12.6100	17			
1262	12.6200	18			
1263	12.6300	18			
1264	12.6400	18			
1265	12.6500	18			
1266	12.6600	18			
1267	12.6700	18			
1268	12.6800	18			
1269	12.6900	18			
1270	12.7000	18			
1271	12.7100	18			
1272	12.7200	18			
1273	12.7300	18			
1274	12.7400	17			
1275	12.7500	17			
1276	12.7600	16			
1277	12.7700	16			
1278	12.7800	15			
1279	12.7900	14			
1280	12.8000	14			
1281	12.8100	12			
1282	12.8200	12			
1283	12.8300	11			
1284	12.8400	10			
1285	12.8500	9			
1286	12.8600	8			
1287	12.8700	7			
1288	12.8800	6			
1289	12.8900	4			
1290	12.9000	4			
1291	12.9100	2			
1292	12.9200	1			
1293	12.9300	0			
1294	12.9400	-1			
1295	12.9500	-2			
1296	12.9600	-3			
1297	12.9700	-4			
1298	12.9800	-6			
1299	12.9900	-6			
1300	13.0000	-8			
1301	13.0100	-8			
1302	13.0200	-10			
1303	13.0300	-10			
1304	13.0400	-11			
1305	13.0500	-12			
1306	13.0600	-13			
1307	13.0700	-14			
1308	13.0800	-14			
1309	13.0900	-15			
1310	13.1000	-16			
1311	13.1100	-16			
1312	13.1200	-16			
1313	13.1300	-17			
1314	13.1400	-17			
1315	13.1500	-17			
1316	13.1600	-18			
1317	13.1700	-18			
1318	13.1800	-18			
1319	13.1900	-18			
1320	13.2000	-18			
1321	13.2100	-17			
1322	13.2200	-17			
1323	13.2300	-17			
1324	13.2400	-16			
1325	13.2500	-16			
1326	13.2600	-16			
1327	13.2700	-15			
1328	13.2800	-14			
1329	13.2900	-14			
1330	13.3000	-13			
1331	13.3100	-12			
1332	13.3200	-11			
1333	13.3300	-10			
1334	13.3400	-10			
1335	13.3500	-8			
1336	13.3600	-8			
1337	13.3700	-6			
1338	13.3800	-6			
1339	13.3900	-4			
1340	13.4000	-4			
1341	13.4100	-2			
1342	13.4200	-2			
1343	13.4300	0			
1344	13.4400	1			
1345	13.4500	2			
1346	13.4600	3			
1347	13.4700	4			
1348	13.4800	5			
1349	13.4900	6			
1350	13.5000	7			
1351	13.5100	8			
1352	13.5200	9			
1353	13.5300	10			
1354	13.5400	10			
1355	13.5500	11			
1356	13.5600	12			
1357	13.5700	13			
1358	13.5800	13			
1359	13.5900	14			
1360	13.6000	14			
1361	13.6100	15			
1362	13.6200	16			
1363	13.6300	16			
1364	13.6400	16			
1365	13.6500	16			
1366	13.6600	16			
1367	13.6700	16			
1368	13.6800	17			
1369	13.6900	17			
1370	13.7000	16			
1371	13.7100	16			
1372	13.7200	16			
1373	13.7300	16			
1374	13.7400	16			
1375	13.7500	15			
1376	13.7600	15			
1377	13.7700	14			
1378	13.7800	14			
1379	13.7900	13			
1380	13.8000	12			
1381	13.8100	12			
1382	13.8200	11			
1383	13.8300	10			
1384	13.8400	9			
1385	13.8500	8			
1386	13.8600	8			
1387	13.8700	6			
1388	13.8800	6			
1389	13.8900	5			
1390	13.9000	4			
1391	13.9100	3			
1392	13.9200	2			
1393	13.9300	1			
1394	13.9400	0			
1395	13.9500	-2			
1396	13.9600	-2			
1397	13.9700	-4			
1398	13.9800	-4			
1399	13.9900	-5			
1400	14.0000	-6			
1401	14.0100	-7			
1402	14.0200	-8			
1403	14.0300	-9			
1404	14.0400	-10			
1405	14.0500	-10			
1406	14.0600	-11			
1407	14.0700	-12			
1408	14.0800	-12			
1409	14.0900	-13			
1410	14.1000	-14			
1411	14.1100	-14			
1412	14.1200	-14			
1413	14.1300	-15			
1414	14.1400	-15			
1415	14.1500	-15			
1416	14.1600	-16			
1417	14.1700	-16			
1418	14.1800	-16			
1419	14.1900	-16			
1420	14.2000	-16			
1421	14.2100	-16			
1422	14.2200	-15			
1423	14.2300	-15			
1424	14.2400	-15			
1425	14.2500	-14			
1426	14.2600	-14			
1427	14.2700	-14			
1428	14.2800	-13			
1429	14.2900	-12			
1430	14.3000	-12			
1431	14.3100	-11			
1432	14.3200	-10			
1433	14.3300	-10			
1434	14.3400	-9			
1435	14.3500	-8			
1436	14.3600	-7			
1437	14.3700	-6			
1438	14.3800	-6			
1439	14.3900	-4			
1440	14.4000	-4			
1441	14.4100	-3			
1442	14.4200	-2			
1443	14.4300	-1			
1444	14.4400	0			
1445	14.4500	1			
1446	14.4600	2			
1447	14.4700	3			
1448	14.4800	4			
1449	14.4900	5			
1450	14.5000	6			
1451	14.5100	6			
1452	14.5200	8			
1453	14.5300	8			
1454	14.5400	9			
1455	14.5500	10			
1456	14.5600	10			
1457	14.5700	11			
1458	14.5800	12			
1459	14.5900	12			
1460	14.6000	13			
1461	14.6100	13			
1462	14.6200	14			
1463	14.6300	14			
1464	14.6400	14			
1465	14.6500	14			
1466	14.6600	15			
1467	14.6700	15			
1468	14.6800	15			
1469	14.6900	15			
1470	14.7000	15			
1471	14.7100	15			
1472	14.7200	15			
1473	14.7300	14			
1474	14.7400	14			
1475	14.7500	14			
1476	14.7600	14			
1477	14.7700	13			
1478	14.7800	13			
1479	14.7900	12			
1480	14.8000	12			
1481	14.8100	11			
1482	14.8200	10			
1483	14.8300	10			
1484	14.8400	9			
1485	14.8500	8			
1486	14.8600	7			
1487	14.8700	6			
1488	14.8800	6			
1489	14.8900	5			
1490	14.9000	4			
1491	14.9100	3			
1492	14.9200	2			
1493	14.9300	1			
1494	14.9400	0			
1495	14.9500	0			
1496	14.9600	-2			
1497	14.9700	-2			
1498	14.9800	-3			
1499	14.9900	-4			
1500	15.0000	-5			
1501	15.0100	-6			
1502	15.0200	-6			
1503	15.0300	-7			
1504	15.0400	-8			
1505	15.0500	-9			
1506	15.0600	-10			
1507	15.0700	-10			
1508	15.0800	-11			
1509	15.0900	-11			
1510	15.1000	-12			
1511	15.1100	-12			
1512	15.1200	-13			
1513	15.1300	-13			
1514	15.1400	-13			
1515	15.1500	-14			
1516	15.1600	-14			
1517	15.1700	-14			
1518	15.1800	-14			
1519	15.1900	-14			
1520	15.2000	-14			
1521	15.2100	-14			
1522	15.2200	-14			
1523	15.2300	-14			
1524	15.2400	-14			
1525	15.2500	-13			
1526	15.2600	-13			
1527	15.2700	-12			
1528	15.2800	-12			
1529	15.2900	-12			
1530	15.3000	-11			
1531	15.3100	-10			
1532	15.3200	-10			
1533	15.3300	-9			
1534	15.3400	-8			
1535	15.3500	-8			
1536	15.3600	-7			
1537	15.3700	-6			
1538	15.3800	-6			
1539	15.3900	-5			
1540	15.4000	-4			
1541	15.4100	-3			
1542	15.4200	-2			
1543	15.4300	-2			
1544	15.4400	0			
1545	15.4500	0			
1546	15.4600	1			
1547	15.4700	2			
1548	15.4800	3			
1549	15.4900	4			
1550	15.5000	4			
1551	15.5100	5			
1552	15.5200	6			
1553	15.5300	7			
1554	15.5400	8			
1555	15.5500	8			
1556	15.5600	9			
1557	15.5700	10			
1558	15.5800	10			
1559	15.5900	10			
1560	15.6000	11			
1561	15.6100	12			
1562	15.6200	12			
1563	15.6300	12			
1564	15.6400	12			
1565	15.6500	13			
1566	15.6600	13			
1567	15.6700	13			
1568	15.6800	13			
1569	15.6900	13			
1570	15.7000	13			
1571	15.7100	13			
1572	15.7200	13			
1573	15.7300	13			
1574	15.7400	13			
1575	15.7500	12			
1576	15.7600	12			
1577	15.7700	12			
1578	15.7800	12			
1579	15.7900	11			
1580	15.8000	11			
1581	15.8100	10			
1582	15.8200	10			
1583	15.8300	9			
1584	15.8400	8			
1585	15.8500	8			
1586	15.8600	7			
1587	15.8700	6			
1588	15.8800	6			
1589	15.8900	5			
1590	15.9000	4			
1591	15.9100	3			
1592	15.9200	2			
1593	15.9300	2			
1594	15.9400	1			
1595	15.9500	0			
1596	15.9600	-1			
1597	15.9700	-2			
1598	15.9800	-2			
1599	15.9900	-3			
1600	16.0000	-4			
1601	16.0100	-5			
1602	16.0200	-6			
1603	16.0300	-6			
1604	16.0400	-7			
1605	16.0500	-8			
1606	16.0600	-8			
1607	16.0700	-9			
1608	16.0800	-9			
1609	16.0900	-10			
1610	16.1000	-10			
1611	16.1100	-11			
1612	16.1200	-11			
1613	16.1300	-12			
1614	16.1400	-12			
1615	16.1500	-12			
1616	16.1600	-12			
1617	16.1700	-12			
1618	16.1800	-12			
1619	16.1900	-12			
1620	16.2000	-13			
1621	16.2100	-12			
1622	16.2200	-12			
1623	16.2300	-12			
1624	16.2400	-12			
1625	16.2500	-12			
1626	16.2600	-12			
1627	16.2700	-12			
1628	16.2800	-11			
1629	16.2900	-10			
1630	16.3000	-10			
1631	16.3100	-10			
1632	16.3200	-9			
1633	16.3300	-8			
1634	16.3400	-8			
1635	16.3500	-8			
1636	16.3600	-7			
1637	16.3700	-6			
1638	16.3800	-6			
1639	16.3900	-5			
1640	16.4000	-4			
1641	16.4100	-3			
1642	16.4200	-2			
1643	16.4300	-2			
1644	16.4400	-1			
1645	16.4500	0			
1646	16.4600	0			
1647	16.4700	2			
1648	16.4800	2			
1649	16.4900	3			
1650	16.5000	4			
1651	16.5100	4			
1652	16.5200	5			
1653	16.5300	6			
1654	16.5400	6			
1655	16.5500	7			
1656	16.5600	8			
1657	16.5700	8			
1658	16.5800	9			
1659	16.5900	9			
1660	16.6000	10			
1661	16.6100	10			
1662	16.6200	10			
1663	16.6300	11			
1664	16.6400	11			
1665	16.6500	12			
1666	16.6600	12			
1667	16.6700	12			
1668	16.6800	12			
1669	16.6900	12			
1670	16.7000	12			
1671	16.7100	12			
1672	16.7200	12			
1673	16.7300	12			
1674	16.7400	12			
1675	16.7500	12			
1676	16.7600	11			
1677	16.7700	11			
1678	16.7800	10			
1679	16.7900	10			
1680	16.8000	10			
1681	16.8100	9			
1682	16.8200	9			
1683	16.8300	8			
1684	16.8400	8			
1685	16.8500	7			
1686	16.8600	6			
1687	16.8700	6			
1688	16.8800	5			
1689	16.8900	5			
1690	16.9000	4			
1691	16.9100	3			
1692	16.9200	2			
1693	16.9300	2			
1694	16.9400	1			
1695	16.9500	0			
1696	16.9600	0			
1697	16.9700	-1			
1698	16.9800	-2			
1699	16.9900	-2			
1700	17.0000	-3			
1701	17.0100	-4			
1702	17.0200	-4			
1703	17.0300	-5			
1704	17.0400	-6			
1705	17.0500	-6			
1706	17.0600	-7			
1707	17.0700	-8			
1708	17.0800	-8			
1709	17.0900	-8			
1710	17.1000	-9			
1711	17.1100	-10			
1712	17.1200	-10			
1713	17.1300	-10			
1714	17.1400	-10			
1715	17.1500	-11			
1716	17.1600	-11			
1717	17.1700	-11			
1718	17.1800	-11			
1719	17.1900	-11			
1720	17.2000	-11			
1721	17.2100	-11			
1722	17.2200	-11			
1723	17.2300	-11			
1724	17.2400	-11			
1725	17.2500	-11			
1726	17.2600	-10			
1727	17.2700	-10			
1728	17.2800	-10			
1729	17.2900	-10			
1730	17.3000	-9			
1731	17.3100	-9			
1732	17.3200	-8			
1733	17.3300	-8			
1734	17.3400	-8			
1735	17.3500	-7			
1736	17.3600	-6			
1737	17.3700	-6			
1738	17.3800	-5			
1739	17.3900	-4			
1740	17.4000	-4			
1741	17.4100	-3			
1742	17.4200	-2			
1743	17.4300	-2			
1744	17.4400	-1			
1745	17.4500	0			
1746	17.4600	0			
1747	17.4700	1			
1748	17.4800	2			
1749	17.4900	2			
1750	17.5000	3			
1751	17.5100	4			
1752	17.5200	4			
1753	17.5300	5			
1754	17.5400	6			
1755	17.5500	6			
1756	17.5600	6			
1757	17.5700	7			
1758	17.5800	8			
1759	17.5900	8			
1760	17.6000	8			
1761	17.6100	9			
1762	17.6200	9			
1763	17.6300	10			
1764	17.6400	10			
1765	17.6500	10			
1766	17.6600	10			
1767	17.6700	10			
1768	17.6800	11			
1769	17.6900	11			
1770	17.7000	11			
1771	17.7100	11			
1772	17.7200	11			
1773	17.7300	11			
1774	17.7400	10			
1775	17.7500	10			
1776	17.7600	10			
1777	17.7700	10			
1778	17.7800	10			
1779	17.7900	10			
1780	17.8000	9			
1781	17.8100	8			
1782	17.8200	8			
1783	17.8300	8			
1784	17.8400	7			
1785	17.8500	7			
1786	17.8600	6			
1787	17.8700	6			
1788	17.8800	5			
1789	17.8900	4			
1790	17.9000	4			
1791	17.9100	3			
1792	17.9200	2			
1793	17.9300	2			
1794	17.9400	1			
1795	17.9500	0			
1796	17.9600	0			
1797	17.9700	-1			
1798	17.9800	-1			
1799	17.9900	-2			
1800	18.0000	-2			
1801	18.0100	-3			
1802	18.0200	-4			
1803	18.0300	-4			
1804	18.0400	-5			
1805	18.0500	-6			
1806	18.0600	-6			
1807	18.0700	-6			
1808	18.0800	-7			
1809	18.0900	-8			
1810	18.1000	-8			
1811	18.1100	-8			
1812	18.1200	-9			
1813	18.1300	-9			
1814	18.1400	-9			
1815	18.1500	-10			
1816	18.1600	-10			
1817	18.1700	-10			
1818	18.1800	-10			
1819	18.1900	-10			
1820	18.2000	-10			
1821	18.2100	-10			
1822	18.2200	-10			
1823	18.2300	-10			
1824	18.2400	-10			
1825	18.2500	-10			
1826	18.2600	-10			
1827	18.2700	-10			
1828	18.2800	-9			
1829	18.2900	-9			
1830	18.3000	-8			
1831	18.3100	-8			
1832	18.3200	-8			
1833	18.3300	-8			
1834	18.3400	-7			
1835	18.3500	-6			
1836	18.3600	-6			
1837	18.3700	-6			
1838	18.3800	-5			
1839	18.3900	-4			
1840	18.4000	-4			
1841	18.4100	-3			
1842	18.4200	-2			
1843	18.4300	-2			
1844	18.4400	-2			
1845	18.4500	-1			
1846	18.4600	0			
1847	18.4700	0			
1848	18.4800	1			
1849	18.4900	2			
1850	18.5000	2			
1851	18.5100	3			
1852	18.5200	4			
1853	18.5300	4			
1854	18.5400	4			
1855	18.5500	5			
1856	18.5600	6			
1857	18.5700	6			
1858	18.5800	6			
1859	18.5900	7			
1860	18.6000	8			
1861	18.6100	8			
1862	18.6200	8			
1863	18.6300	8			
1864	18.6400	9			
1865	18.6500	9			
1866	18.6600	9			
1867	18.6700	9			
1868	18.6800	10			
1869	18.6900	10			
1870	18.7000	10			
1871	18.7100	10			
1872	18.7200	10			
1873	18.7300	10			
1874	18.7400	10			
1875	18.7500	10			
1876	18.7600	9			
1877	18.7700	9			
1878	18.7800	9			
1879	18.7900	8			
1880	18.8000	8			
1881	18.8100	8			
1882	18.8200	8			
1883	18.8300	7			
1884	18.8400	7			
1885	18.8500	6			
1886	18.8600	6			
1887	18.8700	5			
1888	18.8800	5			
1889	18.8900	4			
1890	18.9000	4			
1891	18.9100	3			
1892	18.9200	2			
1893	18.9300	2			
1894	18.9400	2			
1895	18.9500	1			
1896	18.9600	0			
1897	18.9700	0			
1898	18.9800	-1			
1899	18.9900	-2			
1900	19.0000	-2			
1901	19.0100	-3			
1902	19.0200	-3			
1903	19.0300	-4			
1904	19.0400	-4			
1905	19.0500	-5			
1906	19.0600	-5			
1907	19.0700	-6			
1908	19.0800	-6			
1909	19.0900	-6			
1910	19.1000	-7			
1911	19.1100	-7			
1912	19.1200	-8			
1913	19.1300	-8			
1914	19.1400	-8			
1915	19.1500	-8			
1916	19.1600	-8			
1917	19.1700	-9			
1918	19.1800	-9			
1919	19.1900	-9			
1920	19.2000	-9			
1921	19.2100	-9			
1922	19.2200	-9			
1923	19.2300	-9			
1924	19.2400	-9			
1925	19.2500	-9			
1926	19.2600	-8			
1927	19.2700	-8			
1928	19.2800	-8			
1929	19.2900	-8			
1930	19.3000	-8			
1931	19.3100	-8			
1932	19.3200	-7			
1933	19.3300	-7			
1934	19.3400	-6			
1935	19.3500	-6			
1936	19.3600	-6			
1937	19.3700	-5			
1938	19.3800	-4			
1939	19.3900	-4			
1940	19.4000	-4			
1941	19.4100	-3			
1942	19.4200	-2			
1943	19.4300	-2			
1944	19.4400	-2			
1945	19.4500	-1			
1946	19.4600	0			
1947	19.4700	0			
1948	19.4800	1			
1949	19.4900	2			
1950	19.5000	2			
1951	19.5100	2			
1952	19.5200	3			
1953	19.5300	4			
1954	19.5400	4			
1955	19.5500	4			
1956	19.5600	5			
1957	19.5700	6			
1958	19.5800	6			
1959	19.5900	6			
1960	19.6000	6			
1961	19.6100	7			
1962	19.6200	7			
1963	19.6300	8			
1964	19.6400	8			
1965	19.6500	8			
1966	19.6600	8			
1967	19.6700	8			
1968	19.6800	8			
1969	19.6900	8			
1970	19.7000	8			
1971	19.7100	9			
1972	19.7200	9			
1973	19.7300	8			
1974	19.7400	8			
1975	19.7500	8			
1976	19.7600	8			
1977	19.7700	8			
1978	19.7800	8			
1979	19.7900	8			
1980	19.8000	8			
1981	19.8100	7			
1982	19.8200	7			
1983	19.8300	6			
1984	19.8400	6			
1985	19.8500	6			
1986	19.8600	5			
1987	19.8700	5			
1988	19.8800	4			
1989	19.8900	4			
1990	19.9000	4			
1991	19.9100	3			
1992	19.9200	2			
1993	19.9300	2			
1994	19.9400	2			
1995	19.9500	1			
1996	19.9600	0			
1997	19.9700	0			
1998	19.9800	-1			
1999	19.9900	-1			
2000	20.0000	-2			
