#	time(s)	count A	count B	count C	count D
1	0.0050	-100			
2	0.0100	-100			
3	0.0150	-100			
4	0.0200	-100			
5	0.0250	-100			
6	0.0300	-100			
7	0.0350	-100			
8	0.0400	-100			
9	0.0450	-100			
10	0.0500	-100			
11	0.0550	-100			
12	0.0600	-100			
13	0.0650	-100			
14	0.0700	-100			
15	0.0750	-100			
16	0.0800	-100			
17	0.0850	-100			
18	0.0900	-100			
19	0.0950	-100			
20	0.1000	-100			
21	0.1050	-100			
22	0.1100	-100			
23	0.1150	-100			
24	0.1200	-100			
25	0.1250	-100			
26	0.1300	-100			
27	0.1350	-100			
28	0.1400	-100			
29	0.1450	-100			
30	0.1500	-100			
31	0.1550	-100			
32	0.1600	-100			
33	0.1650	-100			
34	0.1700	-100			
35	0.1750	-100			
36	0.1800	-100			
37	0.1850	-100			
38	0.1900	-100			
39	0.1950	-100			
40	0.2000	-100			
41	0.2050	-100			
42	0.2100	-99			
43	0.2150	-98			
44	0.2200	-98			
45	0.2250	-96			
46	0.2300	-96			
47	0.2350	-95			
48	0.2400	-94			
49	0.2450	-93			
50	0.2500	-92			
51	0.2550	-90			
52	0.2600	-89			
53	0.2650	-88			
54	0.2700	-86			
55	0.2750	-85			
56	0.2800	-83			
57	0.2850	-82			
58	0.2900	-80			
59	0.2950	-78			
60	0.3000	-76			
61	0.3050	-74			
62	0.3100	-72			
63	0.3150	-70			
64	0.3200	-67			
65	0.3250	-65			
66	0.3300	-62			
67	0.3350	-60			
68	0.3400	-58			
69	0.3450	-55			
70	0.3500	-52			
71	0.3550	-50			
72	0.3600	-48			
73	0.3650	-45			
74	0.3700	-42			
75	0.3750	-40			
76	0.3800	-37			
77	0.3850	-34			
78	0.3900	-31			
79	0.3950	-28			
80	0.4000	-26			
81	0.4050	-22			
82	0.4100	-20			
83	0.4150	-17			
84	0.4200	-14			
85	0.4250	-11			
86	0.4300	-8			
87	0.4350	-5			
88	0.4400	-2			
89	0.4450	1			
90	0.4500	4			
91	0.4550	6			
92	0.4600	10			
93	0.4650	12			
94	0.4700	16			
95	0.4750	18			
96	0.4800	21			
97	0.4850	24			
98	0.4900	26			
99	0.4950	29			
100	0.5000	32			
101	0.5050	35			
102	0.5100	38			
103	0.5150	40			
104	0.5200	42			
105	0.5250	45			
106	0.5300	48			
107	0.5350	50			
108	0.5400	52			
109	0.5450	54			
110	0.5500	57			
111	0.5550	59			
112	0.5600	61			
113	0.5650	63			
114	0.5700	65			
115	0.5750	67			
116	0.5800	69			
117	0.5850	71			
118	0.5900	72			
119	0.5950	74			
120	0.6000	76			
121	0.6050	77			
122	0.6100	79			
123	0.6150	80			
124	0.6200	81			
125	0.6250	82			
126	0.6300	84			
127	0.6350	85			
128	0.6400	86			
129	0.6450	86			
130	0.6500	87			
131	0.6550	88			
132	0.6600	88			
133	0.6650	89			
134	0.6700	90			
135	0.6750	90			
136	0.6800	90			
137	0.6850	90			
138	0.6900	90			
139	0.6950	90			
140	0.7000	90			
141	0.7050	90			
142	0.7100	90			
143	0.7150	89			
144	0.7200	88			
145	0.7250	88			
146	0.7300	88			
147	0.7350	87			
148	0.7400	86			
149	0.7450	85			
150	0.7500	84			
151	0.7550	83			
152	0.7600	82			
153	0.7650	81			
154	0.7700	79			
155	0.7750	78			
156	0.7800	76			
157	0.7850	75			
158	0.7900	74			
159	0.7950	72			
160	0.8000	70			
161	0.8050	68			
162	0.8100	66			
163	0.8150	64			
164	0.8200	62			
165	0.8250	60			
166	0.8300	58			
167	0.8350	56			
168	0.8400	54			
169	0.8450	52			
170	0.8500	50			
171	0.8550	48			
172	0.8600	45			
173	0.8650	43			
174	0.8700	40			
175	0.8750	38			
176	0.8800	36			
177	0.8850	33			
178	0.8900	30			
179	0.8950	28			
180	0.9000	25			
181	0.9050	22			
182	0.9100	20			
183	0.9150	17			
184	0.9200	14			
185	0.9250	12			
186	0.9300	9			
187	0.9350	6			
188	0.9400	4			
189	0.9450	1			
190	0.9500	-2			
191	0.9550	-4			
192	0.9600	-7			
193	0.9650	-10			
194	0.9700	-12			
195	0.9750	-15			
196	0.9800	-18			
197	0.9850	-20			
198	0.9900	-23			
199	0.9950	-26			
200	1.0000	-28			
201	1.0050	-31			
202	1.0100	-33			
203	1.0150	-36			
204	1.0200	-38			
205	1.0250	-40			
206	1.0300	-43			
207	1.0350	-45			
208	1.0400	-47			
209	1.0450	-49			
210	1.0500	-52			
211	1.0550	-54			
212	1.0600	-56			
213	1.0650	-58			
214	1.0700	-59			
215	1.0750	-61			
216	1.0800	-63			
217	1.0850	-65			
218	1.0900	-66			
219	1.0950	-68			
220	1.1000	-70			
221	1.1050	-71			
222	1.1100	-72			
223	1.1150	-74			
224	1.1200	-75			
225	1.1250	-76			
226	1.1300	-77			
227	1.1350	-78			
228	1.1400	-79			
229	1.1450	-80			
230	1.1500	-81			
231	1.1550	-82			
232	1.1600	-82			
233	1.1650	-82			
234	1.1700	-83			
235	1.1750	-84			
236	1.1800	-84			
237	1.1850	-84			
238	1.1900	-84			
239	1.1950	-84			
240	1.2000	-84			
241	1.2050	-84			
242	1.2100	-84			
243	1.2150	-84			
244	1.2200	-83			
245	1.2250	-82			
246	1.2300	-82			
247	1.2350	-82			
248	1.2400	-81			
249	1.2450	-80			
250	1.2500	-79			
251	1.2550	-78			
252	1.2600	-78			
253	1.2650	-76			
254	1.2700	-75			
255	1.2750	-74			
256	1.2800	-73			
257	1.2850	-72			
258	1.2900	-70			
259	1.2950	-68			
260	1.3000	-67			
261	1.3050	-66			
262	1.3100	-64			
263	1.3150	-62			
264	1.3200	-60			
265	1.3250	-58			
266	1.3300	-56			
267	1.3350	-54			
268	1.3400	-52			
269	1.3450	-50			
270	1.3500	-48			
271	1.3550	-46			
272	1.3600	-44			
273	1.3650	-42			
274	1.3700	-40			
275	1.3750	-38			
276	1.3800	-35			
277	1.3850	-33			
278	1.3900	-30			
279	1.3950	-28			
280	1.4000	-26			
281	1.4050	-23			
282	1.4100	-20			
283	1.4150	-18			
284	1.4200	-16			
285	1.4250	-13			
286	1.4300	-10			
287	1.4350	-8			
288	1.4400	-6			
289	1.4450	-3			
290	1.4500	0			
291	1.4550	2			
292	1.4600	4			
293	1.4650	7			
294	1.4700	10			
295	1.4750	12			
296	1.4800	14			
297	1.4850	17			
298	1.4900	20			
299	1.4950	22			
300	1.5000	24			
301	1.5050	27			
302	1.5100	29			
303	1.5150	31			
304	1.5200	34			
305	1.5250	36			
306	1.5300	38			
307	1.5350	40			
308	1.5400	42			
309	1.5450	44			
310	1.5500	46			
311	1.5550	48			
312	1.5600	50			
313	1.5650	52			
314	1.5700	54			
315	1.5750	56			
316	1.5800	58			
317	1.5850	59			
318	1.5900	61			
319	1.5950	62			
320	1.6000	64			
321	1.6050	65			
322	1.6100	66			
323	1.6150	68			
324	1.6200	69			
325	1.6250	70			
326	1.6300	71			
327	1.6350	72			
328	1.6400	73			
329	1.6450	74			
330	1.6500	75			
331	1.6550	75			
332	1.6600	76			
333	1.6650	76			
334	1.6700	77			
335	1.6750	78			
336	1.6800	78			
337	1.6850	78			
338	1.6900	78			
339	1.6950	78			
340	1.7000	78			
341	1.7050	78			
342	1.7100	78			
343	1.7150	78			
344	1.7200	78			
345	1.7250	77			
346	1.7300	77			
347	1.7350	76			
348	1.7400	76			
349	1.7450	75			
350	1.7500	74			
351	1.7550	74			
352	1.7600	73			
353	1.7650	72			
354	1.7700	71			
355	1.7750	70			
356	1.7800	69			
357	1.7850	68			
358	1.7900	66			
359	1.7950	65			
360	1.8000	64			
361	1.8050	62			
362	1.8100	60			
363	1.8150	59			
364	1.8200	57			
365	1.8250	56			
366	1.8300	54			
367	1.8350	52			
368	1.8400	50			
369	1.8450	48			
370	1.8500	46			
371	1.8550	44			
372	1.8600	42			
373	1.8650	40			
374	1.8700	38			
375	1.8750	36			
376	1.8800	34			
377	1.8850	32			
378	1.8900	30			
379	1.8950	27			
380	1.9000	25			
381	1.9050	22			
382	1.9100	20			
383	1.9150	18			
384	1.9200	16			
385	1.9250	13			
386	1.9300	11			
387	1.9350	8			
388	1.9400	6			
389	1.9450	4			
390	1.9500	2			
391	1.9550	-1			
392	1.9600	-3			
393	1.9650	-6			
394	1.9700	-8			
395	1.9750	-10			
396	1.9800	-13			
397	1.9850	-15			
398	1.9900	-17			
399	1.9950	-20			
400	2.0000	-22			
401	2.0050	-24			
402	2.0100	-26			
403	2.0150	-29			
404	2.0200	-31			
405	2.0250	-33			
406	2.0300	-35			
407	2.0350	-37			
408	2.0400	-39			
409	2.0450	-41			
410	2.0500	-43			
411	2.0550	-45			
412	2.0600	-47			
413	2.0650	-48			
414	2.0700	-50			
415	2.0750	-52			
416	2.0800	-54			
417	2.0850	-55			
418	2.0900	-57			
419	2.0950	-58			
420	2.1000	-60			
421	2.1050	-61			
422	2.1100	-62			
423	2.1150	-64			
424	2.1200	-65			
425	2.1250	-66			
426	2.1300	-67			
427	2.1350	-68			
428	2.1400	-68			
429	2.1450	-70			
430	2.1500	-70			
431	2.1550	-71			
432	2.1600	-72			
433	2.1650	-72			
434	2.1700	-72			
435	2.1750	-73			
436	2.1800	-73			
437	2.1850	-74			
438	2.1900	-74			
439	2.1950	-74			
440	2.2000	-74			
441	2.2050	-74			
442	2.2100	-74			
443	2.2150	-74			
444	2.2200	-74			
445	2.2250	-73			
446	2.2300	-73			
447	2.2350	-72			
448	2.2400	-72			
449	2.2450	-71			
450	2.2500	-70			
451	2.2550	-70			
452	2.2600	-69			
453	2.2650	-68			
454	2.2700	-67			
455	2.2750	-66			
456	2.2800	-65			
457	2.2850	-64			
458	2.2900	-63			
459	2.2950	-62			
460	2.3000	-60			
461	2.3050	-59			
462	2.3100	-58			
463	2.3150	-56			
464	2.3200	-54			
465	2.3250	-53			
466	2.3300	-51			
467	2.3350	-50			
468	2.3400	-48			
469	2.3450	-46			
470	2.3500	-44			
471	2.3550	-42			
472	2.3600	-41			
473	2.3650	-39			
474	2.3700	-37			
475	2.3750	-35			
476	2.3800	-33			
477	2.3850	-31			
478	2.3900	-29			
479	2.3950	-27			
480	2.4000	-24			
481	2.4050	-22			
482	2.4100	-20			
483	2.4150	-18			
484	2.4200	-16			
485	2.4250	-14			
486	2.4300	-11			
487	2.4350	-9			
488	2.4400	-7			
489	2.4450	-4			
490	2.4500	-2			
491	2.4550	0			
492	2.4600	2			
493	2.4650	4			
494	2.4700	6			
495	2.4750	9			
496	2.4800	11			
497	2.4850	13			
498	2.4900	15			
499	2.4950	18			
500	2.5000	20			
501	2.5050	22			
502	2.5100	24			
503	2.5150	26			
504	2.5200	28			
505	2.5250	30			
506	2.5300	32			
507	2.5350	34			
508	2.5400	36			
509	2.5450	38			
510	2.5500	40			
511	2.5550	41			
512	2.5600	43			
513	2.5650	45			
514	2.5700	46			
515	2.5750	48			
516	2.5800	50			
517	2.5850	51			
518	2.5900	53			
519	2.5950	54			
520	2.6000	56			
521	2.6050	57			
522	2.6100	58			
523	2.6150	59			
524	2.6200	60			
525	2.6250	62			
526	2.6300	62			
527	2.6350	63			
528	2.6400	64			
529	2.6450	65			
530	2.6500	66			
531	2.6550	66			
532	2.6600	67			
533	2.6650	68			
534	2.6700	68			
535	2.6750	68			
536	2.6800	69			
537	2.6850	69			
538	2.6900	70			
539	2.6950	70			
540	2.7000	70			
541	2.7050	70			
542	2.7100	70			
543	2.7150	70			
544	2.7200	69			
545	2.7250	69			
546	2.7300	69			
547	2.7350	68			
548	2.7400	68			
549	2.7450	68			
550	2.7500	67			
551	2.7550	66			
552	2.7600	66			
553	2.7650	64			
554	2.7700	64			
555	2.7750	63			
556	2.7800	62			
557	2.7850	61			
558	2.7900	60			
559	2.7950	59			
560	2.8000	58			
561	2.8050	56			
562	2.8100	55			
563	2.8150	54			
564	2.8200	52			
565	2.8250	51			
566	2.8300	49			
567	2.8350	48			
568	2.8400	46			
569	2.8450	44			
570	2.8500	43			
571	2.8550	41			
572	2.8600	39			
573	2.8650	38			
574	2.8700	36			
575	2.8750	34			
576	2.8800	32			
577	2.8850	30			
578	2.8900	28			
579	2.8950	26			
580	2.9000	24			
581	2.9050	22			
582	2.9100	20			
583	2.9150	18			
584	2.9200	16			
585	2.9250	14			
586	2.9300	12			
587	2.9350	10			
588	2.9400	8			
589	2.9450	6			
590	2.9500	3			
591	2.9550	1			
592	2.9600	-1			
593	2.9650	-3			
594	2.9700	-5			
595	2.9750	-7			
596	2.9800	-10			
597	2.9850	-12			
598	2.9900	-14			
599	2.9950	-16			
600	3.0000	-18			
601	3.0050	-20			
602	3.0100	-22			
603	3.0150	-24			
604	3.0200	-26			
605	3.0250	-28			
606	3.0300	-30			
607	3.0350	-31			
608	3.0400	-33			
609	3.0450	-35			
610	3.0500	-37			
611	3.0550	-38			
612	3.0600	-40			
613	3.0650	-42			
614	3.0700	-43			
615	3.0750	-45			
616	3.0800	-46			
617	3.0850	-48			
618	3.0900	-49			
619	3.0950	-50			
620	3.1000	-52			
621	3.1050	-53			
622	3.1100	-54			
623	3.1150	-56			
624	3.1200	-56			
625	3.1250	-58			
626	3.1300	-58			
627	3.1350	-60			
628	3.1400	-60			
629	3.1450	-61			
630	3.1500	-62			
631	3.1550	-63			
632	3.1600	-63			
633	3.1650	-64			
634	3.1700	-64			
635	3.1750	-64			
636	3.1800	-65			
637	3.1850	-65			
638	3.1900	-66			
639	3.1950	-66			
640	3.2000	-66			
641	3.2050	-66			
642	3.2100	-66			
643	3.2150	-66			
644	3.2200	-66			
645	3.2250	-66			
646	3.2300	-65			
647	3.2350	-65			
648	3.2400	-64			
649	3.2450	-64			
650	3.2500	-64			
651	3.2550	-63			
652	3.2600	-62			
653	3.2650	-62			
654	3.2700	-61			
655	3.2750	-60			
656	3.2800	-59			
657	3.2850	-58			
658	3.2900	-57			
659	3.2950	-56			
660	3.3000	-55			
661	3.3050	-54			
662	3.3100	-52			
663	3.3150	-51			
664	3.3200	-50			
665	3.3250	-49			
666	3.3300	-47			
667	3.3350	-46			
668	3.3400	-44			
669	3.3450	-43			
670	3.3500	-41			
671	3.3550	-40			
672	3.3600	-38			
673	3.3650	-36			
674	3.3700	-35			
675	3.3750	-33			
676	3.3800	-31			
677	3.3850	-30			
678	3.3900	-28			
679	3.3950	-26			
680	3.4000	-24			
681	3.4050	-22			
682	3.4100	-20			
683	3.4150	-18			
684	3.4200	-16			
685	3.4250	-14			
686	3.4300	-12			
687	3.4350	-10			
688	3.4400	-8			
689	3.4450	-6			
690	3.4500	-4			
691	3.4550	-2			
692	3.4600	0			
693	3.4650	2			
694	3.4700	3			
695	3.4750	5			
696	3.4800	7			
697	3.4850	9			
698	3.4900	11			
699	3.4950	13			
700	3.5000	15			
701	3.5050	17			
702	3.5100	19			
703	3.5150	21			
704	3.5200	23			
705	3.5250	24			
706	3.5300	26			
707	3.5350	28			
708	3.5400	30			
709	3.5450	32			
710	3.5500	33			
711	3.5550	35			
712	3.5600	36			
713	3.5650	38			
714	3.5700	39			
715	3.5750	41			
716	3.5800	42			
717	3.5850	44			
718	3.5900	45			
719	3.5950	46			
720	3.6000	48			
721	3.6050	49			
722	3.6100	50			
723	3.6150	51			
724	3.6200	52			
725	3.6250	53			
726	3.6300	54			
727	3.6350	55			
728	3.6400	56			
729	3.6450	57			
730	3.6500	58			
731	3.6550	58			
732	3.6600	59			
733	3.6650	59			
734	3.6700	60			
735	3.6750	60			
736	3.6800	60			
737	3.6850	61			
738	3.6900	61			
739	3.6950	62			
740	3.7000	62			
741	3.7050	62			
742	3.7100	62			
743	3.7150	62			
744	3.7200	62			
745	3.7250	61			
746	3.7300	61			
747	3.7350	61			
748	3.7400	60			
749	3.7450	60			
750	3.7500	60			
751	3.7550	59			
752	3.7600	59			
753	3.7650	58			
754	3.7700	58			
755	3.7750	56			
756	3.7800	56			
757	3.7850	55			
758	3.7900	54			
759	3.7950	53			
760	3.8000	52			
761	3.8050	51			
762	3.8100	50			
763	3.8150	49			
764	3.8200	48			
765	3.8250	46			
766	3.8300	45			
767	3.8350	44			
768	3.8400	42			
769	3.8450	41			
770	3.8500	40			
771	3.8550	38			
772	3.8600	36			
773	3.8650	35			
774	3.8700	34			
775	3.8750	32			
776	3.8800	30			
777	3.8850	28			
778	3.8900	27			
779	3.8950	25			
780	3.9000	24			
781	3.9050	22			
782	3.9100	20			
783	3.9150	18			
784	3.9200	16			
785	3.9250	14			
786	3.9300	12			
787	3.9350	11			
788	3.9400	9			
789	3.9450	7			
790	3.9500	5			
791	3.9550	3			
792	3.9600	2			
793	3.9650	0			
794	3.9700	-2			
795	3.9750	-4			
796	3.9800	-6			
797	3.9850	-8			
798	3.9900	-10			
799	3.9950	-12			
800	4.0000	-14			
801	4.0050	-15			
802	4.0100	-17			
803	4.0150	-19			
804	4.0200	-20			
805	4.0250	-22			
806	4.0300	-24			
807	4.0350	-26			
808	4.0400	-27			
809	4.0450	-29			
810	4.0500	-30			
811	4.0550	-32			
812	4.0600	-34			
813	4.0650	-35			
814	4.0700	-36			
815	4.0750	-38			
816	4.0800	-39			
817	4.0850	-41			
818	4.0900	-42			
819	4.0950	-43			
820	4.1000	-44			
821	4.1050	-46			
822	4.1100	-47			
823	4.1150	-48			
824	4.1200	-49			
825	4.1250	-50			
826	4.1300	-51			
827	4.1350	-52			
828	4.1400	-52			
829	4.1450	-53			
830	4.1500	-54			
831	4.1550	-54			
832	4.1600	-55			
833	4.1650	-56			
834	4.1700	-56			
835	4.1750	-56			
836	4.1800	-57			
837	4.1850	-57			
838	4.1900	-58			
839	4.1950	-58			
840	4.2000	-58			
841	4.2050	-58			
842	4.2100	-58			
843	4.2150	-58			
844	4.2200	-58			
845	4.2250	-58			
846	4.2300	-58			
847	4.2350	-58			
848	4.2400	-57			
849	4.2450	-57			
850	4.2500	-56			
851	4.2550	-56			
852	4.2600	-56			
853	4.2650	-55			
854	4.2700	-54			
855	4.2750	-54			
856	4.2800	-53			
857	4.2850	-52			
858	4.2900	-52			
859	4.2950	-50			
860	4.3000	-50			
861	4.3050	-48			
862	4.3100	-48			
863	4.3150	-46			
864	4.3200	-46			
865	4.3250	-44			
866	4.3300	-43			
867	4.3350	-42			
868	4.3400	-40			
869	4.3450	-40			
870	4.3500	-38			
871	4.3550	-37			
872	4.3600	-35			
873	4.3650	-34			
874	4.3700	-32			
875	4.3750	-31			
876	4.3800	-29			
877	4.3850	-28			
878	4.3900	-26			
879	4.3950	-24			
880	4.4000	-23			
881	4.4050	-21			
882	4.4100	-20			
883	4.4150	-18			
884	4.4200	-16			
885	4.4250	-14			
886	4.4300	-12			
887	4.4350	-11			
888	4.4400	-9			
889	4.4450	-8			
890	4.4500	-6			
891	4.4550	-4			
892	4.4600	-2			
893	4.4650	0			
894	4.4700	1			
895	4.4750	3			
896	4.4800	5			
897	4.4850	6			
898	4.4900	8			
899	4.4950	10			
900	4.5000	12			
901	4.5050	14			
902	4.5100	15			
903	4.5150	17			
904	4.5200	18			
905	4.5250	20			
906	4.5300	22			
907	4.5350	24			
908	4.5400	25			
909	4.5450	26			
910	4.5500	28			
911	4.5550	29			
912	4.5600	31			
913	4.5650	32			
914	4.5700	34			
915	4.5750	35			
916	4.5800	36			
917	4.5850	38			
918	4.5900	38			
919	4.5950	40			
920	4.6000	41			
921	4.6050	42			
922	4.6100	43			
923	4.6150	44			
924	4.6200	45			
925	4.6250	46			
926	4.6300	47			
927	4.6350	48			
928	4.6400	49			
929	4.6450	50			
930	4.6500	50			
931	4.6550	51			
932	4.6600	52			
933	4.6650	52			
934	4.6700	52			
935	4.6750	53			
936	4.6800	53			
937	4.6850	54			
938	4.6900	54			
939	4.6950	54			
940	4.7000	54			
941	4.7050	54			
942	4.7100	54			
943	4.7150	54			
944	4.7200	54			
945	4.7250	54			
946	4.7300	54			
947	4.7350	54			
948	4.7400	54			
949	4.7450	54			
950	4.7500	53			
951	4.7550	53			
952	4.7600	52			
953	4.7650	52			
954	4.7700	51			
955	4.7750	51			
956	4.7800	50			
957	4.7850	50			
958	4.7900	48			
959	4.7950	48			
960	4.8000	47			
961	4.8050	46			
962	4.8100	45			
963	4.8150	44			
964	4.8200	43			
965	4.8250	42			
966	4.8300	41			
967	4.8350	40			
968	4.8400	39			
969	4.8450	38			
970	4.8500	36			
971	4.8550	35			
972	4.8600	34			
973	4.8650	32			
974	4.8700	31			
975	4.8750	30			
976	4.8800	28			
977	4.8850	27			
978	4.8900	25			
979	4.8950	24			
980	4.9000	22			
981	4.9050	20			
982	4.9100	19			
983	4.9150	18			
984	4.9200	16			
985	4.9250	14			
986	4.9300	13			
987	4.9350	11			
988	4.9400	9			
989	4.9450	8			
990	4.9500	6			
991	4.9550	4			
992	4.9600	3			
993	4.9650	1			
994	4.9700	0			
995	4.9750	-2			
996	4.9800	-4			
997	4.9850	-6			
998	4.9900	-7			
999	4.9950	-9			
1000	5.0000	-10			
1001	5.0050	-12			
1002	5.0100	-14			
1003	5.0150	-15			
1004	5.0200	-17			
1005	5.0250	-18			
1006	5.0300	-20			
1007	5.0350	-21			
1008	5.0400	-22			
1009	5.0450	-24			
1010	5.0500	-26			
1011	5.0550	-27			
1012	5.0600	-28			
1013	5.0650	-30			
1014	5.0700	-31			
1015	5.0750	-32			
1016	5.0800	-34			
1017	5.0850	-35			
1018	5.0900	-36			
1019	5.0950	-37			
1020	5.1000	-38			
1021	5.1050	-39			
1022	5.1100	-40			
1023	5.1150	-41			
1024	5.1200	-42			
1025	5.1250	-43			
1026	5.1300	-44			
1027	5.1350	-45			
1028	5.1400	-46			
1029	5.1450	-46			
1030	5.1500	-47			
1031	5.1550	-48			
1032	5.1600	-48			
1033	5.1650	-48			
1034	5.1700	-49			
1035	5.1750	-50			
1036	5.1800	-50			
1037	5.1850	-50			
1038	5.1900	-50			
1039	5.1950	-51			
1040	5.2000	-51			
1041	5.2050	-51			
1042	5.2100	-51			
1043	5.2150	-51			
1044	5.2200	-51			
1045	5.2250	-51			
1046	5.2300	-51			
1047	5.2350	-51			
1048	5.2400	-51			
1049	5.2450	-50			
1050	5.2500	-50			
1051	5.2550	-50			
1052	5.2600	-49			
1053	5.2650	-49			
1054	5.2700	-48			
1055	5.2750	-48			
1056	5.2800	-47			
1057	5.2850	-46			
1058	5.2900	-46			
1059	5.2950	-45			
1060	5.3000	-44			
1061	5.3050	-44			
1062	5.3100	-43			
1063	5.3150	-42			
1064	5.3200	-41			
1065	5.3250	-40			
1066	5.3300	-39			
1067	5.3350	-38			
1068	5.3400	-37			
1069	5.3450	-36			
1070	5.3500	-34			
1071	5.3550	-33			
1072	5.3600	-32			
1073	5.3650	-31			
1074	5.3700	-30			
1075	5.3750	-28			
1076	5.3800	-27			
1077	5.3850	-26			
1078	5.3900	-24			
1079	5.3950	-23			
1080	5.4000	-22			
1081	5.4050	-20			
1082	5.4100	-18			
1083	5.4150	-17			
1084	5.4200	-16			
1085	5.4250	-14			
1086	5.4300	-12			
1087	5.4350	-11			
1088	5.4400	-10			
1089	5.4450	-8			
1090	5.4500	-6			
1091	5.4550	-5			
1092	5.4600	-4			
1093	5.4650	-2			
1094	5.4700	0			
1095	5.4750	1			
1096	5.4800	3			
1097	5.4850	4			
1098	5.4900	6			
1099	5.4950	7			
1100	5.5000	9			
1101	5.5050	10			
1102	5.5100	12			
1103	5.5150	14			
1104	5.5200	15			
1105	5.5250	16			
1106	5.5300	18			
1107	5.5350	19			
1108	5.5400	20			
1109	5.5450	22			
1110	5.5500	23			
1111	5.5550	24			
1112	5.5600	26			
1113	5.5650	27			
1114	5.5700	28			
1115	5.5750	30			
1116	5.5800	30			
1117	5.5850	32			
1118	5.5900	33			
1119	5.5950	34			
1120	5.6000	35			
1121	5.6050	36			
1122	5.6100	37			
1123	5.6150	38			
1124	5.6200	38			
1125	5.6250	40			
1126	5.6300	40			
1127	5.6350	41			
1128	5.6400	42			
1129	5.6450	42			
1130	5.6500	43			
1131	5.6550	44			
1132	5.6600	44			
1133	5.6650	45			
1134	5.6700	45			
1135	5.6750	46			
1136	5.6800	46			
1137	5.6850	46			
1138	5.6900	46			
1139	5.6950	47			
1140	5.7000	47			
1141	5.7050	47			
1142	5.7100	47			
1143	5.7150	47			
1144	5.7200	47			
1145	5.7250	47			
1146	5.7300	47			
1147	5.7350	47			
1148	5.7400	47			
1149	5.7450	46			
1150	5.7500	46			
1151	5.7550	46			
1152	5.7600	46			
1153	5.7650	45			
1154	5.7700	45			
1155	5.7750	44			
1156	5.7800	44			
1157	5.7850	43			
1158	5.7900	42			
1159	5.7950	42			
1160	5.8000	41			
1161	5.8050	40			
1162	5.8100	40			
1163	5.8150	39			
1164	5.8200	38			
1165	5.8250	37			
1166	5.8300	36			
1167	5.8350	35			
1168	5.8400	34			
1169	5.8450	33			
1170	5.8500	32			
1171	5.8550	31			
1172	5.8600	30			
1173	5.8650	29			
1174	5.8700	28			
1175	5.8750	26			
1176	5.8800	25			
1177	5.8850	24			
1178	5.8900	22			
1179	5.8950	21			
1180	5.9000	20			
1181	5.9050	19			
1182	5.9100	17			
1183	5.9150	16			
1184	5.9200	14			
1185	5.9250	13			
1186	5.9300	12			
1187	5.9350	10			
1188	5.9400	9			
1189	5.9450	8			
1190	5.9500	6			
1191	5.9550	5			
1192	5.9600	3			
1193	5.9650	2			
1194	5.9700	0			
1195	5.9750	-1			
1196	5.9800	-2			
1197	5.9850	-4			
1198	5.9900	-5			
1199	5.9950	-7			
1200	6.0000	-8			
1201	6.0050	-10			
1202	6.0100	-11			
1203	6.0150	-12			
1204	6.0200	-14			
1205	6.0250	-15			
1206	6.0300	-16			
1207	6.0350	-18			
1208	6.0400	-19			
1209	6.0450	-20			
1210	6.0500	-21			
1211	6.0550	-22			
1212	6.0600	-24			
1213	6.0650	-25			
1214	6.0700	-26			
1215	6.0750	-27			
1216	6.0800	-28			
1217	6.0850	-29			
1218	6.0900	-30			
1219	6.0950	-31			
1220	6.1000	-32			
1221	6.1050	-33			
1222	6.1100	-34			
1223	6.1150	-35			
1224	6.1200	-36			
1225	6.1250	-36			
1226	6.1300	-37			
1227	6.1350	-38			
1228	6.1400	-39			
1229	6.1450	-39			
1230	6.1500	-40			
1231	6.1550	-40			
1232	6.1600	-41			
1233	6.1650	-42			
1234	6.1700	-42			
1235	6.1750	-42			
1236	6.1800	-43			
1237	6.1850	-43			
1238	6.1900	-43			
1239	6.1950	-44			
1240	6.2000	-44			
1241	6.2050	-44			
1242	6.2100	-44			
1243	6.2150	-44			
1244	6.2200	-44			
1245	6.2250	-44			
1246	6.2300	-44			
1247	6.2350	-44			
1248	6.2400	-44			
1249	6.2450	-43			
1250	6.2500	-43			
1251	6.2550	-43			
1252	6.2600	-42			
1253	6.2650	-42			
1254	6.2700	-42			
1255	6.2750	-41			
1256	6.2800	-41			
1257	6.2850	-40			
1258	6.2900	-40			
1259	6.2950	-39			
1260	6.3000	-38			
1261	6.3050	-38			
1262	6.3100	-37			
1263	6.3150	-36			
1264	6.3200	-36			
1265	6.3250	-35			
1266	6.3300	-34			
1267	6.3350	-33			
1268	6.3400	-32			
1269	6.3450	-31			
1270	6.3500	-30			
1271	6.3550	-29			
1272	6.3600	-28			
1273	6.3650	-27			
1274	6.3700	-26			
1275	6.3750	-25			
1276	6.3800	-24			
1277	6.3850	-23			
1278	6.3900	-22			
1279	6.3950	-20			
1280	6.4000	-19			
1281	6.4050	-18			
1282	6.4100	-16			
1283	6.4150	-15			
1284	6.4200	-14			
1285	6.4250	-13			
1286	6.4300	-12			
1287	6.4350	-10			
1288	6.4400	-9			
1289	6.4450	-8			
1290	6.4500	-6			
1291	6.4550	-5			
1292	6.4600	-4			
1293	6.4650	-2			
1294	6.4700	-1			
1295	6.4750	0			
1296	6.4800	2			
1297	6.4850	3			
1298	6.4900	4			
1299	6.4950	6			
1300	6.5000	7			
1301	6.5050	8			
1302	6.5100	10			
1303	6.5150	11			
1304	6.5200	12			
1305	6.5250	13			
1306	6.5300	14			
1307	6.5350	16			
1308	6.5400	17			
1309	6.5450	18			
1310	6.5500	19			
1311	6.5550	20			
1312	6.5600	22			
1313	6.5650	22			
1314	6.5700	24			
1315	6.5750	24			
1316	6.5800	26			
1317	6.5850	26			
1318	6.5900	28			
1319	6.5950	28			
1320	6.6000	30			
1321	6.6050	30			
1322	6.6100	31			
1323	6.6150	32			
1324	6.6200	33			
1325	6.6250	34			
1326	6.6300	34			
1327	6.6350	35			
1328	6.6400	36			
1329	6.6450	36			
1330	6.6500	37			
1331	6.6550	37			
1332	6.6600	38			
1333	6.6650	38			
1334	6.6700	39			
1335	6.6750	39			
1336	6.6800	40			
1337	6.6850	40			
1338	6.6900	40			
1339	6.6950	40			
1340	6.7000	40			
1341	6.7050	40			
1342	6.7100	41			
1343	6.7150	41			
1344	6.7200	41			
1345	6.7250	41			
1346	6.7300	41			
1347	6.7350	41			
1348	6.7400	40			
1349	6.7450	40			
1350	6.7500	40			
1351	6.7550	40			
1352	6.7600	40			
1353	6.7650	39			
1354	6.7700	39			
1355	6.7750	38			
1356	6.7800	38			
1357	6.7850	38			
1358	6.7900	37			
1359	6.7950	36			
1360	6.8000	36			
1361	6.8050	35			
1362	6.8100	34			
1363	6.8150	34			
1364	6.8200	33			
1365	6.8250	32			
1366	6.8300	32			
1367	6.8350	31			
1368	6.8400	30			
1369	6.8450	29			
1370	6.8500	28			
1371	6.8550	28			
1372	6.8600	26			
1373	6.8650	26			
1374	6.8700	24			
1375	6.8750	24			
1376	6.8800	22			
1377	6.8850	22			
1378	6.8900	20			
1379	6.8950	19			
1380	6.9000	18			
1381	6.9050	17			
1382	6.9100	16			
1383	6.9150	14			
1384	6.9200	14			
1385	6.9250	12			
1386	6.9300	11			
1387	6.9350	10			
1388	6.9400	8			
1389	6.9450	8			
1390	6.9500	6			
1391	6.9550	5			
1392	6.9600	4			
1393	6.9650	2			
1394	6.9700	1			
1395	6.9750	0			
1396	6.9800	-1			
1397	6.9850	-2			
1398	6.9900	-4			
1399	6.9950	-5			
1400	7.0000	-6			
1401	7.0050	-8			
1402	7.0100	-8			
1403	7.0150	-10			
1404	7.0200	-11			
1405	7.0250	-12			
1406	7.0300	-14			
1407	7.0350	-14			
1408	7.0400	-16			
1409	7.0450	-17			
1410	7.0500	-18			
1411	7.0550	-19			
1412	7.0600	-20			
1413	7.0650	-21			
1414	7.0700	-22			
1415	7.0750	-23			
1416	7.0800	-24			
1417	7.0850	-25			
1418	7.0900	-26			
1419	7.0950	-27			
1420	7.1000	-28			
1421	7.1050	-28			
1422	7.1100	-29			
1423	7.1150	-30			
1424	7.1200	-31			
1425	7.1250	-32			
1426	7.1300	-32			
1427	7.1350	-33			
1428	7.1400	-34			
1429	7.1450	-34			
1430	7.1500	-34			
1431	7.1550	-35			
1432	7.1600	-36			
1433	7.1650	-36			
1434	7.1700	-36			
1435	7.1750	-37			
1436	7.1800	-37			
1437	7.1850	-38			
1438	7.1900	-38			
1439	7.1950	-38			
1440	7.2000	-38			
1441	7.2050	-38			
1442	7.2100	-38			
1443	7.2150	-39			
1444	7.2200	-39			
1445	7.2250	-39			
1446	7.2300	-39			
1447	7.2350	-38			
1448	7.2400	-38			
1449	7.2450	-38			
1450	7.2500	-38			
1451	7.2550	-38			
1452	7.2600	-38			
1453	7.2650	-38			
1454	7.2700	-37			
1455	7.2750	-37			
1456	7.2800	-36			
1457	7.2850	-36			
1458	7.2900	-36			
1459	7.2950	-35			
1460	7.3000	-34			
1461	7.3050	-34			
1462	7.3100	-33			
1463	7.3150	-32			
1464	7.3200	-32			
1465	7.3250	-31			
1466	7.3300	-30			
1467	7.3350	-30			
1468	7.3400	-29			
1469	7.3450	-28			
1470	7.3500	-27			
1471	7.3550	-26			
1472	7.3600	-26			
1473	7.3650	-25			
1474	7.3700	-24			
1475	7.3750	-23			
1476	7.3800	-22			
1477	7.3850	-21			
1478	7.3900	-20			
1479	7.3950	-19			
1480	7.4000	-18			
1481	7.4050	-16			
1482	7.4100	-16			
1483	7.4150	-14			
1484	7.4200	-14			
1485	7.4250	-12			
1486	7.4300	-11			
1487	7.4350	-10			
1488	7.4400	-9			
1489	7.4450	-8			
1490	7.4500	-7			
1491	7.4550	-6			
1492	7.4600	-4			
1493	7.4650	-3			
1494	7.4700	-2			
1495	7.4750	-1			
1496	7.4800	0			
1497	7.4850	2			
1498	7.4900	2			
1499	7.4950	4			
1500	7.5000	5			
1501	7.5050	6			
1502	7.5100	7			
1503	7.5150	8			
1504	7.5200	10			
1505	7.5250	10			
1506	7.5300	12			
1507	7.5350	13			
1508	7.5400	14			
1509	7.5450	15			
1510	7.5500	16			
1511	7.5550	17			
1512	7.5600	18			
1513	7.5650	19			
1514	7.5700	20			
1515	7.5750	21			
1516	7.5800	22			
1517	7.5850	23			
1518	7.5900	24			
1519	7.5950	24			
1520	7.6000	25			
1521	7.6050	26			
1522	7.6100	27			
1523	7.6150	28			
1524	7.6200	28			
1525	7.6250	29			
1526	7.6300	30			
1527	7.6350	30			
1528	7.6400	31			
1529	7.6450	32			
1530	7.6500	32			
1531	7.6550	32			
1532	7.6600	33			
1533	7.6650	34			
1534	7.6700	34			
1535	7.6750	34			
1536	7.6800	34			
1537	7.6850	35			
1538	7.6900	35			
1539	7.6950	36			
1540	7.7000	36			
1541	7.7050	36			
1542	7.7100	36			
1543	7.7150	36			
1544	7.7200	36			
1545	7.7250	36			
1546	7.7300	36			
1547	7.7350	36			
1548	7.7400	36			
1549	7.7450	36			
1550	7.7500	36			
1551	7.7550	36			
1552	7.7600	36			
1553	7.7650	35			
1554	7.7700	35			
1555	7.7750	34			
1556	7.7800	34			
1557	7.7850	34			
1558	7.7900	34			
1559	7.7950	33			
1560	7.8000	32			
1561	7.8050	32			
1562	7.8100	32			
1563	7.8150	31			
1564	7.8200	30			
1565	7.8250	30			
1566	7.8300	29			
1567	7.8350	28			
1568	7.8400	28			
1569	7.8450	27			
1570	7.8500	26			
1571	7.8550	25			
1572	7.8600	24			
1573	7.8650	24			
1574	7.8700	23			
1575	7.8750	22			
1576	7.8800	21			
1577	7.8850	20			
1578	7.8900	19			
1579	7.8950	18			
1580	7.9000	17			
1581	7.9050	16			
1582	7.9100	15			
1583	7.9150	14			
1584	7.9200	13			
1585	7.9250	12			
1586	7.9300	11			
1587	7.9350	10			
1588	7.9400	9			
1589	7.9450	8			
1590	7.9500	7			
1591	7.9550	6			
1592	7.9600	4			
1593	7.9650	4			
1594	7.9700	2			
1595	7.9750	1			
1596	7.9800	0			
1597	7.9850	-1			
1598	7.9900	-2			
1599	7.9950	-3			
1600	8.0000	-4			
1601	8.0050	-6			
1602	8.0100	-6			
1603	8.0150	-8			
1604	8.0200	-8			
1605	8.0250	-10			
1606	8.0300	-11			
1607	8.0350	-12			
1608	8.0400	-13			
1609	8.0450	-14			
1610	8.0500	-15			
1611	8.0550	-16			
1612	8.0600	-17			
1613	8.0650	-18			
1614	8.0700	-18			
1615	8.0750	-20			
1616	8.0800	-20			
1617	8.0850	-21			
1618	8.0900	-22			
1619	8.0950	-23			
1620	8.1000	-24			
1621	8.1050	-24			
1622	8.1100	-25			
1623	8.1150	-26			
1624	8.1200	-26			
1625	8.1250	-27			
1626	8.1300	-28			
1627	8.1350	-28			
1628	8.1400	-29			
1629	8.1450	-30			
1630	8.1500	-30			
1631	8.1550	-31			
1632	8.1600	-31			
1633	8.1650	-32			
1634	8.1700	-32			
1635	8.1750	-32			
1636	8.1800	-33			
1637	8.1850	-33			
1638	8.1900	-33			
1639	8.1950	-34			
1640	8.2000	-34			
1641	8.2050	-34			
1642	8.2100	-34			
1643	8.2150	-34			
1644	8.2200	-34			
1645	8.2250	-34			
1646	8.2300	-34			
1647	8.2350	-34			
1648	8.2400	-34			
1649	8.2450	-34			
1650	8.2500	-34			
1651	8.2550	-34			
1652	8.2600	-34			
1653	8.2650	-34			
1654	8.2700	-33			
1655	8.2750	-33			
1656	8.2800	-32			
1657	8.2850	-32			
1658	8.2900	-32			
1659	8.2950	-32			
1660	8.3000	-31			
1661	8.3050	-30			
1662	8.3100	-30			
1663	8.3150	-30			
1664	8.3200	-29			
1665	8.3250	-28			
1666	8.3300	-28			
1667	8.3350	-27			
1668	8.3400	-26			
1669	8.3450	-26			
1670	8.3500	-25			
1671	8.3550	-24			
1672	8.3600	-24			
1673	8.3650	-23			
1674	8.3700	-22			
1675	8.3750	-21			
1676	8.3800	-20			
1677	8.3850	-20			
1678	8.3900	-18			
1679	8.3950	-18			
1680	8.4000	-17			
1681	8.4050	-16			
1682	8.4100	-15			
1683	8.4150	-14			
1684	8.4200	-13			
1685	8.4250	-12			
1686	8.4300	-11			
1687	8.4350	-10			
1688	8.4400	-9			
1689	8.4450	-8			
1690	8.4500	-7			
1691	8.4550	-6			
1692	8.4600	-5			
1693	8.4650	-4			
1694	8.4700	-3			
1695	8.4750	-2			
1696	8.4800	-1			
1697	8.4850	0			
1698	8.4900	1			
1699	8.4950	2			
1700	8.5000	4			
1701	8.5050	4			
1702	8.5100	6			
1703	8.5150	6			
1704	8.5200	8			
1705	8.5250	8			
1706	8.5300	10			
1707	8.5350	10			
1708	8.5400	12			
1709	8.5450	12			
1710	8.5500	14			
1711	8.5550	14			
1712	8.5600	15			
1713	8.5650	16			
1714	8.5700	17			
1715	8.5750	18			
1716	8.5800	19			
1717	8.5850	20			
1718	8.5900	20			
1719	8.5950	21			
1720	8.6000	22			
1721	8.6050	23			
1722	8.6100	24			
1723	8.6150	24			
1724	8.6200	25			
1725	8.6250	26			
1726	8.6300	26			
1727	8.6350	26			
1728	8.6400	27			
1729	8.6450	28			
1730	8.6500	28			
1731	8.6550	29			
1732	8.6600	29			
1733	8.6650	30			
1734	8.6700	30			
1735	8.6750	30			
1736	8.6800	31			
1737	8.6850	31			
1738	8.6900	32			
1739	8.6950	32			
1740	8.7000	32			
1741	8.7050	32			
1742	8.7100	32			
1743	8.7150	32			
1744	8.7200	32			
1745	8.7250	32			
1746	8.7300	32			
1747	8.7350	32			
1748	8.7400	32			
1749	8.7450	32			
1750	8.7500	32			
1751	8.7550	32			
1752	8.7600	32			
1753	8.7650	32			
1754	8.7700	32			
1755	8.7750	31			
1756	8.7800	31			
1757	8.7850	31			
1758	8.7900	30			
1759	8.7950	30			
1760	8.8000	30			
1761	8.8050	29			
1762	8.8100	29			
1763	8.8150	28			
1764	8.8200	28			
1765	8.8250	27			
1766	8.8300	26			
1767	8.8350	26			
1768	8.8400	26			
1769	8.8450	25			
1770	8.8500	24			
1771	8.8550	24			
1772	8.8600	23			
1773	8.8650	22			
1774	8.8700	21			
1775	8.8750	20			
1776	8.8800	20			
1777	8.8850	19			
1778	8.8900	18			
1779	8.8950	17			
1780	8.9000	16			
1781	8.9050	16			
1782	8.9100	14			
1783	8.9150	14			
1784	8.9200	13			
1785	8.9250	12			
1786	8.9300	11			
1787	8.9350	10			
1788	8.9400	9			
1789	8.9450	8			
1790	8.9500	7			
1791	8.9550	6			
1792	8.9600	5			
1793	8.9650	4			
1794	8.9700	3			
1795	8.9750	2			
1796	8.9800	1			
1797	8.9850	0			
1798	8.9900	-1			
1799	8.9950	-2			
1800	9.0000	-3			
1801	9.0050	-4			
1802	9.0100	-5			
1803	9.0150	-6			
1804	9.0200	-7			
1805	9.0250	-8			
1806	9.0300	-8			
1807	9.0350	-10			
1808	9.0400	-10			
1809	9.0450	-12			
1810	9.0500	-12			
1811	9.0550	-13			
1812	9.0600	-14			
1813	9.0650	-15			
1814	9.0700	-16			
1815	9.0750	-16			
1816	9.0800	-17			
1817	9.0850	-18			
1818	9.0900	-19			
1819	9.0950	-20			
1820	9.1000	-20			
1821	9.1050	-21			
1822	9.1100	-22			
1823	9.1150	-22			
1824	9.1200	-23			
1825	9.1250	-24			
1826	9.1300	-24			
1827	9.1350	-25			
1828	9.1400	-26			
1829	9.1450	-26			
1830	9.1500	-26			
1831	9.1550	-27			
1832	9.1600	-28			
1833	9.1650	-28			
1834	9.1700	-28			
1835	9.1750	-29			
1836	9.1800	-29			
1837	9.1850	-29			
1838	9.1900	-30			
1839	9.1950	-30			
1840	9.2000	-30			
1841	9.2050	-30			
1842	9.2100	-30			
1843	9.2150	-30			
1844	9.2200	-30			
1845	9.2250	-31			
1846	9.2300	-31			
1847	9.2350	-31			
1848	9.2400	-31			
1849	9.2450	-31			
1850	9.2500	-30			
1851	9.2550	-30			
1852	9.2600	-30			
1853	9.2650	-30			
1854	9.2700	-30			
1855	9.2750	-30			
1856	9.2800	-30			
1857	9.2850	-29			
1858	9.2900	-29			
1859	9.2950	-28			
1860	9.3000	-28			
1861	9.3050	-28			
1862	9.3100	-28			
1863	9.3150	-27			
1864	9.3200	-26			
1865	9.3250	-26			
1866	9.3300	-26			
1867	9.3350	-25			
1868	9.3400	-24			
1869	9.3450	-24			
1870	9.3500	-23			
1871	9.3550	-22			
1872	9.3600	-22			
1873	9.3650	-21			
1874	9.3700	-20			
1875	9.3750	-20			
1876	9.3800	-19			
1877	9.3850	-18			
1878	9.3900	-18			
1879	9.3950	-17			
1880	9.4000	-16			
1881	9.4050	-15			
1882	9.4100	-14			
1883	9.4150	-14			
1884	9.4200	-12			
1885	9.4250	-12			
1886	9.4300	-11			
1887	9.4350	-10			
1888	9.4400	-9			
1889	9.4450	-8			
1890	9.4500	-7			
1891	9.4550	-6			
1892	9.4600	-5			
1893	9.4650	-4			
1894	9.4700	-4			
1895	9.4750	-2			
1896	9.4800	-2			
1897	9.4850	-1			
1898	9.4900	0			
1899	9.4950	1			
1900	9.5000	2			
1901	9.5050	3			
1902	9.5100	4			
1903	9.5150	5			
1904	9.5200	6			
1905	9.5250	7			
1906	9.5300	8			
1907	9.5350	8			
1908	9.5400	10			
1909	9.5450	10			
1910	9.5500	11			
1911	9.5550	12			
1912	9.5600	13			
1913	9.5650	14			
1914	9.5700	14			
1915	9.5750	15			
1916	9.5800	16			
1917	9.5850	17			
1918	9.5900	18			
1919	9.5950	18			
1920	9.6000	19			
1921	9.6050	20			
1922	9.6100	20			
1923	9.6150	21			
1924	9.6200	22			
1925	9.6250	22			
1926	9.6300	23			
1927	9.6350	24			
1928	9.6400	24			
1929	9.6450	24			
1930	9.6500	25			
1931	9.6550	26			
1932	9.6600	26			
1933	9.6650	26			
1934	9.6700	27			
1935	9.6750	27			
1936	9.6800	27			
1937	9.6850	28			
1938	9.6900	28			
1939	9.6950	28			
1940	9.7000	28			
1941	9.7050	28			
1942	9.7100	29			
1943	9.7150	29			
1944	9.7200	29			
1945	9.7250	29			
1946	9.7300	29			
1947	9.7350	29			
1948	9.7400	29			
1949	9.7450	29			
1950	9.7500	29			
1951	9.7550	29			
1952	9.7600	29			
1953	9.7650	29			
1954	9.7700	28			
1955	9.7750	28			
1956	9.7800	28			
1957	9.7850	28			
1958	9.7900	28			
1959	9.7950	27			
1960	9.8000	27			
1961	9.8050	26			
1962	9.8100	26			
1963	9.8150	26			
1964	9.8200	25			
1965	9.8250	25			
1966	9.8300	24			
1967	9.8350	24			
1968	9.8400	23			
1969	9.8450	23			
1970	9.8500	22			
1971	9.8550	22			
1972	9.8600	21			
1973	9.8650	20			
1974	9.8700	20			
1975	9.8750	19			
1976	9.8800	18			
1977	9.8850	18			
1978	9.8900	17			
1979	9.8950	16			
1980	9.9000	16			
1981	9.9050	15			
1982	9.9100	14			
1983	9.9150	13			
1984	9.9200	12			
1985	9.9250	12			
1986	9.9300	10			
1987	9.9350	10			
1988	9.9400	9			
1989	9.9450	8			
1990	9.9500	7			
1991	9.9550	6			
1992	9.9600	6			
1993	9.9650	5			
1994	9.9700	4			
1995	9.9750	3			
1996	9.9800	2			
1997	9.9850	1			
1998	9.9900	0			
1999	9.9950	-1			
2000	10.0000	-2			
2001	10.0050	-2			
2002	10.0100	-4			
2003	10.0150	-4			
2004	10.0200	-5			
2005	10.0250	-6			
2006	10.0300	-7			
2007	10.0350	-8			
2008	10.0400	-8			
2009	10.0450	-9			
2010	10.0500	-10			
2011	10.0550	-11			
2012	10.0600	-12			
2013	10.0650	-12			
2014	10.0700	-13			
2015	10.0750	-14			
2016	10.0800	-15			
2017	10.0850	-16			
2018	10.0900	-16			
2019	10.0950	-17			
2020	10.1000	-18			
2021	10.1050	-18			
2022	10.1100	-19			
2023	10.1150	-20			
2024	10.1200	-20			
2025	10.1250	-21			
2026	10.1300	-21			
2027	10.1350	-22			
2028	10.1400	-22			
2029	10.1450	-23			
2030	10.1500	-23			
2031	10.1550	-24			
2032	10.1600	-24			
2033	10.1650	-24			
2034	10.1700	-25			
2035	10.1750	-25			
2036	10.1800	-26			
2037	10.1850	-26			
2038	10.1900	-26			
2039	10.1950	-26			
2040	10.2000	-27			
2041	10.2050	-27			
2042	10.2100	-27			
2043	10.2150	-27			
2044	10.2200	-27			
2045	10.2250	-28			
2046	10.2300	-28			
2047	10.2350	-28			
2048	10.2400	-28			
2049	10.2450	-28			
2050	10.2500	-28			
2051	10.2550	-28			
2052	10.2600	-27			
2053	10.2650	-27			
2054	10.2700	-27			
2055	10.2750	-27			
2056	10.2800	-27			
2057	10.2850	-26			
2058	10.2900	-26			
2059	10.2950	-26			
2060	10.3000	-26			
2061	10.3050	-25			
2062	10.3100	-25			
2063	10.3150	-24			
2064	10.3200	-24			
2065	10.3250	-24			
2066	10.3300	-23			
2067	10.3350	-23			
2068	10.3400	-22			
2069	10.3450	-22			
2070	10.3500	-21			
2071	10.3550	-21			
2072	10.3600	-20			
2073	10.3650	-20			
2074	10.3700	-19			
2075	10.3750	-18			
2076	10.3800	-18			
2077	10.3850	-17			
2078	10.3900	-16			
2079	10.3950	-16			
2080	10.4000	-15			
2081	10.4050	-14			
2082	10.4100	-14			
2083	10.4150	-13			
2084	10.4200	-12			
2085	10.4250	-11			
2086	10.4300	-10			
2087	10.4350	-10			
2088	10.4400	-9			
2089	10.4450	-8			
2090	10.4500	-7			
2091	10.4550	-6			
2092	10.4600	-6			
2093	10.4650	-5			
2094	10.4700	-4			
2095	10.4750	-3			
2096	10.4800	-2			
2097	10.4850	-2			
2098	10.4900	-1			
2099	10.4950	0			
2100	10.5000	1			
2101	10.5050	2			
2102	10.5100	3			
2103	10.5150	4			
2104	10.5200	4			
2105	10.5250	5			
2106	10.5300	6			
2107	10.5350	7			
2108	10.5400	8			
2109	10.5450	8			
2110	10.5500	9			
2111	10.5550	10			
2112	10.5600	11			
2113	10.5650	12			
2114	10.5700	12			
2115	10.5750	13			
2116	10.5800	14			
2117	10.5850	14			
2118	10.5900	15			
2119	10.5950	16			
2120	10.6000	16			
2121	10.6050	17			
2122	10.6100	18			
2123	10.6150	18			
2124	10.6200	19			
2125	10.6250	20			
2126	10.6300	20			
2127	10.6350	20			
2128	10.6400	21			
2129	10.6450	22			
2130	10.6500	22			
2131	10.6550	22			
2132	10.6600	23			
2133	10.6650	23			
2134	10.6700	24			
2135	10.6750	24			
2136	10.6800	24			
2137	10.6850	24			
2138	10.6900	25			
2139	10.6950	25			
2140	10.7000	25			
2141	10.7050	26			
2142	10.7100	26			
2143	10.7150	26			
2144	10.7200	26			
2145	10.7250	26			
2146	10.7300	26			
2147	10.7350	26			
2148	10.7400	26			
2149	10.7450	26			
2150	10.7500	26			
2151	10.7550	26			
2152	10.7600	26			
2153	10.7650	26			
2154	10.7700	26			
2155	10.7750	26			
2156	10.7800	25			
2157	10.7850	25			
2158	10.7900	25			
2159	10.7950	25			
2160	10.8000	24			
2161	10.8050	24			
2162	10.8100	24			
2163	10.8150	24			
2164	10.8200	23			
2165	10.8250	23			
2166	10.8300	22			
2167	10.8350	22			
2168	10.8400	22			
2169	10.8450	21			
2170	10.8500	20			
2171	10.8550	20			
2172	10.8600	20			
2173	10.8650	19			
2174	10.8700	18			
2175	10.8750	18			
2176	10.8800	17			
2177	10.8850	16			
2178	10.8900	16			
2179	10.8950	15			
2180	10.9000	14			
2181	10.9050	14			
2182	10.9100	13			
2183	10.9150	12			
2184	10.9200	12			
2185	10.9250	11			
2186	10.9300	10			
2187	10.9350	10			
2188	10.9400	9			
2189	10.9450	8			
2190	10.9500	7			
2191	10.9550	6			
2192	10.9600	6			
2193	10.9650	5			
2194	10.9700	4			
2195	10.9750	3			
2196	10.9800	2			
2197	10.9850	2			
2198	10.9900	1			
2199	10.9950	0			
2200	11.0000	0			
2201	11.0050	-2			
2202	11.0100	-2			
2203	11.0150	-3			
2204	11.0200	-4			
2205	11.0250	-4			
2206	11.0300	-5			
2207	11.0350	-6			
2208	11.0400	-7			
2209	11.0450	-8			
2210	11.0500	-8			
2211	11.0550	-9			
2212	11.0600	-10			
2213	11.0650	-10			
2214	11.0700	-11			
2215	11.0750	-12			
2216	11.0800	-12			
2217	11.0850	-13			
2218	11.0900	-14			
2219	11.0950	-14			
2220	11.1000	-15			
2221	11.1050	-16			
2222	11.1100	-16			
2223	11.1150	-17			
2224	11.1200	-18			
2225	11.1250	-18			
2226	11.1300	-18			
2227	11.1350	-19			
2228	11.1400	-20			
2229	11.1450	-20			
2230	11.1500	-20			
2231	11.1550	-21			
2232	11.1600	-21			
2233	11.1650	-22			
2234	11.1700	-22			
2235	11.1750	-22			
2236	11.1800	-22			
2237	11.1850	-23			
2238	11.1900	-23			
2239	11.1950	-24			
2240	11.2000	-24			
2241	11.2050	-24			
2242	11.2100	-24			
2243	11.2150	-24			
2244	11.2200	-24			
2245	11.2250	-24			
2246	11.2300	-24			
2247	11.2350	-24			
2248	11.2400	-24			
2249	11.2450	-25			
2250	11.2500	-25			
2251	11.2550	-24			
2252	11.2600	-24			
2253	11.2650	-24			
2254	11.2700	-24			
2255	11.2750	-24			
2256	11.2800	-24			
2257	11.2850	-24			
2258	11.2900	-24			
2259	11.2950	-24			
2260	11.3000	-23			
2261	11.3050	-23			
2262	11.3100	-22			
2263	11.3150	-22			
2264	11.3200	-22			
2265	11.3250	-22			
2266	11.3300	-21			
2267	11.3350	-21			
2268	11.3400	-20			
2269	11.3450	-20			
2270	11.3500	-20			
2271	11.3550	-19			
2272	11.3600	-18			
2273	11.3650	-18			
2274	11.3700	-18			
2275	11.3750	-17			
2276	11.3800	-16			
2277	11.3850	-16			
2278	11.3900	-15			
2279	11.3950	-14			
2280	11.4000	-14			
2281	11.4050	-13			
2282	11.4100	-13			
2283	11.4150	-12			
2284	11.4200	-11			
2285	11.4250	-10			
2286	11.4300	-10			
2287	11.4350	-9			
2288	11.4400	-8			
2289	11.4450	-8			
2290	11.4500	-7			
2291	11.4550	-6			
2292	11.4600	-6			
2293	11.4650	-5			
2294	11.4700	-4			
2295	11.4750	-4			
2296	11.4800	-3			
2297	11.4850	-2			
2298	11.4900	-1			
2299	11.4950	0			
2300	11.5000	0			
2301	11.5050	1			
2302	11.5100	2			
2303	11.5150	2			
2304	11.5200	3			
2305	11.5250	4			
2306	11.5300	5			
2307	11.5350	6			
2308	11.5400	6			
2309	11.5450	7			
2310	11.5500	8			
2311	11.5550	8			
2312	11.5600	9			
2313	11.5650	10			
2314	11.5700	10			
2315	11.5750	11			
2316	11.5800	12			
2317	11.5850	12			
2318	11.5900	13			
2319	11.5950	14			
2320	11.6000	14			
2321	11.6050	15			
2322	11.6100	15			
2323	11.6150	16			
2324	11.6200	16			
2325	11.6250	17			
2326	11.6300	18			
2327	11.6350	18			
2328	11.6400	18			
2329	11.6450	19			
2330	11.6500	19			
2331	11.6550	20			
2332	11.6600	20			
2333	11.6650	20			
2334	11.6700	21			
2335	11.6750	21			
2336	11.6800	22			
2337	11.6850	22			
2338	11.6900	22			
2339	11.6950	22			
2340	11.7000	22			
2341	11.7050	23			
2342	11.7100	23			
2343	11.7150	23			
2344	11.7200	23			
2345	11.7250	23			
2346	11.7300	23			
2347	11.7350	24			
2348	11.7400	24			
2349	11.7450	24			
2350	11.7500	24			
2351	11.7550	24			
2352	11.7600	24			
2353	11.7650	23			
2354	11.7700	23			
2355	11.7750	23			
2356	11.7800	23			
2357	11.7850	23			
2358	11.7900	22			
2359	11.7950	22			
2360	11.8000	22			
2361	11.8050	22			
2362	11.8100	22			
2363	11.8150	22			
2364	11.8200	21			
2365	11.8250	21			
2366	11.8300	20			
2367	11.8350	20			
2368	11.8400	20			
2369	11.8450	19			
2370	11.8500	19			
2371	11.8550	18			
2372	11.8600	18			
2373	11.8650	18			
2374	11.8700	17			
2375	11.8750	16			
2376	11.8800	16			
2377	11.8850	15			
2378	11.8900	15			
2379	11.8950	14			
2380	11.9000	14			
2381	11.9050	13			
2382	11.9100	12			
2383	11.9150	12			
2384	11.9200	11			
2385	11.9250	10			
2386	11.9300	10			
2387	11.9350	9			
2388	11.9400	8			
2389	11.9450	8			
2390	11.9500	7			
2391	11.9550	6			
2392	11.9600	6			
2393	11.9650	5			
2394	11.9700	4			
2395	11.9750	4			
2396	11.9800	3			
2397	11.9850	2			
2398	11.9900	2			
2399	11.9950	1			
2400	12.0000	0			
2401	12.0050	0			
2402	12.0100	-1			
2403	12.0150	-2			
2404	12.0200	-3			
2405	12.0250	-4			
2406	12.0300	-4			
2407	12.0350	-5			
2408	12.0400	-6			
2409	12.0450	-6			
2410	12.0500	-7			
2411	12.0550	-8			
2412	12.0600	-8			
2413	12.0650	-9			
2414	12.0700	-10			
2415	12.0750	-10			
2416	12.0800	-11			
2417	12.0850	-11			
2418	12.0900	-12			
2419	12.0950	-12			
2420	12.1000	-13			
2421	12.1050	-14			
2422	12.1100	-14			
2423	12.1150	-15			
2424	12.1200	-15			
2425	12.1250	-16			
2426	12.1300	-16			
2427	12.1350	-17			
2428	12.1400	-17			
2429	12.1450	-18			
2430	12.1500	-18			
2431	12.1550	-18			
2432	12.1600	-19			
2433	12.1650	-19			
2434	12.1700	-20			
2435	12.1750	-20			
2436	12.1800	-20			
2437	12.1850	-20			
2438	12.1900	-20			
2439	12.1950	-21			
2440	12.2000	-21			
2441	12.2050	-21			
2442	12.2100	-22			
2443	12.2150	-22			
2444	12.2200	-22			
2445	12.2250	-22			
2446	12.2300	-22			
2447	12.2350	-22			
2448	12.2400	-22			
2449	12.2450	-22			
2450	12.2500	-22			
2451	12.2550	-22			
2452	12.2600	-22			
2453	12.2650	-22			
2454	12.2700	-22			
2455	12.2750	-22			
2456	12.2800	-22			
2457	12.2850	-22			
2458	12.2900	-22			
2459	12.2950	-21			
2460	12.3000	-21			
2461	12.3050	-21			
2462	12.3100	-20			
2463	12.3150	-20			
2464	12.3200	-20			
2465	12.3250	-20			
2466	12.3300	-20			
2467	12.3350	-19			
2468	12.3400	-19			
2469	12.3450	-18			
2470	12.3500	-18			
2471	12.3550	-18			
2472	12.3600	-17			
2473	12.3650	-17			
2474	12.3700	-16			
2475	12.3750	-16			
2476	12.3800	-15			
2477	12.3850	-15			
2478	12.3900	-14			
2479	12.3950	-14			
2480	12.4000	-13			
2481	12.4050	-12			
2482	12.4100	-12			
2483	12.4150	-12			
2484	12.4200	-11			
2485	12.4250	-10			
2486	12.4300	-10			
2487	12.4350	-9			
2488	12.4400	-8			
2489	12.4450	-8			
2490	12.4500	-7			
2491	12.4550	-6			
2492	12.4600	-6			
2493	12.4650	-5			
2494	12.4700	-4			
2495	12.4750	-4			
2496	12.4800	-3			
2497	12.4850	-3			
2498	12.4900	-2			
2499	12.4950	-1			
2500	12.5000	-1			
2501	12.5050	0			
2502	12.5100	1			
2503	12.5150	2			
2504	12.5200	2			
2505	12.5250	3			
2506	12.5300	4			
2507	12.5350	4			
2508	12.5400	5			
2509	12.5450	6			
2510	12.5500	6			
2511	12.5550	7			
2512	12.5600	7			
2513	12.5650	8			
2514	12.5700	8			
2515	12.5750	9			
2516	12.5800	10			
2517	12.5850	10			
2518	12.5900	11			
2519	12.5950	12			
2520	12.6000	12			
2521	12.6050	12			
2522	12.6100	13			
2523	12.6150	14			
2524	12.6200	14			
2525	12.6250	14			
2526	12.6300	15			
2527	12.6350	16			
2528	12.6400	16			
2529	12.6450	16			
2530	12.6500	17			
2531	12.6550	17			
2532	12.6600	18			
2533	12.6650	18			
2534	12.6700	18			
2535	12.6750	18			
2536	12.6800	19			
2537	12.6850	19			
2538	12.6900	19			
2539	12.6950	20			
2540	12.7000	20			
2541	12.7050	20			
2542	12.7100	20			
2543	12.7150	20			
2544	12.7200	20			
2545	12.7250	20			
2546	12.7300	20			
2547	12.7350	21			
2548	12.7400	21			
2549	12.7450	21			
2550	12.7500	21			
2551	12.7550	21			
2552	12.7600	21			
2553	12.7650	21			
2554	12.7700	21			
2555	12.7750	21			
2556	12.7800	20			
2557	12.7850	20			
2558	12.7900	20			
2559	12.7950	20			
2560	12.8000	20			
2561	12.8050	20			
2562	12.8100	20			
2563	12.8150	19			
2564	12.8200	19			
2565	12.8250	19			
2566	12.8300	18			
2567	12.8350	18			
2568	12.8400	18			
2569	12.8450	18			
2570	12.8500	17			
2571	12.8550	17			
2572	12.8600	16			
2573	12.8650	16			
2574	12.8700	16			
2575	12.8750	15			
2576	12.8800	15			
2577	12.8850	14			
2578	12.8900	14			
2579	12.8950	13			
2580	12.9000	13			
2581	12.9050	12			
2582	12.9100	12			
2583	12.9150	11			
2584	12.9200	10			
2585	12.9250	10			
2586	12.9300	10			
2587	12.9350	9			
2588	12.9400	8			
2589	12.9450	8			
2590	12.9500	7			
2591	12.9550	6			
2592	12.9600	6			
2593	12.9650	5			
2594	12.9700	4			
2595	12.9750	4			
2596	12.9800	3			
2597	12.9850	3			
2598	12.9900	2			
2599	12.9950	2			
2600	13.0000	1			
2601	13.0050	0			
2602	13.0100	0			
2603	13.0150	-1			
2604	13.0200	-2			
2605	13.0250	-2			
2606	13.0300	-3			
2607	13.0350	-4			
2608	13.0400	-4			
2609	13.0450	-5			
2610	13.0500	-6			
2611	13.0550	-6			
2612	13.0600	-6			
2613	13.0650	-7			
2614	13.0700	-8			
2615	13.0750	-8			
2616	13.0800	-9			
2617	13.0850	-10			
2618	13.0900	-10			
2619	13.0950	-10			
2620	13.1000	-11			
2621	13.1050	-12			
2622	13.1100	-12			
2623	13.1150	-13			
2624	13.1200	-13			
2625	13.1250	-14			
2626	13.1300	-14			
2627	13.1350	-14			
2628	13.1400	-15			
2629	13.1450	-15			
2630	13.1500	-16			
2631	13.1550	-16			
2632	13.1600	-16			
2633	13.1650	-17			
2634	13.1700	-17			
2635	13.1750	-17			
2636	13.1800	-18			
2637	13.1850	-18			
2638	13.1900	-18			
2639	13.1950	-18			
2640	13.2000	-18			
2641	13.2050	-19			
2642	13.2100	-19			
2643	13.2150	-19			
2644	13.2200	-19			
2645	13.2250	-20			
2646	13.2300	-20			
2647	13.2350	-20			
2648	13.2400	-20			
2649	13.2450	-20			
2650	13.2500	-20			
2651	13.2550	-20			
2652	13.2600	-20			
2653	13.2650	-20			
2654	13.2700	-20			
2655	13.2750	-20			
2656	13.2800	-20			
2657	13.2850	-20			
2658	13.2900	-19			
2659	13.2950	-19			
2660	13.3000	-19			
2661	13.3050	-19			
2662	13.3100	-18			
2663	13.3150	-18			
2664	13.3200	-18			
2665	13.3250	-18			
2666	13.3300	-18			
2667	13.3350	-17			
2668	13.3400	-17			
2669	13.3450	-17			
2670	13.3500	-16			
2671	13.3550	-16			
2672	13.3600	-16			
2673	13.3650	-15			
2674	13.3700	-15			
2675	13.3750	-14			
2676	13.3800	-14			
2677	13.3850	-14			
2678	13.3900	-13			
2679	13.3950	-13			
2680	13.4000	-12			
2681	13.4050	-12			
2682	13.4100	-11			
2683	13.4150	-11			
2684	13.4200	-10			
2685	13.4250	-10			
2686	13.4300	-9			
2687	13.4350	-9			
2688	13.4400	-8			
2689	13.4450	-8			
2690	13.4500	-7			
2691	13.4550	-6			
2692	13.4600	-6			
2693	13.4650	-5			
2694	13.4700	-5			
2695	13.4750	-4			
2696	13.4800	-4			
2697	13.4850	-3			
2698	13.4900	-2			
2699	13.4950	-2			
2700	13.5000	-1			
2701	13.5050	0			
2702	13.5100	0			
2703	13.5150	1			
2704	13.5200	1			
2705	13.5250	2			
2706	13.5300	2			
2707	13.5350	3			
2708	13.5400	4			
2709	13.5450	4			
2710	13.5500	5			
2711	13.5550	5			
2712	13.5600	6			
2713	13.5650	6			
2714	13.5700	7			
2715	13.5750	8			
2716	13.5800	8			
2717	13.5850	8			
2718	13.5900	9			
2719	13.5950	10			
2720	13.6000	10			
2721	13.6050	11			
2722	13.6100	11			
2723	13.6150	12			
2724	13.6200	12			
2725	13.6250	12			
2726	13.6300	13			
2727	13.6350	13			
2728	13.6400	14			
2729	13.6450	14			
2730	13.6500	14			
2731	13.6550	15			
2732	13.6600	15			
2733	13.6650	16			
2734	13.6700	16			
2735	13.6750	16			
2736	13.6800	16			
2737	13.6850	17			
2738	13.6900	17			
2739	13.6950	17			
2740	13.7000	18			
2741	13.7050	18			
2742	13.7100	18			
2743	13.7150	18			
2744	13.7200	18			
2745	13.7250	18			
2746	13.7300	18			
2747	13.7350	18			
2748	13.7400	18			
2749	13.7450	18			
2750	13.7500	18			
2751	13.7550	19			
2752	13.7600	19			
2753	13.7650	19			
2754	13.7700	19			
2755	13.7750	18			
2756	13.7800	18			
2757	13.7850	18			
2758	13.7900	18			
2759	13.7950	18			
2760	13.8000	18			
2761	13.8050	18			
2762	13.8100	18			
2763	13.8150	18			
2764	13.8200	17			
2765	13.8250	17			
2766	13.8300	17			
2767	13.8350	16			
2768	13.8400	16			
2769	13.8450	16			
2770	13.8500	16			
2771	13.8550	15			
2772	13.8600	15			
2773	13.8650	15			
2774	13.8700	14			
2775	13.8750	14			
2776	13.8800	14			
2777	13.8850	13			
2778	13.8900	13			
2779	13.8950	12			
2780	13.9000	12			
2781	13.9050	12			
2782	13.9100	11			
2783	13.9150	10			
2784	13.9200	10			
2785	13.9250	10			
2786	13.9300	9			
2787	13.9350	8			
2788	13.9400	8			
2789	13.9450	8			
2790	13.9500	7			
2791	13.9550	6			
2792	13.9600	6			
2793	13.9650	5			
2794	13.9700	5			
2795	13.9750	4			
2796	13.9800	4			
2797	13.9850	3			
2798	13.9900	2			
2799	13.9950	2			
2800	14.0000	1			
2801	14.0050	1			
2802	14.0100	0			
2803	14.0150	0			
2804	14.0200	-1			
2805	14.0250	-2			
2806	14.0300	-2			
2807	14.0350	-3			
2808	14.0400	-3			
2809	14.0450	-4			
2810	14.0500	-4			
2811	14.0550	-5			
2812	14.0600	-5			
2813	14.0650	-6			
2814	14.0700	-6			
2815	14.0750	-7			
2816	14.0800	-8			
2817	14.0850	-8			
2818	14.0900	-8			
2819	14.0950	-9			
2820	14.1000	-10			
2821	14.1050	-10			
2822	14.1100	-10			
2823	14.1150	-11			
2824	14.1200	-11			
2825	14.1250	-12			
2826	14.1300	-12			
2827	14.1350	-12			
2828	14.1400	-13			
2829	14.1450	-13			
2830	14.1500	-14			
2831	14.1550	-14			
2832	14.1600	-14			
2833	14.1650	-15			
2834	14.1700	-15			
2835	14.1750	-15			
2836	14.1800	-16			
2837	14.1850	-16			
2838	14.1900	-16			
2839	14.1950	-16			
2840	14.2000	-16			
2841	14.2050	-17			
2842	14.2100	-17			
2843	14.2150	-17			
2844	14.2200	-17			
2845	14.2250	-17			
2846	14.2300	-18			
2847	14.2350	-18			
2848	14.2400	-18			
2849	14.2450	-18			
2850	14.2500	-18			
2851	14.2550	-18			
2852	14.2600	-18			
2853	14.2650	-18			
2854	14.2700	-18			
2855	14.2750	-18			
2856	14.2800	-18			
2857	14.2850	-18			
2858	14.2900	-18			
2859	14.2950	-17			
2860	14.3000	-17			
2861	14.3050	-17			
2862	14.3100	-17			
2863	14.3150	-17			
2864	14.3200	-16			
2865	14.3250	-16			
2866	14.3300	-16			
2867	14.3350	-16			
2868	14.3400	-16			
2869	14.3450	-15			
2870	14.3500	-15			
2871	14.3550	-15			
2872	14.3600	-14			
2873	14.3650	-14			
2874	14.3700	-14			
2875	14.3750	-14			
2876	14.3800	-13			
2877	14.3850	-13			
2878	14.3900	-12			
2879	14.3950	-12			
2880	14.4000	-12			
2881	14.4050	-11			
2882	14.4100	-11			
2883	14.4150	-10			
2884	14.4200	-10			
2885	14.4250	-9			
2886	14.4300	-9			
2887	14.4350	-8			
2888	14.4400	-8			
2889	14.4450	-8			
2890	14.4500	-7			
2891	14.4550	-6			
2892	14.4600	-6			
2893	14.4650	-6			
2894	14.4700	-5			
2895	14.4750	-4			
2896	14.4800	-4			
2897	14.4850	-3			
2898	14.4900	-3			
2899	14.4950	-2			
2900	14.5000	-2			
2901	14.5050	-1			
2902	14.5100	0			
2903	14.5150	0			
2904	14.5200	0			
2905	14.5250	1			
2906	14.5300	2			
2907	14.5350	2			
2908	14.5400	2			
2909	14.5450	3			
2910	14.5500	4			
2911	14.5550	4			
2912	14.5600	5			
2913	14.5650	5			
2914	14.5700	6			
2915	14.5750	6			
2916	14.5800	7			
2917	14.5850	7			
2918	14.5900	8			
2919	14.5950	8			
2920	14.6000	8			
2921	14.6050	9			
2922	14.6100	10			
2923	14.6150	10			
2924	14.6200	10			
2925	14.6250	11			
2926	14.6300	11			
2927	14.6350	12			
2928	14.6400	12			
2929	14.6450	12			
2930	14.6500	12			
2931	14.6550	13			
2932	14.6600	13			
2933	14.6650	14			
2934	14.6700	14			
2935	14.6750	14			
2936	14.6800	14			
2937	14.6850	15			
2938	14.6900	15			
2939	14.6950	15			
2940	14.7000	15			
2941	14.7050	16			
2942	14.7100	16			
2943	14.7150	16			
2944	14.7200	16			
2945	14.7250	16			
2946	14.7300	16			
2947	14.7350	16			
2948	14.7400	16			
2949	14.7450	16			
2950	14.7500	16			
2951	14.7550	17			
2952	14.7600	17			
2953	14.7650	17			
2954	14.7700	17			
2955	14.7750	17			
2956	14.7800	16			
2957	14.7850	16			
2958	14.7900	16			
2959	14.7950	16			
2960	14.8000	16			
2961	14.8050	16			
2962	14.8100	16			
2963	14.8150	16			
2964	14.8200	16			
2965	14.8250	16			
2966	14.8300	15			
2967	14.8350	15			
2968	14.8400	15			
2969	14.8450	14			
2970	14.8500	14			
2971	14.8550	14			
2972	14.8600	14			
2973	14.8650	14			
2974	14.8700	13			
2975	14.8750	13			
2976	14.8800	12			
2977	14.8850	12			
2978	14.8900	12			
2979	14.8950	12			
2980	14.9000	11			
2981	14.9050	11			
2982	14.9100	10			
2983	14.9150	10			
2984	14.9200	10			
2985	14.9250	9			
2986	14.9300	8			
2987	14.9350	8			
2988	14.9400	8			
2989	14.9450	7			
2990	14.9500	7			
2991	14.9550	6			
2992	14.9600	6			
2993	14.9650	5			
2994	14.9700	5			
2995	14.9750	4			
2996	14.9800	4			
2997	14.9850	3			
2998	14.9900	3			
2999	14.9950	2			
3000	15.0000	2			
3001	15.0050	1			
3002	15.0100	1			
3003	15.0150	0			
3004	15.0200	0			
3005	15.0250	-1			
3006	15.0300	-1			
3007	15.0350	-2			
3008	15.0400	-2			
3009	15.0450	-3			
3010	15.0500	-3			
3011	15.0550	-4			
3012	15.0600	-4			
3013	15.0650	-5			
3014	15.0700	-5			
3015	15.0750	-6			
3016	15.0800	-6			
3017	15.0850	-6			
3018	15.0900	-7			
3019	15.0950	-8			
3020	15.1000	-8			
3021	15.1050	-8			
3022	15.1100	-9			
3023	15.1150	-9			
3024	15.1200	-10			
3025	15.1250	-10			
3026	15.1300	-10			
3027	15.1350	-11			
3028	15.1400	-11			
3029	15.1450	-12			
3030	15.1500	-12			
3031	15.1550	-12			
3032	15.1600	-12			
3033	15.1650	-13			
3034	15.1700	-13			
3035	15.1750	-13			
3036	15.1800	-14			
3037	15.1850	-14			
3038	15.1900	-14			
3039	15.1950	-14			
3040	15.2000	-14			
3041	15.2050	-15			
3042	15.2100	-15			
3043	15.2150	-15			
3044	15.2200	-15			
3045	15.2250	-15			
3046	15.2300	-16			
3047	15.2350	-16			
3048	15.2400	-16			
3049	15.2450	-16			
3050	15.2500	-16			
3051	15.2550	-16			
3052	15.2600	-16			
3053	15.2650	-16			
3054	15.2700	-16			
3055	15.2750	-16			
3056	15.2800	-16			
3057	15.2850	-16			
3058	15.2900	-16			
3059	15.2950	-16			
3060	15.3000	-16			
3061	15.3050	-16			
3062	15.3100	-15			
3063	15.3150	-15			
3064	15.3200	-15			
3065	15.3250	-15			
3066	15.3300	-15			
3067	15.3350	-14			
3068	15.3400	-14			
3069	15.3450	-14			
3070	15.3500	-14			
3071	15.3550	-14			
3072	15.3600	-13			
3073	15.3650	-13			
3074	15.3700	-13			
3075	15.3750	-12			
3076	15.3800	-12			
3077	15.3850	-12			
3078	15.3900	-12			
3079	15.3950	-11			
3080	15.4000	-11			
3081	15.4050	-10			
3082	15.4100	-10			
3083	15.4150	-10			
3084	15.4200	-9			
3085	15.4250	-9			
3086	15.4300	-8			
3087	15.4350	-8			
3088	15.4400	-8			
3089	15.4450	-7			
3090	15.4500	-7			
3091	15.4550	-6			
3092	15.4600	-6			
3093	15.4650	-6			
3094	15.4700	-5			
3095	15.4750	-4			
3096	15.4800	-4			
3097	15.4850	-4			
3098	15.4900	-3			
3099	15.4950	-3			
3100	15.5000	-2			
3101	15.5050	-2			
3102	15.5100	-1			
3103	15.5150	-1			
3104	15.5200	0			
3105	15.5250	0			
3106	15.5300	1			
3107	15.5350	1			
3108	15.5400	2			
3109	15.5450	2			
3110	15.5500	2			
3111	15.5550	3			
3112	15.5600	4			
3113	15.5650	4			
3114	15.5700	4			
3115	15.5750	5			
3116	15.5800	5			
3117	15.5850	6			
3118	15.5900	6			
3119	15.5950	6			
3120	15.6000	7			
3121	15.6050	8			
3122	15.6100	8			
3123	15.6150	8			
3124	15.6200	9			
3125	15.6250	9			
3126	15.6300	10			
3127	15.6350	10			
3128	15.6400	10			
3129	15.6450	10			
3130	15.6500	11			
3131	15.6550	11			
3132	15.6600	12			
3133	15.6650	12			
3134	15.6700	12			
3135	15.6750	12			
3136	15.6800	12			
3137	15.6850	13			
3138	15.6900	13			
3139	15.6950	13			
3140	15.7000	14			
3141	15.7050	14			
3142	15.7100	14			
3143	15.7150	14			
3144	15.7200	14			
3145	15.7250	14			
3146	15.7300	14			
3147	15.7350	14			
3148	15.7400	14			
3149	15.7450	15			
3150	15.7500	15			
3151	15.7550	15			
3152	15.7600	15			
3153	15.7650	15			
3154	15.7700	15			
3155	15.7750	15			
3156	15.7800	15			
3157	15.7850	15			
3158	15.7900	15			
3159	15.7950	15			
3160	15.8000	14			
3161	15.8050	14			
3162	15.8100	14			
3163	15.8150	14			
3164	15.8200	14			
3165	15.8250	14			
3166	15.8300	14			
3167	15.8350	14			
3168	15.8400	14			
3169	15.8450	13			
3170	15.8500	13			
3171	15.8550	13			
3172	15.8600	13			
3173	15.8650	12			
3174	15.8700	12			
3175	15.8750	12			
3176	15.8800	12			
3177	15.8850	11			
3178	15.8900	11			
3179	15.8950	11			
3180	15.9000	10			
3181	15.9050	10			
3182	15.9100	10			
3183	15.9150	9			
3184	15.9200	9			
3185	15.9250	8			
3186	15.9300	8			
3187	15.9350	8			
3188	15.9400	8			
3189	15.9450	7			
3190	15.9500	6			
3191	15.9550	6			
3192	15.9600	6			
3193	15.9650	5			
3194	15.9700	5			
3195	15.9750	4			
3196	15.9800	4			
3197	15.9850	4			
3198	15.9900	3			
3199	15.9950	3			
3200	16.0000	2			
3201	16.0050	2			
3202	16.0100	1			
3203	16.0150	1			
3204	16.0200	0			
3205	16.0250	0			
3206	16.0300	0			
3207	16.0350	-1			
3208	16.0400	-2			
3209	16.0450	-2			
3210	16.0500	-2			
3211	16.0550	-3			
3212	16.0600	-3			
3213	16.0650	-4			
3214	16.0700	-4			
3215	16.0750	-4			
3216	16.0800	-5			
3217	16.0850	-5			
3218	16.0900	-6			
3219	16.0950	-6			
3220	16.1000	-6			
3221	16.1050	-7			
3222	16.1100	-7			
3223	16.1150	-8			
3224	16.1200	-8			
3225	16.1250	-8			
3226	16.1300	-9			
3227	16.1350	-9			
3228	16.1400	-10			
3229	16.1450	-10			
3230	16.1500	-10			
3231	16.1550	-10			
3232	16.1600	-11			
3233	16.1650	-11			
3234	16.1700	-11			
3235	16.1750	-12			
3236	16.1800	-12			
3237	16.1850	-12			
3238	16.1900	-12			
3239	16.1950	-12			
3240	16.2000	-13			
3241	16.2050	-13			
3242	16.2100	-13			
3243	16.2150	-13			
3244	16.2200	-13			
3245	16.2250	-14			
3246	16.2300	-14			
3247	16.2350	-14			
3248	16.2400	-14			
3249	16.2450	-14			
3250	16.2500	-14			
3251	16.2550	-14			
3252	16.2600	-14			
3253	16.2650	-14			
3254	16.2700	-14			
3255	16.2750	-14			
3256	16.2800	-14			
3257	16.2850	-14			
3258	16.2900	-14			
3259	16.2950	-14			
3260	16.3000	-14			
3261	16.3050	-14			
3262	16.3100	-14			
3263	16.3150	-14			
3264	16.3200	-14			
3265	16.3250	-14			
3266	16.3300	-13			
3267	16.3350	-13			
3268	16.3400	-13			
3269	16.3450	-13			
3270	16.3500	-12			
3271	16.3550	-12			
3272	16.3600	-12			
3273	16.3650	-12			
3274	16.3700	-12			
3275	16.3750	-12			
3276	16.3800	-11			
3277	16.3850	-11			
3278	16.3900	-10			
3279	16.3950	-10			
3280	16.4000	-10			
3281	16.4050	-10			
3282	16.4100	-10			
3283	16.4150	-9			
3284	16.4200	-9			
3285	16.4250	-8			
3286	16.4300	-8			
3287	16.4350	-8			
3288	16.4400	-7			
3289	16.4450	-7			
3290	16.4500	-6			
3291	16.4550	-6			
3292	16.4600	-6			
3293	16.4650	-5			
3294	16.4700	-5			
3295	16.4750	-4			
3296	16.4800	-4			
3297	16.4850	-4			
3298	16.4900	-3			
3299	16.4950	-3			
3300	16.5000	-2			
3301	16.5050	-2			
3302	16.5100	-2			
3303	16.5150	-1			
3304	16.5200	-1			
3305	16.5250	0			
3306	16.5300	0			
3307	16.5350	0			
3308	16.5400	1			
3309	16.5450	2			
3310	16.5500	2			
3311	16.5550	2			
3312	16.5600	3			
3313	16.5650	3			
3314	16.5700	4			
3315	16.5750	4			
3316	16.5800	4			
3317	16.5850	5			
3318	16.5900	5			
3319	16.5950	6			
3320	16.6000	6			
3321	16.6050	6			
3322	16.6100	7			
3323	16.6150	7			
3324	16.6200	8			
3325	16.6250	8			
3326	16.6300	8			
3327	16.6350	8			
3328	16.6400	9			
3329	16.6450	9			
3330	16.6500	9			
3331	16.6550	10			
3332	16.6600	10			
3333	16.6650	10			
3334	16.6700	10			
3335	16.6750	11			
3336	16.6800	11			
3337	16.6850	11			
3338	16.6900	12			
3339	16.6950	12			
3340	16.7000	12			
3341	16.7050	12			
3342	16.7100	12			
3343	16.7150	12			
3344	16.7200	12			
3345	16.7250	13			
3346	16.7300	13			
3347	16.7350	13			
3348	16.7400	13			
3349	16.7450	13			
3350	16.7500	13			
3351	16.7550	13			
3352	16.7600	13			
3353	16.7650	13			
3354	16.7700	13			
3355	16.7750	13			
3356	16.7800	13			
3357	16.7850	13			
3358	16.7900	13			
3359	16.7950	13			
3360	16.8000	13			
3361	16.8050	13			
3362	16.8100	13			
3363	16.8150	13			
3364	16.8200	13			
3365	16.8250	13			
3366	16.8300	13			
3367	16.8350	12			
3368	16.8400	12			
3369	16.8450	12			
3370	16.8500	12			
3371	16.8550	12			
3372	16.8600	12			
3373	16.8650	12			
3374	16.8700	11			
3375	16.8750	11			
3376	16.8800	11			
3377	16.8850	10			
3378	16.8900	10			
3379	16.8950	10			
3380	16.9000	10			
3381	16.9050	10			
3382	16.9100	9			
3383	16.9150	9			
3384	16.9200	8			
3385	16.9250	8			
3386	16.9300	8			
3387	16.9350	8			
3388	16.9400	7			
3389	16.9450	7			
3390	16.9500	6			
3391	16.9550	6			
3392	16.9600	6			
3393	16.9650	5			
3394	16.9700	5			
3395	16.9750	4			
3396	16.9800	4			
3397	16.9850	4			
3398	16.9900	4			
3399	16.9950	3			
3400	17.0000	2			
3401	17.0050	2			
3402	17.0100	2			
3403	17.0150	1			
3404	17.0200	1			
3405	17.0250	0			
3406	17.0300	0			
3407	17.0350	0			
3408	17.0400	-1			
3409	17.0450	-1			
3410	17.0500	-2			
3411	17.0550	-2			
3412	17.0600	-2			
3413	17.0650	-3			
3414	17.0700	-3			
3415	17.0750	-4			
3416	17.0800	-4			
3417	17.0850	-4			
3418	17.0900	-4			
3419	17.0950	-5			
3420	17.1000	-5			
3421	17.1050	-6			
3422	17.1100	-6			
3423	17.1150	-6			
3424	17.1200	-7			
3425	17.1250	-7			
3426	17.1300	-8			
3427	17.1350	-8			
3428	17.1400	-8			
3429	17.1450	-8			
3430	17.1500	-9			
3431	17.1550	-9			
3432	17.1600	-9			
3433	17.1650	-10			
3434	17.1700	-10			
3435	17.1750	-10			
3436	17.1800	-10			
3437	17.1850	-10			
3438	17.1900	-11			
3439	17.1950	-11			
3440	17.2000	-11			
3441	17.2050	-11			
3442	17.2100	-12			
3443	17.2150	-12			
3444	17.2200	-12			
3445	17.2250	-12			
3446	17.2300	-12			
3447	17.2350	-12			
3448	17.2400	-12			
3449	17.2450	-12			
3450	17.2500	-12			
3451	17.2550	-12			
3452	17.2600	-12			
3453	17.2650	-13			
3454	17.2700	-13			
3455	17.2750	-13			
3456	17.2800	-13			
3457	17.2850	-13			
3458	17.2900	-13			
3459	17.2950	-13			
3460	17.3000	-13			
3461	17.3050	-12			
3462	17.3100	-12			
3463	17.3150	-12			
3464	17.3200	-12			
3465	17.3250	-12			
3466	17.3300	-12			
3467	17.3350	-12			
3468	17.3400	-12			
3469	17.3450	-12			
3470	17.3500	-12			
3471	17.3550	-12			
3472	17.3600	-11			
3473	17.3650	-11			
3474	17.3700	-11			
3475	17.3750	-10			
3476	17.3800	-10			
3477	17.3850	-10			
3478	17.3900	-10			
3479	17.3950	-10			
3480	17.4000	-10			
3481	17.4050	-9			
3482	17.4100	-9			
3483	17.4150	-8			
3484	17.4200	-8			
3485	17.4250	-8			
3486	17.4300	-8			
3487	17.4350	-7			
3488	17.4400	-7			
3489	17.4450	-7			
3490	17.4500	-6			
3491	17.4550	-6			
3492	17.4600	-6			
3493	17.4650	-5			
3494	17.4700	-5			
3495	17.4750	-4			
3496	17.4800	-4			
3497	17.4850	-4			
3498	17.4900	-4			
3499	17.4950	-3			
3500	17.5000	-3			
3501	17.5050	-2			
3502	17.5100	-2			
3503	17.5150	-2			
3504	17.5200	-1			
3505	17.5250	-1			
3506	17.5300	0			
3507	17.5350	0			
3508	17.5400	0			
3509	17.5450	1			
3510	17.5500	1			
3511	17.5550	2			
3512	17.5600	2			
3513	17.5650	2			
3514	17.5700	3			
3515	17.5750	3			
3516	17.5800	4			
3517	17.5850	4			
3518	17.5900	4			
3519	17.5950	4			
3520	17.6000	5			
3521	17.6050	5			
3522	17.6100	6			
3523	17.6150	6			
3524	17.6200	6			
3525	17.6250	6			
3526	17.6300	7			
3527	17.6350	7			
3528	17.6400	8			
3529	17.6450	8			
3530	17.6500	8			
3531	17.6550	8			
3532	17.6600	8			
3533	17.6650	9			
3534	17.6700	9			
3535	17.6750	9			
3536	17.6800	10			
3537	17.6850	10			
3538	17.6900	10			
3539	17.6950	10			
3540	17.7000	10			
3541	17.7050	10			
3542	17.7100	11			
3543	17.7150	11			
3544	17.7200	11			
3545	17.7250	11			
3546	17.7300	11			
3547	17.7350	12			
3548	17.7400	12			
3549	17.7450	12			
3550	17.7500	12			
3551	17.7550	12			
3552	17.7600	12			
3553	17.7650	12			
3554	17.7700	12			
3555	17.7750	12			
3556	17.7800	12			
3557	17.7850	12			
3558	17.7900	12			
3559	17.7950	12			
3560	17.8000	12			
3561	17.8050	12			
3562	17.8100	12			
3563	17.8150	12			
3564	17.8200	12			
3565	17.8250	12			
3566	17.8300	12			
3567	17.8350	12			
3568	17.8400	11			
3569	17.8450	11			
3570	17.8500	11			
3571	17.8550	11			
3572	17.8600	11			
3573	17.8650	10			
3574	17.8700	10			
3575	17.8750	10			
3576	17.8800	10			
3577	17.8850	10			
3578	17.8900	10			
3579	17.8950	9			
3580	17.9000	9			
3581	17.9050	9			
3582	17.9100	8			
3583	17.9150	8			
3584	17.9200	8			
3585	17.9250	8			
3586	17.9300	7			
3587	17.9350	7			
3588	17.9400	7			
3589	17.9450	6			
3590	17.9500	6			
3591	17.9550	6			
3592	17.9600	6			
3593	17.9650	5			
3594	17.9700	5			
3595	17.9750	4			
3596	17.9800	4			
3597	17.9850	4			
3598	17.9900	4			
3599	17.9950	3			
3600	18.0000	3			
3601	18.0050	2			
3602	18.0100	2			
3603	18.0150	2			
3604	18.0200	1			
3605	18.0250	1			
3606	18.0300	0			
3607	18.0350	0			
3608	18.0400	0			
3609	18.0450	0			
3610	18.0500	-1			
3611	18.0550	-1			
3612	18.0600	-2			
3613	18.0650	-2			
3614	18.0700	-2			
3615	18.0750	-3			
3616	18.0800	-3			
3617	18.0850	-4			
3618	18.0900	-4			
3619	18.0950	-4			
3620	18.1000	-4			
3621	18.1050	-5			
3622	18.1100	-5			
3623	18.1150	-6			
3624	18.1200	-6			
3625	18.1250	-6			
3626	18.1300	-6			
3627	18.1350	-7			
3628	18.1400	-7			
3629	18.1450	-7			
3630	18.1500	-8			
3631	18.1550	-8			
3632	18.1600	-8			
3633	18.1650	-8			
3634	18.1700	-8			
3635	18.1750	-9			
3636	18.1800	-9			
3637	18.1850	-9			
3638	18.1900	-9			
3639	18.1950	-10			
3640	18.2000	-10			
3641	18.2050	-10			
3642	18.2100	-10			
3643	18.2150	-10			
3644	18.2200	-10			
3645	18.2250	-10			
3646	18.2300	-11			
3647	18.2350	-11			
3648	18.2400	-11			
3649	18.2450	-11			
3650	18.2500	-11			
3651	18.2550	-11			
3652	18.2600	-11			
3653	18.2650	-11			
3654	18.2700	-11			
3655	18.2750	-11			
3656	18.2800	-11			
3657	18.2850	-11			
3658	18.2900	-11			
3659	18.2950	-11			
3660	18.3000	-11			
3661	18.3050	-11			
3662	18.3100	-11			
3663	18.3150	-11			
3664	18.3200	-11			
3665	18.3250	-11			
3666	18.3300	-11			
3667	18.3350	-11			
3668	18.3400	-11			
3669	18.3450	-10			
3670	18.3500	-10			
3671	18.3550	-10			
3672	18.3600	-10			
3673	18.3650	-10			
3674	18.3700	-10			
3675	18.3750	-10			
3676	18.3800	-10			
3677	18.3850	-9			
3678	18.3900	-9			
3679	18.3950	-9			
3680	18.4000	-8			
3681	18.4050	-8			
3682	18.4100	-8			
3683	18.4150	-8			
3684	18.4200	-8			
3685	18.4250	-7			
3686	18.4300	-7			
3687	18.4350	-7			
3688	18.4400	-6			
3689	18.4450	-6			
3690	18.4500	-6			
3691	18.4550	-6			
3692	18.4600	-5			
3693	18.4650	-5			
3694	18.4700	-4			
3695	18.4750	-4			
3696	18.4800	-4			
3697	18.4850	-4			
3698	18.4900	-3			
3699	18.4950	-3			
3700	18.5000	-3			
3701	18.5050	-2			
3702	18.5100	-2			
3703	18.5150	-2			
3704	18.5200	-1			
3705	18.5250	-1			
3706	18.5300	0			
3707	18.5350	0			
3708	18.5400	0			
3709	18.5450	0			
3710	18.5500	1			
3711	18.5550	1			
3712	18.5600	2			
3713	18.5650	2			
3714	18.5700	2			
3715	18.5750	2			
3716	18.5800	3			
3717	18.5850	3			
3718	18.5900	4			
3719	18.5950	4			
3720	18.6000	4			
3721	18.6050	4			
3722	18.6100	5			
3723	18.6150	5			
3724	18.6200	6			
3725	18.6250	6			
3726	18.6300	6			
3727	18.6350	6			
3728	18.6400	6			
3729	18.6450	7			
3730	18.6500	7			
3731	18.6550	7			
3732	18.6600	8			
3733	18.6650	8			
3734	18.6700	8			
3735	18.6750	8			
3736	18.6800	8			
3737	18.6850	9			
3738	18.6900	9			
3739	18.6950	9			
3740	18.7000	9			
3741	18.7050	10			
3742	18.7100	10			
3743	18.7150	10			
3744	18.7200	10			
3745	18.7250	10			
3746	18.7300	10			
3747	18.7350	10			
3748	18.7400	10			
3749	18.7450	10			
3750	18.7500	10			
3751	18.7550	10			
3752	18.7600	11			
3753	18.7650	11			
3754	18.7700	11			
3755	18.7750	11			
3756	18.7800	11			
3757	18.7850	11			
3758	18.7900	11			
3759	18.7950	11			
3760	18.8000	11			
3761	18.8050	11			
3762	18.8100	11			
3763	18.8150	11			
3764	18.8200	11			
3765	18.8250	10			
3766	18.8300	10			
3767	18.8350	10			
3768	18.8400	10			
3769	18.8450	10			
3770	18.8500	10			
3771	18.8550	10			
3772	18.8600	10			
3773	18.8650	10			
3774	18.8700	10			
3775	18.8750	9			
3776	18.8800	9			
3777	18.8850	9			
3778	18.8900	9			
3779	18.8950	8			
3780	18.9000	8			
3781	18.9050	8			
3782	18.9100	8			
3783	18.9150	8			
3784	18.9200	7			
3785	18.9250	7			
3786	18.9300	7			
3787	18.9350	6			
3788	18.9400	6			
3789	18.9450	6			
3790	18.9500	6			
3791	18.9550	6			
3792	18.9600	5			
3793	18.9650	5			
3794	18.9700	4			
3795	18.9750	4			
3796	18.9800	4			
3797	18.9850	4			
3798	18.9900	4			
3799	18.9950	3			
3800	19.0000	3			
3801	19.0050	2			
3802	19.0100	2			
3803	19.0150	2			
3804	19.0200	2			
3805	19.0250	1			
3806	19.0300	1			
3807	19.0350	0			
3808	19.0400	0			
3809	19.0450	0			
3810	19.0500	0			
3811	19.0550	-1			
3812	19.0600	-1			
3813	19.0650	-2			
3814	19.0700	-2			
3815	19.0750	-2			
3816	19.0800	-2			
3817	19.0850	-3			
3818	19.0900	-3			
3819	19.0950	-4			
3820	19.1000	-4			
3821	19.1050	-4			
3822	19.1100	-4			
3823	19.1150	-5			
3824	19.1200	-5			
3825	19.1250	-5			
3826	19.1300	-6			
3827	19.1350	-6			
3828	19.1400	-6			
3829	19.1450	-6			
3830	19.1500	-6			
3831	19.1550	-7			
3832	19.1600	-7			
3833	19.1650	-7			
3834	19.1700	-8			
3835	19.1750	-8			
3836	19.1800	-8			
3837	19.1850	-8			
3838	19.1900	-8			
3839	19.1950	-8			
3840	19.2000	-9			
3841	19.2050	-9			
3842	19.2100	-9			
3843	19.2150	-9			
3844	19.2200	-9			
3845	19.2250	-10			
3846	19.2300	-10			
3847	19.2350	-10			
3848	19.2400	-10			
3849	19.2450	-10			
3850	19.2500	-10			
3851	19.2550	-10			
3852	19.2600	-10			
3853	19.2650	-10			
3854	19.2700	-10			
3855	19.2750	-10			
3856	19.2800	-10			
3857	19.2850	-10			
3858	19.2900	-10			
3859	19.2950	-10			
3860	19.3000	-10			
3861	19.3050	-10			
3862	19.3100	-10			
3863	19.3150	-10			
3864	19.3200	-10			
3865	19.3250	-10			
3866	19.3300	-10			
3867	19.3350	-10			
3868	19.3400	-10			
3869	19.3450	-10			
3870	19.3500	-10			
3871	19.3550	-10			
3872	19.3600	-9			
3873	19.3650	-9			
3874	19.3700	-9			
3875	19.3750	-9			
3876	19.3800	-9			
3877	19.3850	-8			
3878	19.3900	-8			
3879	19.3950	-8			
3880	19.4000	-8			
3881	19.4050	-8			
3882	19.4100	-8			
3883	19.4150	-7			
3884	19.4200	-7			
3885	19.4250	-7			
3886	19.4300	-6			
3887	19.4350	-6			
3888	19.4400	-6			
3889	19.4450	-6			
3890	19.4500	-6			
3891	19.4550	-5			
3892	19.4600	-5			
3893	19.4650	-5			
3894	19.4700	-4			
3895	19.4750	-4			
3896	19.4800	-4			
3897	19.4850	-4			
3898	19.4900	-3			
3899	19.4950	-3			
3900	19.5000	-3			
3901	19.5050	-2			
3902	19.5100	-2			
3903	19.5150	-2			
3904	19.5200	-2			
3905	19.5250	-1			
3906	19.5300	-1			
3907	19.5350	0			
3908	19.5400	0			
3909	19.5450	0			
3910	19.5500	0			
3911	19.5550	1			
3912	19.5600	1			
3913	19.5650	1			
3914	19.5700	2			
3915	19.5750	2			
3916	19.5800	2			
3917	19.5850	2			
3918	19.5900	3			
3919	19.5950	3			
3920	19.6000	4			
3921	19.6050	4			
3922	19.6100	4			
3923	19.6150	4			
3924	19.6200	4			
3925	19.6250	5			
3926	19.6300	5			
3927	19.6350	5			
3928	19.6400	6			
3929	19.6450	6			
3930	19.6500	6			
3931	19.6550	6			
3932	19.6600	6			
3933	19.6650	7			
3934	19.6700	7			
3935	19.6750	7			
3936	19.6800	8			
3937	19.6850	8			
3938	19.6900	8			
3939	19.6950	8			
3940	19.7000	8			
3941	19.7050	8			
3942	19.7100	8			
3943	19.7150	8			
3944	19.7200	9			
3945	19.7250	9			
3946	19.7300	9			
3947	19.7350	9			
3948	19.7400	9			
3949	19.7450	9			
3950	19.7500	10			
3951	19.7550	10			
3952	19.7600	10			
3953	19.7650	10			
3954	19.7700	10			
3955	19.7750	10			
3956	19.7800	10			
3957	19.7850	10			
3958	19.7900	10			
3959	19.7950	10			
3960	19.8000	10			
3961	19.8050	10			
3962	19.8100	10			
3963	19.8150	10			
3964	19.8200	10			
3965	19.8250	10			
3966	19.8300	10			
3967	19.8350	10			
3968	19.8400	9			
3969	19.8450	9			
3970	19.8500	9			
3971	19.8550	9			
3972	19.8600	9			
3973	19.8650	9			
3974	19.8700	8			
3975	19.8750	8			
3976	19.8800	8			
3977	19.8850	8			
3978	19.8900	8			
3979	19.8950	8			
3980	19.9000	8			
3981	19.9050	8			
3982	19.9100	7			
3983	19.9150	7			
3984	19.9200	7			
3985	19.9250	6			
3986	19.9300	6			
3987	19.9350	6			
3988	19.9400	6			
3989	19.9450	6			
3990	19.9500	6			
3991	19.9550	5			
3992	19.9600	5			
3993	19.9650	4			
3994	19.9700	4			
3995	19.9750	4			
3996	19.9800	4			
3997	19.9850	4			
3998	19.9900	3			
3999	19.9950	3			
4000	20.0000	3			
4001	20.0050	2			
4002	20.0100	2			
4003	20.0150	2			
4004	20.0200	2			
4005	20.0250	1			
4006	20.0300	1			
4007	20.0350	0			
4008	20.0400	0			
4009	20.0450	0			
4010	20.0500	0			
4011	20.0550	0			
4012	20.0600	-1			
4013	20.0650	-1			
4014	20.0700	-2			
4015	20.0750	-2			
4016	20.0800	-2			
4017	20.0850	-2			
4018	20.0900	-3			
4019	20.0950	-3			
4020	20.1000	-3			
4021	20.1050	-4			
4022	20.1100	-4			
4023	20.1150	-4			
4024	20.1200	-4			
4025	20.1250	-4			
4026	20.1300	-5			
4027	20.1350	-5			
4028	20.1400	-5			
4029	20.1450	-6			
4030	20.1500	-6			
4031	20.1550	-6			
4032	20.1600	-6			
4033	20.1650	-6			
4034	20.1700	-6			
4035	20.1750	-7			
4036	20.1800	-7			
4037	20.1850	-7			
4038	20.1900	-7			
4039	20.1950	-8			
4040	20.2000	-8			
4041	20.2050	-8			
4042	20.2100	-8			
4043	20.2150	-8			
4044	20.2200	-8			
4045	20.2250	-8			
4046	20.2300	-8			
4047	20.2350	-8			
4048	20.2400	-9			
4049	20.2450	-9			
4050	20.2500	-9			
4051	20.2550	-9			
4052	20.2600	-9			
4053	20.2650	-9			
4054	20.2700	-9			
4055	20.2750	-9			
4056	20.2800	-9			
4057	20.2850	-9			
4058	20.2900	-9			
4059	20.2950	-9			
4060	20.3000	-9			
4061	20.3050	-9			
4062	20.3100	-9			
4063	20.3150	-9			
4064	20.3200	-9			
4065	20.3250	-9			
4066	20.3300	-9			
4067	20.3350	-9			
4068	20.3400	-9			
4069	20.3450	-9			
4070	20.3500	-9			
4071	20.3550	-8			
4072	20.3600	-8			
4073	20.3650	-8			
4074	20.3700	-8			
4075	20.3750	-8			
4076	20.3800	-8			
4077	20.3850	-8			
4078	20.3900	-8			
4079	20.3950	-8			
4080	20.4000	-7			
4081	20.4050	-7			
4082	20.4100	-7			
4083	20.4150	-7			
4084	20.4200	-6			
4085	20.4250	-6			
4086	20.4300	-6			
4087	20.4350	-6			
4088	20.4400	-6			
4089	20.4450	-6			
4090	20.4500	-5			
4091	20.4550	-5			
4092	20.4600	-5			
4093	20.4650	-4			
4094	20.4700	-4			
4095	20.4750	-4			
4096	20.4800	-4			
4097	20.4850	-4			
4098	20.4900	-3			
4099	20.4950	-3			
4100	20.5000	-2			
4101	20.5050	-2			
4102	20.5100	-2			
4103	20.5150	-2			
4104	20.5200	-2			
4105	20.5250	-1			
4106	20.5300	-1			
4107	20.5350	0			
4108	20.5400	0			
4109	20.5450	0			
4110	20.5500	0			
4111	20.5550	0			
4112	20.5600	1			
4113	20.5650	1			
4114	20.5700	1			
4115	20.5750	2			
4116	20.5800	2			
4117	20.5850	2			
4118	20.5900	2			
4119	20.5950	3			
4120	20.6000	3			
4121	20.6050	3			
4122	20.6100	4			
4123	20.6150	4			
4124	20.6200	4			
4125	20.6250	4			
4126	20.6300	4			
4127	20.6350	5			
4128	20.6400	5			
4129	20.6450	5			
4130	20.6500	6			
4131	20.6550	6			
4132	20.6600	6			
4133	20.6650	6			
4134	20.6700	6			
4135	20.6750	6			
4136	20.6800	6			
4137	20.6850	7			
4138	20.6900	7			
4139	20.6950	7			
4140	20.7000	7			
4141	20.7050	8			
4142	20.7100	8			
4143	20.7150	8			
4144	20.7200	8			
4145	20.7250	8			
4146	20.7300	8			
4147	20.7350	8			
4148	20.7400	8			
4149	20.7450	8			
4150	20.7500	8			
4151	20.7550	8			
4152	20.7600	8			
4153	20.7650	8			
4154	20.7700	8			
4155	20.7750	9			
4156	20.7800	9			
4157	20.7850	9			
4158	20.7900	9			
4159	20.7950	9			
4160	20.8000	9			
4161	20.8050	9			
4162	20.8100	9			
4163	20.8150	9			
4164	20.8200	8			
4165	20.8250	8			
4166	20.8300	8			
4167	20.8350	8			
4168	20.8400	8			
4169	20.8450	8			
4170	20.8500	8			
4171	20.8550	8			
4172	20.8600	8			
4173	20.8650	8			
4174	20.8700	8			
4175	20.8750	8			
4176	20.8800	8			
4177	20.8850	8			
4178	20.8900	7			
4179	20.8950	7			
4180	20.9000	7			
4181	20.9050	7			
4182	20.9100	6			
4183	20.9150	6			
4184	20.9200	6			
4185	20.9250	6			
4186	20.9300	6			
4187	20.9350	6			
4188	20.9400	6			
4189	20.9450	5			
4190	20.9500	5			
4191	20.9550	5			
4192	20.9600	4			
4193	20.9650	4			
4194	20.9700	4			
4195	20.9750	4			
4196	20.9800	4			
4197	20.9850	3			
4198	20.9900	3			
4199	20.9950	3			
4200	21.0000	2			
4201	21.0050	2			
4202	21.0100	2			
4203	21.0150	2			
4204	21.0200	2			
4205	21.0250	1			
4206	21.0300	1			
4207	21.0350	1			
4208	21.0400	0			
4209	21.0450	0			
4210	21.0500	0			
4211	21.0550	0			
4212	21.0600	-1			
4213	21.0650	-1			
4214	21.0700	-1			
4215	21.0750	-2			
4216	21.0800	-2			
4217	21.0850	-2			
4218	21.0900	-2			
4219	21.0950	-2			
4220	21.1000	-3			
4221	21.1050	-3			
4222	21.1100	-3			
4223	21.1150	-4			
4224	21.1200	-4			
4225	21.1250	-4			
4226	21.1300	-4			
4227	21.1350	-4			
4228	21.1400	-4			
4229	21.1450	-5			
4230	21.1500	-5			
4231	21.1550	-5			
4232	21.1600	-6			
4233	21.1650	-6			
4234	21.1700	-6			
4235	21.1750	-6			
4236	21.1800	-6			
4237	21.1850	-6			
4238	21.1900	-6			
4239	21.1950	-7			
4240	21.2000	-7			
4241	21.2050	-7			
4242	21.2100	-7			
4243	21.2150	-7			
4244	21.2200	-8			
4245	21.2250	-8			
4246	21.2300	-8			
4247	21.2350	-8			
4248	21.2400	-8			
4249	21.2450	-8			
4250	21.2500	-8			
4251	21.2550	-8			
4252	21.2600	-8			
4253	21.2650	-8			
4254	21.2700	-8			
4255	21.2750	-8			
4256	21.2800	-8			
4257	21.2850	-8			
4258	21.2900	-8			
4259	21.2950	-8			
4260	21.3000	-8			
4261	21.3050	-8			
4262	21.3100	-8			
4263	21.3150	-8			
4264	21.3200	-8			
4265	21.3250	-8			
4266	21.3300	-8			
4267	21.3350	-8			
4268	21.3400	-8			
4269	21.3450	-8			
4270	21.3500	-8			
4271	21.3550	-8			
4272	21.3600	-8			
4273	21.3650	-8			
4274	21.3700	-8			
4275	21.3750	-7			
4276	21.3800	-7			
4277	21.3850	-7			
4278	21.3900	-7			
4279	21.3950	-7			
4280	21.4000	-6			
4281	21.4050	-6			
4282	21.4100	-6			
4283	21.4150	-6			
4284	21.4200	-6			
4285	21.4250	-6			
4286	21.4300	-6			
4287	21.4350	-5			
4288	21.4400	-5			
4289	21.4450	-5			
4290	21.4500	-5			
4291	21.4550	-4			
4292	21.4600	-4			
4293	21.4650	-4			
4294	21.4700	-4			
4295	21.4750	-4			
4296	21.4800	-4			
4297	21.4850	-3			
4298	21.4900	-3			
4299	21.4950	-3			
4300	21.5000	-2			
4301	21.5050	-2			
4302	21.5100	-2			
4303	21.5150	-2			
4304	21.5200	-2			
4305	21.5250	-1			
4306	21.5300	-1			
4307	21.5350	-1			
4308	21.5400	0			
4309	21.5450	0			
4310	21.5500	0			
4311	21.5550	0			
4312	21.5600	0			
4313	21.5650	1			
4314	21.5700	1			
4315	21.5750	1			
4316	21.5800	2			
4317	21.5850	2			
4318	21.5900	2			
4319	21.5950	2			
4320	21.6000	2			
4321	21.6050	3			
4322	21.6100	3			
4323	21.6150	3			
4324	21.6200	4			
4325	21.6250	4			
4326	21.6300	4			
4327	21.6350	4			
4328	21.6400	4			
4329	21.6450	4			
4330	21.6500	5			
4331	21.6550	5			
4332	21.6600	5			
4333	21.6650	5			
4334	21.6700	6			
4335	21.6750	6			
4336	21.6800	6			
4337	21.6850	6			
4338	21.6900	6			
4339	21.6950	6			
4340	21.7000	6			
4341	21.7050	6			
4342	21.7100	7			
4343	21.7150	7			
4344	21.7200	7			
4345	21.7250	7			
4346	21.7300	7			
4347	21.7350	7			
4348	21.7400	8			
4349	21.7450	8			
4350	21.7500	8			
4351	21.7550	8			
4352	21.7600	8			
4353	21.7650	8			
4354	21.7700	8			
4355	21.7750	8			
4356	21.7800	8			
4357	21.7850	8			
4358	21.7900	8			
4359	21.7950	8			
4360	21.8000	8			
4361	21.8050	8			
4362	21.8100	8			
4363	21.8150	8			
4364	21.8200	8			
4365	21.8250	8			
4366	21.8300	8			
4367	21.8350	8			
4368	21.8400	8			
4369	21.8450	8			
4370	21.8500	8			
4371	21.8550	8			
4372	21.8600	7			
4373	21.8650	7			
4374	21.8700	7			
4375	21.8750	7			
4376	21.8800	7			
4377	21.8850	7			
4378	21.8900	7			
4379	21.8950	6			
4380	21.9000	6			
4381	21.9050	6			
4382	21.9100	6			
4383	21.9150	6			
4384	21.9200	6			
4385	21.9250	6			
4386	21.9300	6			
4387	21.9350	5			
4388	21.9400	5			
4389	21.9450	5			
4390	21.9500	4			
4391	21.9550	4			
4392	21.9600	4			
4393	21.9650	4			
4394	21.9700	4			
4395	21.9750	4			
4396	21.9800	4			
4397	21.9850	3			
4398	21.9900	3			
4399	21.9950	3			
4400	22.0000	2			
4401	22.0050	2			
4402	22.0100	2			
4403	22.0150	2			
4404	22.0200	2			
4405	22.0250	1			
4406	22.0300	1			
4407	22.0350	1			
4408	22.0400	0			
4409	22.0450	0			
4410	22.0500	0			
4411	22.0550	0			
4412	22.0600	0			
4413	22.0650	0			
4414	22.0700	-1			
4415	22.0750	-1			
4416	22.0800	-1			
4417	22.0850	-2			
4418	22.0900	-2			
4419	22.0950	-2			
4420	22.1000	-2			
4421	22.1050	-2			
4422	22.1100	-3			
4423	22.1150	-3			
4424	22.1200	-3			
4425	22.1250	-3			
4426	22.1300	-4			
4427	22.1350	-4			
4428	22.1400	-4			
4429	22.1450	-4			
4430	22.1500	-4			
4431	22.1550	-4			
4432	22.1600	-5			
4433	22.1650	-5			
4434	22.1700	-5			
4435	22.1750	-5			
4436	22.1800	-5			
4437	22.1850	-6			
4438	22.1900	-6			
4439	22.1950	-6			
4440	22.2000	-6			
4441	22.2050	-6			
4442	22.2100	-6			
4443	22.2150	-6			
4444	22.2200	-6			
4445	22.2250	-6			
4446	22.2300	-7			
4447	22.2350	-7			
4448	22.2400	-7			
4449	22.2450	-7			
4450	22.2500	-7			
4451	22.2550	-7			
4452	22.2600	-7			
4453	22.2650	-7			
4454	22.2700	-7			
4455	22.2750	-7			
4456	22.2800	-7			
4457	22.2850	-7			
4458	22.2900	-7			
4459	22.2950	-7			
4460	22.3000	-7			
4461	22.3050	-7			
4462	22.3100	-7			
4463	22.3150	-7			
4464	22.3200	-7			
4465	22.3250	-7			
4466	22.3300	-7			
4467	22.3350	-7			
4468	22.3400	-7			
4469	22.3450	-7			
4470	22.3500	-7			
4471	22.3550	-7			
4472	22.3600	-7			
4473	22.3650	-7			
4474	22.3700	-6			
4475	22.3750	-6			
4476	22.3800	-6			
4477	22.3850	-6			
4478	22.3900	-6			
4479	22.3950	-6			
4480	22.4000	-6			
4481	22.4050	-6			
4482	22.4100	-6			
4483	22.4150	-6			
4484	22.4200	-5			
4485	22.4250	-5			
4486	22.4300	-5			
4487	22.4350	-5			
4488	22.4400	-4			
4489	22.4450	-4			
4490	22.4500	-4			
4491	22.4550	-4			
4492	22.4600	-4			
4493	22.4650	-4			
4494	22.4700	-4			
4495	22.4750	-3			
4496	22.4800	-3			
4497	22.4850	-3			
4498	22.4900	-3			
4499	22.4950	-2			
4500	22.5000	-2			
4501	22.5050	-2			
4502	22.5100	-2			
4503	22.5150	-2			
4504	22.5200	-2			
4505	22.5250	-1			
4506	22.5300	-1			
4507	22.5350	-1			
4508	22.5400	0			
4509	22.5450	0			
4510	22.5500	0			
4511	22.5550	0			
4512	22.5600	0			
4513	22.5650	0			
4514	22.5700	1			
4515	22.5750	1			
4516	22.5800	1			
4517	22.5850	2			
4518	22.5900	2			
4519	22.5950	2			
4520	22.6000	2			
4521	22.6050	2			
4522	22.6100	2			
4523	22.6150	3			
4524	22.6200	3			
4525	22.6250	3			
4526	22.6300	3			
4527	22.6350	4			
4528	22.6400	4			
4529	22.6450	4			
4530	22.6500	4			
4531	22.6550	4			
4532	22.6600	4			
4533	22.6650	4			
4534	22.6700	5			
4535	22.6750	5			
4536	22.6800	5			
4537	22.6850	5			
4538	22.6900	6			
4539	22.6950	6			
4540	22.7000	6			
4541	22.7050	6			
4542	22.7100	6			
4543	22.7150	6			
4544	22.7200	6			
4545	22.7250	6			
4546	22.7300	6			
4547	22.7350	6			
4548	22.7400	6			
4549	22.7450	6			
4550	22.7500	7			
4551	22.7550	7			
4552	22.7600	7			
4553	22.7650	7			
4554	22.7700	7			
4555	22.7750	7			
4556	22.7800	7			
4557	22.7850	7			
4558	22.7900	7			
4559	22.7950	7			
4560	22.8000	7			
4561	22.8050	7			
4562	22.8100	7			
4563	22.8150	7			
4564	22.8200	7			
4565	22.8250	7			
4566	22.8300	7			
4567	22.8350	7			
4568	22.8400	7			
4569	22.8450	7			
4570	22.8500	7			
4571	22.8550	6			
4572	22.8600	6			
4573	22.8650	6			
4574	22.8700	6			
4575	22.8750	6			
4576	22.8800	6			
4577	22.8850	6			
4578	22.8900	6			
4579	22.8950	6			
4580	22.9000	6			
4581	22.9050	6			
4582	22.9100	6			
4583	22.9150	5			
4584	22.9200	5			
4585	22.9250	5			
4586	22.9300	5			
4587	22.9350	5			
4588	22.9400	4			
4589	22.9450	4			
4590	22.9500	4			
4591	22.9550	4			
4592	22.9600	4			
4593	22.9650	4			
4594	22.9700	4			
4595	22.9750	3			
4596	22.9800	3			
4597	22.9850	3			
4598	22.9900	3			
4599	22.9950	2			
4600	23.0000	2			
4601	23.0050	2			
4602	23.0100	2			
4603	23.0150	2			
4604	23.0200	2			
4605	23.0250	1			
4606	23.0300	1			
4607	23.0350	1			
4608	23.0400	1			
4609	23.0450	0			
4610	23.0500	0			
4611	23.0550	0			
4612	23.0600	0			
4613	23.0650	0			
4614	23.0700	-1			
4615	23.0750	-1			
4616	23.0800	-1			
4617	23.0850	-1			
4618	23.0900	-2			
4619	23.0950	-2			
4620	23.1000	-2			
4621	23.1050	-2			
4622	23.1100	-2			
4623	23.1150	-2			
4624	23.1200	-3			
4625	23.1250	-3			
4626	23.1300	-3			
4627	23.1350	-3			
4628	23.1400	-4			
4629	23.1450	-4			
4630	23.1500	-4			
4631	23.1550	-4			
4632	23.1600	-4			
4633	23.1650	-4			
4634	23.1700	-4			
4635	23.1750	-4			
4636	23.1800	-5			
4637	23.1850	-5			
4638	23.1900	-5			
4639	23.1950	-5			
4640	23.2000	-5			
4641	23.2050	-5			
4642	23.2100	-6			
4643	23.2150	-6			
4644	23.2200	-6			
4645	23.2250	-6			
4646	23.2300	-6			
4647	23.2350	-6			
4648	23.2400	-6			
4649	23.2450	-6			
4650	23.2500	-6			
4651	23.2550	-6			
4652	23.2600	-6			
4653	23.2650	-6			
4654	23.2700	-6			
4655	23.2750	-6			
4656	23.2800	-6			
4657	23.2850	-6			
4658	23.2900	-6			
4659	23.2950	-6			
4660	23.3000	-6			
4661	23.3050	-6			
4662	23.3100	-6			
4663	23.3150	-6			
4664	23.3200	-6			
4665	23.3250	-6			
4666	23.3300	-6			
4667	23.3350	-6			
4668	23.3400	-6			
4669	23.3450	-6			
4670	23.3500	-6			
4671	23.3550	-6			
4672	23.3600	-6			
4673	23.3650	-6			
4674	23.3700	-6			
4675	23.3750	-6			
4676	23.3800	-6			
4677	23.3850	-6			
4678	23.3900	-6			
4679	23.3950	-6			
4680	23.4000	-5			
4681	23.4050	-5			
4682	23.4100	-5			
4683	23.4150	-5			
4684	23.4200	-5			
4685	23.4250	-5			
4686	23.4300	-4			
4687	23.4350	-4			
4688	23.4400	-4			
4689	23.4450	-4			
4690	23.4500	-4			
4691	23.4550	-4			
4692	23.4600	-4			
4693	23.4650	-4			
4694	23.4700	-3			
4695	23.4750	-3			
4696	23.4800	-3			
4697	23.4850	-3			
4698	23.4900	-2			
4699	23.4950	-2			
4700	23.5000	-2			
4701	23.5050	-2			
4702	23.5100	-2			
4703	23.5150	-2			
4704	23.5200	-1			
4705	23.5250	-1			
4706	23.5300	-1			
4707	23.5350	-1			
4708	23.5400	0			
4709	23.5450	0			
4710	23.5500	0			
4711	23.5550	0			
4712	23.5600	0			
4713	23.5650	0			
4714	23.5700	1			
4715	23.5750	1			
4716	23.5800	1			
4717	23.5850	1			
4718	23.5900	2			
4719	23.5950	2			
4720	23.6000	2			
4721	23.6050	2			
4722	23.6100	2			
4723	23.6150	2			
4724	23.6200	2			
4725	23.6250	3			
4726	23.6300	3			
4727	23.6350	3			
4728	23.6400	3			
4729	23.6450	4			
4730	23.6500	4			
4731	23.6550	4			
4732	23.6600	4			
4733	23.6650	4			
4734	23.6700	4			
4735	23.6750	4			
4736	23.6800	4			
4737	23.6850	5			
4738	23.6900	5			
4739	23.6950	5			
4740	23.7000	5			
4741	23.7050	5			
4742	23.7100	5			
4743	23.7150	6			
4744	23.7200	6			
4745	23.7250	6			
4746	23.7300	6			
4747	23.7350	6			
4748	23.7400	6			
4749	23.7450	6			
4750	23.7500	6			
4751	23.7550	6			
4752	23.7600	6			
4753	23.7650	6			
4754	23.7700	6			
4755	23.7750	6			
4756	23.7800	6			
4757	23.7850	6			
4758	23.7900	6			
4759	23.7950	6			
4760	23.8000	6			
4761	23.8050	6			
4762	23.8100	6			
4763	23.8150	6			
4764	23.8200	6			
4765	23.8250	6			
4766	23.8300	6			
4767	23.8350	6			
4768	23.8400	6			
4769	23.8450	6			
4770	23.8500	6			
4771	23.8550	6			
4772	23.8600	6			
4773	23.8650	6			
4774	23.8700	6			
4775	23.8750	6			
4776	23.8800	6			
4777	23.8850	6			
4778	23.8900	6			
4779	23.8950	5			
4780	23.9000	5			
4781	23.9050	5			
4782	23.9100	5			
4783	23.9150	5			
4784	23.9200	5			
4785	23.9250	4			
4786	23.9300	4			
4787	23.9350	4			
4788	23.9400	4			
4789	23.9450	4			
4790	23.9500	4			
4791	23.9550	4			
4792	23.9600	4			
4793	23.9650	4			
4794	23.9700	3			
4795	23.9750	3			
4796	23.9800	3			
4797	23.9850	3			
4798	23.9900	2			
4799	23.9950	2			
4800	24.0000	2			
4801	24.0050	2			
4802	24.0100	2			
4803	24.0150	2			
4804	24.0200	2			
4805	24.0250	1			
4806	24.0300	1			
4807	24.0350	1			
4808	24.0400	1			
4809	24.0450	0			
4810	24.0500	0			
4811	24.0550	0			
4812	24.0600	0			
4813	24.0650	0			
4814	24.0700	0			
4815	24.0750	-1			
4816	24.0800	-1			
4817	24.0850	-1			
4818	24.0900	-1			
4819	24.0950	-2			
4820	24.1000	-2			
4821	24.1050	-2			
4822	24.1100	-2			
4823	24.1150	-2			
4824	24.1200	-2			
4825	24.1250	-2			
4826	24.1300	-3			
4827	24.1350	-3			
4828	24.1400	-3			
4829	24.1450	-3			
4830	24.1500	-3			
4831	24.1550	-4			
4832	24.1600	-4			
4833	24.1650	-4			
4834	24.1700	-4			
4835	24.1750	-4			
4836	24.1800	-4			
4837	24.1850	-4			
4838	24.1900	-4			
4839	24.1950	-4			
4840	24.2000	-5			
4841	24.2050	-5			
4842	24.2100	-5			
4843	24.2150	-5			
4844	24.2200	-5			
4845	24.2250	-5			
4846	24.2300	-5			
4847	24.2350	-5			
4848	24.2400	-6			
4849	24.2450	-6			
4850	24.2500	-6			
4851	24.2550	-6			
4852	24.2600	-6			
4853	24.2650	-6			
4854	24.2700	-6			
4855	24.2750	-6			
4856	24.2800	-6			
4857	24.2850	-6			
4858	24.2900	-6			
4859	24.2950	-6			
4860	24.3000	-6			
4861	24.3050	-6			
4862	24.3100	-6			
4863	24.3150	-6			
4864	24.3200	-6			
4865	24.3250	-6			
4866	24.3300	-6			
4867	24.3350	-6			
4868	24.3400	-6			
4869	24.3450	-6			
4870	24.3500	-6			
4871	24.3550	-6			
4872	24.3600	-6			
4873	24.3650	-6			
4874	24.3700	-6			
4875	24.3750	-5			
4876	24.3800	-5			
4877	24.3850	-5			
4878	24.3900	-5			
4879	24.3950	-5			
4880	24.4000	-5			
4881	24.4050	-5			
4882	24.4100	-4			
4883	24.4150	-4			
4884	24.4200	-4			
4885	24.4250	-4			
4886	24.4300	-4			
4887	24.4350	-4			
4888	24.4400	-4			
4889	24.4450	-4			
4890	24.4500	-4			
4891	24.4550	-4			
4892	24.4600	-3			
4893	24.4650	-3			
4894	24.4700	-3			
4895	24.4750	-3			
4896	24.4800	-3			
4897	24.4850	-2			
4898	24.4900	-2			
4899	24.4950	-2			
4900	24.5000	-2			
4901	24.5050	-2			
4902	24.5100	-2			
4903	24.5150	-2			
4904	24.5200	-1			
4905	24.5250	-1			
4906	24.5300	-1			
4907	24.5350	-1			
4908	24.5400	0			
4909	24.5450	0			
4910	24.5500	0			
4911	24.5550	0			
4912	24.5600	0			
4913	24.5650	0			
4914	24.5700	0			
4915	24.5750	1			
4916	24.5800	1			
4917	24.5850	1			
4918	24.5900	1			
4919	24.5950	2			
4920	24.6000	2			
4921	24.6050	2			
4922	24.6100	2			
4923	24.6150	2			
4924	24.6200	2			
4925	24.6250	2			
4926	24.6300	2			
4927	24.6350	3			
4928	24.6400	3			
4929	24.6450	3			
4930	24.6500	3			
4931	24.6550	3			
4932	24.6600	4			
4933	24.6650	4			
4934	24.6700	4			
4935	24.6750	4			
4936	24.6800	4			
4937	24.6850	4			
4938	24.6900	4			
4939	24.6950	4			
4940	24.7000	4			
4941	24.7050	4			
4942	24.7100	5			
4943	24.7150	5			
4944	24.7200	5			
4945	24.7250	5			
4946	24.7300	5			
4947	24.7350	5			
4948	24.7400	5			
4949	24.7450	5			
4950	24.7500	5			
4951	24.7550	6			
4952	24.7600	6			
4953	24.7650	6			
4954	24.7700	6			
4955	24.7750	6			
4956	24.7800	6			
4957	24.7850	6			
4958	24.7900	6			
4959	24.7950	6			
4960	24.8000	6			
4961	24.8050	6			
4962	24.8100	6			
4963	24.8150	6			
4964	24.8200	6			
4965	24.8250	6			
4966	24.8300	6			
4967	24.8350	6			
4968	24.8400	6			
4969	24.8450	6			
4970	24.8500	6			
4971	24.8550	6			
4972	24.8600	5			
4973	24.8650	5			
4974	24.8700	5			
4975	24.8750	5			
4976	24.8800	5			
4977	24.8850	5			
4978	24.8900	5			
4979	24.8950	5			
4980	24.9000	5			
4981	24.9050	4			
4982	24.9100	4			
4983	24.9150	4			
4984	24.9200	4			
4985	24.9250	4			
4986	24.9300	4			
4987	24.9350	4			
4988	24.9400	4			
4989	24.9450	4			
4990	24.9500	4			
4991	24.9550	3			
4992	24.9600	3			
4993	24.9650	3			
4994	24.9700	3			
4995	24.9750	3			
4996	24.9800	2			
4997	24.9850	2			
4998	24.9900	2			
4999	24.9950	2			
5000	25.0000	2			
