#	time(s)	count A	count B	count C	count D
1	0.0050	-7		32	
2	0.0100	-7		31	
3	0.0150	-8		30	
4	0.0200	-8		30	
5	0.0250	-8		28	
6	0.0300	-8		28	
7	0.0350	-8		27	
8	0.0400	-8		26	
9	0.0450	-8		25	
10	0.0500	-8		24	
11	0.0550	-8		23	
12	0.0600	-8		22	
13	0.0650	-8		21	
14	0.0700	-8		20	
15	0.0750	-8		19	
16	0.0800	-8		18	
17	0.0850	-8		16	
18	0.0900	-8		16	
19	0.0950	-8		14	
20	0.1000	-8		13	
21	0.1050	-8		12	
22	0.1100	-8		11	
23	0.1150	-8		10	
24	0.1200	-8		8	
25	0.1250	-8		7	
26	0.1300	-8		6	
27	0.1350	-7		5	
28	0.1400	-7		4	
29	0.1450	-7		2	
30	0.1500	-6		2	
31	0.1550	-6		0	
32	0.1600	-6		-1	
33	0.1650	-6		-2	
34	0.1700	-6		-3	
35	0.1750	-5		-4	
36	0.1800	-5		-6	
37	0.1850	-4		-6	
38	0.1900	-4		-8	
39	0.1950	-4		-9	
40	0.2000	-4		-10	
41	0.2050	-3		-11	
42	0.2100	-3		-12	
43	0.2150	-2		-14	
44	0.2200	-2		-14	
45	0.2250	-2		-16	
46	0.2300	-1		-16	
47	0.2350	-1		-18	
48	0.2400	0		-18	
49	0.2450	0		-20	
50	0.2500	0		-20	
51	0.2550	1		-21	
52	0.2600	2		-22	
53	0.2650	2		-23	
54	0.2700	2		-24	
55	0.2750	3		-24	
56	0.2800	4		-26	
57	0.2850	4		-26	
58	0.2900	4		-27	
59	0.2950	5		-28	
60	0.3000	5		-28	
61	0.3050	6		-29	
62	0.3100	6		-29	
63	0.3150	7		-30	
64	0.3200	7		-30	
65	0.3250	8		-31	
66	0.3300	8		-31	
67	0.3350	9		-32	
68	0.3400	9		-32	
69	0.3450	10		-32	
70	0.3500	10		-33	
71	0.3550	11		-33	
72	0.3600	11		-33	
73	0.3650	12		-33	
74	0.3700	12		-34	
75	0.3750	12		-34	
76	0.3800	13		-34	
77	0.3850	13		-34	
78	0.3900	14		-34	
79	0.3950	14		-34	
80	0.4000	14		-33	
81	0.4050	15		-33	
82	0.4100	16		-33	
83	0.4150	16		-33	
84	0.4200	16		-32	
85	0.4250	17		-32	
86	0.4300	17		-32	
87	0.4350	17		-31	
88	0.4400	18		-31	
89	0.4450	18		-30	
90	0.4500	18		-30	
91	0.4550	19		-29	
92	0.4600	19		-29	
93	0.4650	19		-28	
94	0.4700	20		-28	
95	0.4750	20		-27	
96	0.4800	20		-26	
97	0.4850	20		-25	
98	0.4900	20		-24	
99	0.4950	21		-24	
100	0.5000	21		-23	
101	0.5050	21		-22	
102	0.5100	21		-21	
103	0.5150	22		-20	
104	0.5200	22		-19	
105	0.5250	22		-18	
106	0.5300	22		-17	
107	0.5350	22		-16	
108	0.5400	22		-15	
109	0.5450	22		-14	
110	0.5500	22		-13	
111	0.5550	22		-12	
112	0.5600	22		-10	
113	0.5650	22		-9	
114	0.5700	22		-8	
115	0.5750	22		-7	
116	0.5800	22		-6	
117	0.5850	22		-4	
118	0.5900	22		-3	
119	0.5950	22		-2	
120	0.6000	22		-1	
121	0.6050	22		0	
122	0.6100	22		2	
123	0.6150	21		3	
124	0.6200	21		4	
125	0.6250	21		6	
126	0.6300	21		7	
127	0.6350	20		8	
128	0.6400	20		10	
129	0.6450	20		11	
130	0.6500	20		12	
131	0.6550	20		14	
132	0.6600	19		15	
133	0.6650	19		16	
134	0.6700	19		17	
135	0.6750	18		18	
136	0.6800	18		20	
137	0.6850	18		21	
138	0.6900	18		22	
139	0.6950	17		24	
140	0.7000	17		24	
141	0.7050	16		26	
142	0.7100	16		27	
143	0.7150	16		28	
144	0.7200	15		29	
145	0.7250	15		30	
146	0.7300	14		31	
147	0.7350	14		32	
148	0.7400	14		33	
149	0.7450	13		34	
150	0.7500	13		35	
151	0.7550	12		36	
152	0.7600	12		36	
153	0.7650	11		37	
154	0.7700	11		38	
155	0.7750	10		39	
156	0.7800	10		39	
157	0.7850	10		40	
158	0.7900	9		40	
159	0.7950	8		41	
160	0.8000	8		42	
161	0.8050	8		42	
162	0.8100	7		42	
163	0.8150	6		43	
164	0.8200	6		43	
165	0.8250	6		43	
166	0.8300	5		44	
167	0.8350	4		44	
168	0.8400	4		44	
169	0.8450	4		44	
170	0.8500	3		44	
171	0.8550	3		44	
172	0.8600	2		44	
173	0.8650	2		44	
174	0.8700	1		44	
175	0.8750	1		43	
176	0.8800	0		43	
177	0.8850	0		43	
178	0.8900	0		42	
179	0.8950	-1		42	
180	0.9000	-1		42	
181	0.9050	-2		42	
182	0.9100	-2		42	
183	0.9150	-2		41	
184	0.9200	-3		40	
185	0.9250	-3		40	
186	0.9300	-4		40	
187	0.9350	-4		39	
188	0.9400	-4		39	
189	0.9450	-4		38	
190	0.9500	-5		38	
191	0.9550	-5		37	
192	0.9600	-6		36	
193	0.9650	-6		36	
194	0.9700	-6		35	
195	0.9750	-6		34	
196	0.9800	-6		34	
197	0.9850	-7		33	
198	0.9900	-7		32	
199	0.9950	-7		32	
200	1.0000	-8		30	
201	1.0050	-8		30	
202	1.0100	-8		29	
203	1.0150	-8		28	
204	1.0200	-8		27	
205	1.0250	-8		26	
206	1.0300	-8		25	
207	1.0350	-8		24	
208	1.0400	-8		23	
209	1.0450	-8		22	
210	1.0500	-8		21	
211	1.0550	-8		20	
212	1.0600	-8		19	
213	1.0650	-8		18	
214	1.0700	-8		17	
215	1.0750	-8		16	
216	1.0800	-8		15	
217	1.0850	-8		14	
218	1.0900	-8		12	
219	1.0950	-8		12	
220	1.1000	-8		10	
221	1.1050	-8		9	
222	1.1100	-8		8	
223	1.1150	-8		7	
224	1.1200	-7		6	
225	1.1250	-7		4	
226	1.1300	-7		3	
227	1.1350	-7		2	
228	1.1400	-6		1	
229	1.1450	-6		0	
230	1.1500	-6		-2	
231	1.1550	-6		-3	
232	1.1600	-5		-4	
233	1.1650	-5		-5	
234	1.1700	-5		-6	
235	1.1750	-4		-7	
236	1.1800	-4		-8	
237	1.1850	-4		-10	
238	1.1900	-3		-11	
239	1.1950	-3		-12	
240	1.2000	-2		-13	
241	1.2050	-2		-14	
242	1.2100	-2		-15	
243	1.2150	-1		-16	
244	1.2200	-1		-17	
245	1.2250	0		-18	
246	1.2300	0		-19	
247	1.2350	0		-20	
248	1.2400	1		-21	
249	1.2450	2		-22	
250	1.2500	2		-22	
251	1.2550	2		-24	
252	1.2600	3		-24	
253	1.2650	3		-25	
254	1.2700	4		-26	
255	1.2750	4		-26	
256	1.2800	5		-27	
257	1.2850	5		-28	
258	1.2900	6		-28	
259	1.2950	6		-29	
260	1.3000	6		-30	
261	1.3050	7		-30	
262	1.3100	8		-31	
263	1.3150	8		-31	
264	1.3200	8		-32	
265	1.3250	9		-32	
266	1.3300	10		-32	
267	1.3350	10		-32	
268	1.3400	10		-33	
269	1.3450	11		-33	
270	1.3500	12		-33	
271	1.3550	12		-33	
272	1.3600	12		-34	
273	1.3650	13		-34	
274	1.3700	13		-34	
275	1.3750	14		-34	
276	1.3800	14		-34	
277	1.3850	14		-34	
278	1.3900	15		-33	
279	1.3950	15		-33	
280	1.4000	16		-33	
281	1.4050	16		-32	
282	1.4100	16		-32	
283	1.4150	17		-32	
284	1.4200	17		-32	
285	1.4250	18		-31	
286	1.4300	18		-30	
287	1.4350	18		-30	
288	1.4400	18		-30	
289	1.4450	19		-29	
290	1.4500	19		-28	
291	1.4550	20		-28	
292	1.4600	20		-27	
293	1.4650	20		-26	
294	1.4700	20		-26	
295	1.4750	20		-25	
296	1.4800	20		-24	
297	1.4850	21		-23	
298	1.4900	21		-22	
299	1.4950	21		-22	
300	1.5000	21		-20	
301	1.5050	22		-20	
302	1.5100	22		-18	
303	1.5150	22		-18	
304	1.5200	22		-16	
305	1.5250	22		-16	
306	1.5300	22		-14	
307	1.5350	22		-13	
308	1.5400	22		-12	
309	1.5450	22		-11	
310	1.5500	22		-10	
311	1.5550	22		-8	
312	1.5600	22		-7	
313	1.5650	22		-6	
314	1.5700	22		-5	
315	1.5750	22		-4	
316	1.5800	22		-2	
317	1.5850	22		-1	
318	1.5900	22		0	
319	1.5950	22		1	
320	1.6000	21		2	
321	1.6050	21		4	
322	1.6100	21		5	
323	1.6150	21		6	
324	1.6200	20		8	
325	1.6250	20		9	
326	1.6300	20		10	
327	1.6350	20		12	
328	1.6400	20		13	
329	1.6450	19		14	
330	1.6500	19		16	
331	1.6550	19		17	
332	1.6600	18		18	
333	1.6650	18		19	
334	1.6700	18		20	
335	1.6750	18		22	
336	1.6800	17		23	
337	1.6850	17		24	
338	1.6900	16		25	
339	1.6950	16		26	
340	1.7000	16		28	
341	1.7050	15		28	
342	1.7100	15		30	
343	1.7150	14		31	
344	1.7200	14		32	
345	1.7250	14		32	
346	1.7300	13		34	
347	1.7350	13		34	
348	1.7400	12		35	
349	1.7450	12		36	
350	1.7500	12		37	
351	1.7550	11		38	
352	1.7600	10		38	
353	1.7650	10		39	
354	1.7700	10		40	
355	1.7750	9		40	
356	1.7800	8		41	
357	1.7850	8		42	
358	1.7900	8		42	
359	1.7950	7		42	
360	1.8000	6		42	
361	1.8050	6		43	
362	1.8100	6		43	
363	1.8150	5		44	
364	1.8200	5		44	
365	1.8250	4		44	
366	1.8300	4		44	
367	1.8350	3		44	
368	1.8400	3		44	
369	1.8450	2		44	
370	1.8500	2		44	
371	1.8550	1		44	
372	1.8600	1		43	
373	1.8650	0		43	
374	1.8700	0		43	
375	1.8750	0		43	
376	1.8800	-1		42	
377	1.8850	-1		42	
378	1.8900	-2		42	
379	1.8950	-2		42	
380	1.9000	-2		41	
381	1.9050	-3		41	
382	1.9100	-3		40	
383	1.9150	-4		40	
384	1.9200	-4		39	
385	1.9250	-4		39	
386	1.9300	-4		38	
387	1.9350	-5		38	
388	1.9400	-5		37	
389	1.9450	-6		36	
390	1.9500	-6		36	
391	1.9550	-6		35	
392	1.9600	-6		34	
393	1.9650	-6		34	
394	1.9700	-7		33	
395	1.9750	-7		32	
396	1.9800	-7		32	
397	1.9850	-8		31	
398	1.9900	-8		30	
399	1.9950	-8		29	
400	2.0000	-8		28	
401	2.0050	-8		27	
402	2.0100	-8		26	
403	2.0150	-8		26	
404	2.0200	-8		24	
405	2.0250	-8		24	
406	2.0300	-8		22	
407	2.0350	-8		22	
408	2.0400	-8		20	
409	2.0450	-8		20	
410	2.0500	-8		18	
411	2.0550	-8		17	
412	2.0600	-8		16	
413	2.0650	-8		15	
414	2.0700	-8		14	
415	2.0750	-8		13	
416	2.0800	-8		12	
417	2.0850	-8		10	
418	2.0900	-8		9	
419	2.0950	-8		8	
420	2.1000	-8		7	
421	2.1050	-8		6	
422	2.1100	-7		4	
423	2.1150	-7		4	
424	2.1200	-7		2	
425	2.1250	-6		1	
426	2.1300	-6		0	
427	2.1350	-6		-1	
428	2.1400	-6		-2	
429	2.1450	-6		-4	
430	2.1500	-5		-5	
431	2.1550	-5		-6	
432	2.1600	-4		-7	
433	2.1650	-4		-8	
434	2.1700	-4		-9	
435	2.1750	-4		-10	
436	2.1800	-3		-12	
437	2.1850	-3		-13	
438	2.1900	-2		-14	
439	2.1950	-2		-15	
440	2.2000	-2		-16	
441	2.2050	-1		-17	
442	2.2100	0		-18	
443	2.2150	0		-19	
444	2.2200	0		-20	
445	2.2250	1		-21	
446	2.2300	1		-22	
447	2.2350	2		-22	
448	2.2400	2		-23	
449	2.2450	2		-24	
450	2.2500	3		-25	
451	2.2550	4		-26	
452	2.2600	4		-26	
453	2.2650	4		-27	
454	2.2700	5		-28	
455	2.2750	6		-28	
456	2.2800	6		-29	
457	2.2850	6		-30	
458	2.2900	7		-30	
459	2.2950	8		-30	
460	2.3000	8		-31	
461	2.3050	8		-32	
462	2.3100	9		-32	
463	2.3150	10		-32	
464	2.3200	10		-32	
465	2.3250	10		-33	
466	2.3300	11		-33	
467	2.3350	12		-33	
468	2.3400	12		-33	
469	2.3450	12		-34	
470	2.3500	13		-34	
471	2.3550	13		-34	
472	2.3600	14		-34	
473	2.3650	14		-34	
474	2.3700	14		-34	
475	2.3750	15		-33	
476	2.3800	15		-33	
477	2.3850	16		-33	
478	2.3900	16		-32	
479	2.3950	16		-32	
480	2.4000	17		-32	
481	2.4050	17		-32	
482	2.4100	18		-31	
483	2.4150	18		-31	
484	2.4200	18		-30	
485	2.4250	18		-30	
486	2.4300	19		-29	
487	2.4350	19		-28	
488	2.4400	19		-28	
489	2.4450	20		-27	
490	2.4500	20		-26	
491	2.4550	20		-26	
492	2.4600	20		-25	
493	2.4650	20		-24	
494	2.4700	21		-24	
495	2.4750	21		-22	
496	2.4800	21		-22	
497	2.4850	21		-21	
498	2.4900	22		-20	
499	2.4950	22		-19	
500	2.5000	22		-18	
501	2.5050	22		-17	
502	2.5100	22		-16	
503	2.5150	22		-14	
504	2.5200	22		-14	
505	2.5250	22		-12	
506	2.5300	22		-11	
507	2.5350	22		-10	
508	2.5400	22		-9	
509	2.5450	22		-8	
510	2.5500	22		-6	
511	2.5550	22		-5	
512	2.5600	22		-4	
513	2.5650	22		-3	
514	2.5700	22		-2	
515	2.5750	22		0	
516	2.5800	22		1	
517	2.5850	22		2	
518	2.5900	21		4	
519	2.5950	21		5	
520	2.6000	21		6	
521	2.6050	20		8	
522	2.6100	20		9	
523	2.6150	20		10	
524	2.6200	20		12	
525	2.6250	20		13	
526	2.6300	19		14	
527	2.6350	19		15	
528	2.6400	19		16	
529	2.6450	18		18	
530	2.6500	18		19	
531	2.6550	18		20	
532	2.6600	18		22	
533	2.6650	17		22	
534	2.6700	17		24	
535	2.6750	16		25	
536	2.6800	16		26	
537	2.6850	16		27	
538	2.6900	15		28	
539	2.6950	15		29	
540	2.7000	14		30	
541	2.7050	14		32	
542	2.7100	14		32	
543	2.7150	13		33	
544	2.7200	13		34	
545	2.7250	12		35	
546	2.7300	12		36	
547	2.7350	12		37	
548	2.7400	11		38	
549	2.7450	10		38	
550	2.7500	10		39	
551	2.7550	10		40	
552	2.7600	9		40	
553	2.7650	9		41	
554	2.7700	8		41	
555	2.7750	8		42	
556	2.7800	7		42	
557	2.7850	7		42	
558	2.7900	6		43	
559	2.7950	6		43	
560	2.8000	5		43	
561	2.8050	5		44	
562	2.8100	4		44	
563	2.8150	4		44	
564	2.8200	3		44	
565	2.8250	3		44	
566	2.8300	2		44	
567	2.8350	2		44	
568	2.8400	2		44	
569	2.8450	1		43	
570	2.8500	0		43	
571	2.8550	0		43	
572	2.8600	0		43	
573	2.8650	-1		42	
574	2.8700	-1		42	
575	2.8750	-2		42	
576	2.8800	-2		42	
577	2.8850	-2		41	
578	2.8900	-3		41	
579	2.8950	-3		40	
580	2.9000	-4		40	
581	2.9050	-4		40	
582	2.9100	-4		39	
583	2.9150	-4		38	
584	2.9200	-5		38	
585	2.9250	-5		37	
586	2.9300	-6		36	
587	2.9350	-6		36	
588	2.9400	-6		35	
589	2.9450	-6		34	
590	2.9500	-6		34	
591	2.9550	-7		33	
592	2.9600	-7		32	
593	2.9650	-7		32	
594	2.9700	-7		31	
595	2.9750	-8		30	
596	2.9800	-8		29	
597	2.9850	-8		28	
598	2.9900	-8		28	
599	2.9950	-8		26	
600	3.0000	-8		26	
601	3.0050	-8		24	
602	3.0100	-8		24	
603	3.0150	-8		22	
604	3.0200	-8		22	
605	3.0250	-8		20	
606	3.0300	-8		20	
607	3.0350	-8		18	
608	3.0400	-8		18	
609	3.0450	-8		16	
610	3.0500	-8		15	
611	3.0550	-8		14	
612	3.0600	-8		13	
613	3.0650	-8		12	
614	3.0700	-8		11	
615	3.0750	-8		10	
616	3.0800	-8		8	
617	3.0850	-8		7	
618	3.0900	-8		6	
619	3.0950	-7		5	
620	3.1000	-7		4	
621	3.1050	-7		2	
622	3.1100	-6		1	
623	3.1150	-6		0	
624	3.1200	-6		-1	
625	3.1250	-6		-2	
626	3.1300	-6		-4	
627	3.1350	-5		-4	
628	3.1400	-5		-6	
629	3.1450	-4		-7	
630	3.1500	-4		-8	
631	3.1550	-4		-9	
632	3.1600	-4		-10	
633	3.1650	-3		-12	
634	3.1700	-3		-12	
635	3.1750	-2		-14	
636	3.1800	-2		-14	
637	3.1850	-2		-16	
638	3.1900	-1		-16	
639	3.1950	-1		-18	
640	3.2000	0		-18	
641	3.2050	0		-20	
642	3.2100	1		-20	
643	3.2150	1		-22	
644	3.2200	2		-22	
645	3.2250	2		-23	
646	3.2300	2		-24	
647	3.2350	3		-25	
648	3.2400	4		-26	
649	3.2450	4		-26	
650	3.2500	4		-27	
651	3.2550	5		-28	
652	3.2600	5		-28	
653	3.2650	6		-29	
654	3.2700	6		-30	
655	3.2750	7		-30	
656	3.2800	7		-30	
657	3.2850	8		-31	
658	3.2900	8		-31	
659	3.2950	9		-32	
660	3.3000	9		-32	
661	3.3050	10		-32	
662	3.3100	10		-33	
663	3.3150	11		-33	
664	3.3200	11		-33	
665	3.3250	12		-33	
666	3.3300	12		-33	
667	3.3350	12		-34	
668	3.3400	13		-34	
669	3.3450	14		-34	
670	3.3500	14		-34	
671	3.3550	14		-33	
672	3.3600	15		-33	
673	3.3650	15		-33	
674	3.3700	16		-33	
675	3.3750	16		-32	
676	3.3800	16		-32	
677	3.3850	17		-32	
678	3.3900	17		-32	
679	3.3950	18		-31	
680	3.4000	18		-31	
681	3.4050	18		-30	
682	3.4100	18		-30	
683	3.4150	19		-29	
684	3.4200	19		-28	
685	3.4250	19		-28	
686	3.4300	20		-27	
687	3.4350	20		-26	
688	3.4400	20		-26	
689	3.4450	20		-25	
690	3.4500	20		-24	
691	3.4550	21		-24	
692	3.4600	21		-22	
693	3.4650	21		-22	
694	3.4700	21		-21	
695	3.4750	22		-20	
696	3.4800	22		-19	
697	3.4850	22		-18	
698	3.4900	22		-17	
699	3.4950	22		-16	
700	3.5000	22		-15	
701	3.5050	22		-14	
702	3.5100	22		-12	
703	3.5150	22		-11	
704	3.5200	22		-10	
705	3.5250	22		-9	
706	3.5300	22		-8	
707	3.5350	22		-6	
708	3.5400	22		-5	
709	3.5450	22		-4	
710	3.5500	22		-3	
711	3.5550	22		-2	
712	3.5600	22		0	
713	3.5650	22		1	
714	3.5700	22		2	
715	3.5750	21		4	
716	3.5800	21		5	
717	3.5850	21		6	
718	3.5900	21		7	
719	3.5950	20		8	
720	3.6000	20		10	
721	3.6050	20		11	
722	3.6100	20		12	
723	3.6150	20		14	
724	3.6200	19		15	
725	3.6250	19		16	
726	3.6300	18		18	
727	3.6350	18		19	
728	3.6400	18		20	
729	3.6450	18		21	
730	3.6500	17		22	
731	3.6550	17		24	
732	3.6600	16		25	
733	3.6650	16		26	
734	3.6700	16		27	
735	3.6750	16		28	
736	3.6800	15		29	
737	3.6850	14		30	
738	3.6900	14		31	
739	3.6950	14		32	
740	3.7000	13		33	
741	3.7050	13		34	
742	3.7100	12		35	
743	3.7150	12		36	
744	3.7200	12		36	
745	3.7250	11		37	
746	3.7300	11		38	
747	3.7350	10		39	
748	3.7400	10		40	
749	3.7450	9		40	
750	3.7500	9		40	
751	3.7550	8		41	
752	3.7600	8		42	
753	3.7650	7		42	
754	3.7700	7		42	
755	3.7750	6		43	
756	3.7800	6		43	
757	3.7850	6		43	
758	3.7900	5		44	
759	3.7950	4		44	
760	3.8000	4		44	
761	3.8050	4		44	
762	3.8100	3		44	
763	3.8150	2		44	
764	3.8200	2		44	
765	3.8250	2		44	
766	3.8300	1		43	
767	3.8350	1		43	
768	3.8400	0		43	
769	3.8450	0		43	
770	3.8500	0		42	
771	3.8550	-1		42	
772	3.8600	-2		42	
773	3.8650	-2		42	
774	3.8700	-2		41	
775	3.8750	-2		41	
776	3.8800	-3		40	
777	3.8850	-3		40	
778	3.8900	-4		40	
779	3.8950	-4		39	
780	3.9000	-4		38	
781	3.9050	-5		38	
782	3.9100	-5		37	
783	3.9150	-5		36	
784	3.9200	-6		36	
785	3.9250	-6		35	
786	3.9300	-6		34	
787	3.9350	-6		34	
788	3.9400	-7		33	
789	3.9450	-7		32	
790	3.9500	-7		32	
791	3.9550	-7		31	
792	3.9600	-8		30	
793	3.9650	-8		29	
794	3.9700	-8		28	
795	3.9750	-8		28	
796	3.9800	-8		26	
797	3.9850	-8		26	
798	3.9900	-8		25	
799	3.9950	-8		24	
800	4.0000	-8		23	
801	4.0050	-8		22	
802	4.0100	-8		21	
803	4.0150	-8		20	
804	4.0200	-8		19	
805	4.0250	-8		18	
806	4.0300	-8		16	
807	4.0350	-8		15	
808	4.0400	-8		14	
809	4.0450	-8		13	
810	4.0500	-8		12	
811	4.0550	-8		11	
812	4.0600	-8		10	
813	4.0650	-8		8	
814	4.0700	-8		7	
815	4.0750	-8		6	
816	4.0800	-7		5	
817	4.0850	-7		4	
818	4.0900	-7		3	
819	4.0950	-7		2	
820	4.1000	-6		0	
821	4.1050	-6		-1	
822	4.1100	-6		-2	
823	4.1150	-6		-3	
824	4.1200	-5		-4	
825	4.1250	-5		-6	
826	4.1300	-4		-6	
827	4.1350	-4		-8	
828	4.1400	-4		-9	
829	4.1450	-4		-10	
830	4.1500	-3		-11	
831	4.1550	-3		-12	
832	4.1600	-2		-13	
833	4.1650	-2		-14	
834	4.1700	-2		-16	
835	4.1750	-1		-16	
836	4.1800	-1		-17	
837	4.1850	0		-18	
838	4.1900	0		-19	
839	4.1950	0		-20	
840	4.2000	1		-21	
841	4.2050	2		-22	
842	4.2100	2		-23	
843	4.2150	2		-24	
844	4.2200	3		-24	
845	4.2250	3		-25	
846	4.2300	4		-26	
847	4.2350	4		-27	
848	4.2400	5		-28	
849	4.2450	5		-28	
850	4.2500	6		-28	
851	4.2550	6		-29	
852	4.2600	7		-30	
853	4.2650	7		-30	
854	4.2700	8		-31	
855	4.2750	8		-31	
856	4.2800	9		-32	
857	4.2850	9		-32	
858	4.2900	10		-32	
859	4.2950	10		-32	
860	4.3000	11		-33	
861	4.3050	11		-33	
862	4.3100	12		-33	
863	4.3150	12		-33	
864	4.3200	12		-33	
865	4.3250	13		-34	
866	4.3300	13		-34	
867	4.3350	14		-33	
868	4.3400	14		-33	
869	4.3450	14		-33	
870	4.3500	15		-33	
871	4.3550	16		-33	
872	4.3600	16		-32	
873	4.3650	16		-32	
874	4.3700	16		-32	
875	4.3750	17		-32	
876	4.3800	17		-31	
877	4.3850	18		-31	
878	4.3900	18		-30	
879	4.3950	18		-30	
880	4.4000	18		-29	
881	4.4050	19		-28	
882	4.4100	19		-28	
883	4.4150	20		-27	
884	4.4200	20		-27	
885	4.4250	20		-26	
886	4.4300	20		-25	
887	4.4350	20		-24	
888	4.4400	21		-24	
889	4.4450	21		-23	
890	4.4500	21		-22	
891	4.4550	21		-21	
892	4.4600	22		-20	
893	4.4650	22		-19	
894	4.4700	22		-18	
895	4.4750	22		-17	
896	4.4800	22		-16	
897	4.4850	22		-15	
898	4.4900	22		-14	
899	4.4950	22		-13	
900	4.5000	22		-12	
901	4.5050	22		-10	
902	4.5100	22		-9	
903	4.5150	22		-8	
904	4.5200	22		-7	
905	4.5250	22		-6	
906	4.5300	22		-4	
907	4.5350	22		-3	
908	4.5400	22		-2	
909	4.5450	22		-1	
910	4.5500	22		0	
911	4.5550	22		2	
912	4.5600	21		3	
913	4.5650	21		4	
914	4.5700	21		6	
915	4.5750	21		7	
916	4.5800	20		8	
917	4.5850	20		10	
918	4.5900	20		11	
919	4.5950	20		12	
920	4.6000	20		14	
921	4.6050	19		15	
922	4.6100	19		16	
923	4.6150	19		17	
924	4.6200	18		18	
925	4.6250	18		20	
926	4.6300	18		21	
927	4.6350	18		22	
928	4.6400	17		23	
929	4.6450	17		24	
930	4.6500	16		26	
931	4.6550	16		26	
932	4.6600	16		28	
933	4.6650	15		29	
934	4.6700	15		30	
935	4.6750	14		31	
936	4.6800	14		32	
937	4.6850	14		33	
938	4.6900	13		34	
939	4.6950	12		34	
940	4.7000	12		36	
941	4.7050	12		36	
942	4.7100	11		37	
943	4.7150	11		38	
944	4.7200	10		38	
945	4.7250	10		39	
946	4.7300	10		40	
947	4.7350	9		40	
948	4.7400	8		41	
949	4.7450	8		41	
950	4.7500	8		42	
951	4.7550	7		42	
952	4.7600	6		42	
953	4.7650	6		43	
954	4.7700	6		43	
955	4.7750	5		43	
956	4.7800	4		43	
957	4.7850	4		44	
958	4.7900	4		44	
959	4.7950	3		44	
960	4.8000	3		44	
961	4.8050	2		43	
962	4.8100	2		43	
963	4.8150	1		43	
964	4.8200	1		43	
965	4.8250	0		43	
966	4.8300	0		42	
967	4.8350	0		42	
968	4.8400	-1		42	
969	4.8450	-1		42	
970	4.8500	-2		42	
971	4.8550	-2		41	
972	4.8600	-2		41	
973	4.8650	-3		40	
974	4.8700	-3		40	
975	4.8750	-4		40	
976	4.8800	-4		39	
977	4.8850	-4		38	
978	4.8900	-4		38	
979	4.8950	-5		37	
980	4.9000	-5		37	
981	4.9050	-6		36	
982	4.9100	-6		35	
983	4.9150	-6		35	
984	4.9200	-6		34	
985	4.9250	-7		33	
986	4.9300	-7		32	
987	4.9350	-7		32	
988	4.9400	-7		31	
989	4.9450	-8		30	
990	4.9500	-8		30	
991	4.9550	-8		28	
992	4.9600	-8		28	
993	4.9650	-8		27	
994	4.9700	-8		26	
995	4.9750	-8		25	
996	4.9800	-8		24	
997	4.9850	-8		23	
998	4.9900	-8		22	
999	4.9950	-8		21	
1000	5.0000	-8		20	
1001	5.0050	-8		19	
1002	5.0100	-8		18	
1003	5.0150	-8		17	
1004	5.0200	-8		16	
1005	5.0250	-8		14	
1006	5.0300	-8		13	
1007	5.0350	-8		12	
1008	5.0400	-8		11	
1009	5.0450	-8		10	
1010	5.0500	-8		9	
1011	5.0550	-8		8	
1012	5.0600	-8		6	
1013	5.0650	-8		5	
1014	5.0700	-7		4	
1015	5.0750	-7		3	
1016	5.0800	-7		2	
1017	5.0850	-6		0	
1018	5.0900	-6		0	
1019	5.0950	-6		-2	
1020	5.1000	-6		-3	
1021	5.1050	-5		-4	
1022	5.1100	-5		-5	
1023	5.1150	-5		-6	
1024	5.1200	-4		-8	
1025	5.1250	-4		-8	
1026	5.1300	-4		-10	
1027	5.1350	-3		-11	
1028	5.1400	-3		-12	
1029	5.1450	-2		-13	
1030	5.1500	-2		-14	
1031	5.1550	-2		-15	
1032	5.1600	-1		-16	
1033	5.1650	-1		-17	
1034	5.1700	0		-18	
1035	5.1750	0		-19	
1036	5.1800	0		-20	
1037	5.1850	1		-21	
1038	5.1900	1		-22	
1039	5.1950	2		-22	
1040	5.2000	2		-24	
1041	5.2050	3		-24	
1042	5.2100	3		-25	
1043	5.2150	4		-26	
1044	5.2200	4		-26	
1045	5.2250	5		-27	
1046	5.2300	5		-28	
1047	5.2350	6		-28	
1048	5.2400	6		-29	
1049	5.2450	6		-30	
1050	5.2500	7		-30	
1051	5.2550	8		-30	
1052	5.2600	8		-31	
1053	5.2650	8		-31	
1054	5.2700	9		-32	
1055	5.2750	10		-32	
1056	5.2800	10		-32	
1057	5.2850	10		-32	
1058	5.2900	11		-33	
1059	5.2950	12		-33	
1060	5.3000	12		-33	
1061	5.3050	12		-33	
1062	5.3100	13		-33	
1063	5.3150	13		-33	
1064	5.3200	14		-33	
1065	5.3250	14		-33	
1066	5.3300	14		-33	
1067	5.3350	15		-33	
1068	5.3400	15		-33	
1069	5.3450	16		-32	
1070	5.3500	16		-32	
1071	5.3550	16		-32	
1072	5.3600	17		-32	
1073	5.3650	17		-31	
1074	5.3700	18		-31	
1075	5.3750	18		-30	
1076	5.3800	18		-30	
1077	5.3850	18		-29	
1078	5.3900	19		-29	
1079	5.3950	19		-28	
1080	5.4000	20		-28	
1081	5.4050	20		-27	
1082	5.4100	20		-26	
1083	5.4150	20		-25	
1084	5.4200	20		-24	
1085	5.4250	20		-24	
1086	5.4300	21		-23	
1087	5.4350	21		-22	
1088	5.4400	21		-21	
1089	5.4450	21		-20	
1090	5.4500	22		-19	
1091	5.4550	22		-18	
1092	5.4600	22		-17	
1093	5.4650	22		-16	
1094	5.4700	22		-15	
1095	5.4750	22		-14	
1096	5.4800	22		-13	
1097	5.4850	22		-12	
1098	5.4900	22		-10	
1099	5.4950	22		-10	
1100	5.5000	22		-8	
1101	5.5050	22		-7	
1102	5.5100	22		-6	
1103	5.5150	22		-4	
1104	5.5200	22		-3	
1105	5.5250	22		-2	
1106	5.5300	22		-1	
1107	5.5350	22		0	
1108	5.5400	22		2	
1109	5.5450	21		3	
1110	5.5500	21		4	
1111	5.5550	21		6	
1112	5.5600	21		7	
1113	5.5650	20		8	
1114	5.5700	20		9	
1115	5.5750	20		10	
1116	5.5800	20		12	
1117	5.5850	20		13	
1118	5.5900	19		14	
1119	5.5950	19		16	
1120	5.6000	19		17	
1121	5.6050	18		18	
1122	5.6100	18		20	
1123	5.6150	18		21	
1124	5.6200	18		22	
1125	5.6250	17		23	
1126	5.6300	17		24	
1127	5.6350	16		25	
1128	5.6400	16		26	
1129	5.6450	16		28	
1130	5.6500	15		28	
1131	5.6550	15		30	
1132	5.6600	14		31	
1133	5.6650	14		32	
1134	5.6700	14		32	
1135	5.6750	13		34	
1136	5.6800	13		34	
1137	5.6850	12		35	
1138	5.6900	12		36	
1139	5.6950	12		37	
1140	5.7000	11		38	
1141	5.7050	10		38	
1142	5.7100	10		39	
1143	5.7150	10		40	
1144	5.7200	9		40	
1145	5.7250	8		41	
1146	5.7300	8		41	
1147	5.7350	8		42	
1148	5.7400	7		42	
1149	5.7450	6		42	
1150	5.7500	6		43	
1151	5.7550	6		43	
1152	5.7600	5		43	
1153	5.7650	5		43	
1154	5.7700	4		43	
1155	5.7750	4		43	
1156	5.7800	3		43	
1157	5.7850	3		43	
1158	5.7900	2		43	
1159	5.7950	2		43	
1160	5.8000	2		43	
1161	5.8050	1		43	
1162	5.8100	0		43	
1163	5.8150	0		42	
1164	5.8200	0		42	
1165	5.8250	-1		42	
1166	5.8300	-1		42	
1167	5.8350	-2		42	
1168	5.8400	-2		41	
1169	5.8450	-2		41	
1170	5.8500	-3		40	
1171	5.8550	-3		40	
1172	5.8600	-4		40	
1173	5.8650	-4		39	
1174	5.8700	-4		38	
1175	5.8750	-4		38	
1176	5.8800	-5		38	
1177	5.8850	-5		37	
1178	5.8900	-6		36	
1179	5.8950	-6		36	
1180	5.9000	-6		35	
1181	5.9050	-6		34	
1182	5.9100	-6		34	
1183	5.9150	-7		33	
1184	5.9200	-7		32	
1185	5.9250	-7		31	
1186	5.9300	-8		30	
1187	5.9350	-8		30	
1188	5.9400	-8		29	
1189	5.9450	-8		28	
1190	5.9500	-8		27	
1191	5.9550	-8		26	
1192	5.9600	-8		25	
1193	5.9650	-8		24	
1194	5.9700	-8		23	
1195	5.9750	-8		22	
1196	5.9800	-8		21	
1197	5.9850	-8		20	
1198	5.9900	-8		19	
1199	5.9950	-8		18	
1200	6.0000	-8		17	
1201	6.0050	-8		16	
1202	6.0100	-8		15	
1203	6.0150	-8		14	
1204	6.0200	-8		12	
1205	6.0250	-8		12	
1206	6.0300	-8		10	
1207	6.0350	-8		9	
1208	6.0400	-8		8	
1209	6.0450	-8		7	
1210	6.0500	-8		6	
1211	6.0550	-7		4	
1212	6.0600	-7		3	
1213	6.0650	-7		2	
1214	6.0700	-6		1	
1215	6.0750	-6		0	
1216	6.0800	-6		-2	
1217	6.0850	-6		-2	
1218	6.0900	-6		-4	
1219	6.0950	-5		-5	
1220	6.1000	-5		-6	
1221	6.1050	-4		-7	
1222	6.1100	-4		-8	
1223	6.1150	-4		-10	
1224	6.1200	-4		-10	
1225	6.1250	-3		-12	
1226	6.1300	-3		-13	
1227	6.1350	-2		-14	
1228	6.1400	-2		-15	
1229	6.1450	-2		-16	
1230	6.1500	-1		-17	
1231	6.1550	0		-18	
1232	6.1600	0		-19	
1233	6.1650	0		-20	
1234	6.1700	1		-20	
1235	6.1750	1		-22	
1236	6.1800	2		-22	
1237	6.1850	2		-23	
1238	6.1900	2		-24	
1239	6.1950	3		-25	
1240	6.2000	4		-26	
1241	6.2050	4		-26	
1242	6.2100	4		-27	
1243	6.2150	5		-28	
1244	6.2200	6		-28	
1245	6.2250	6		-29	
1246	6.2300	6		-29	
1247	6.2350	7		-30	
1248	6.2400	8		-30	
1249	6.2450	8		-31	
1250	6.2500	8		-31	
1251	6.2550	9		-32	
1252	6.2600	10		-32	
1253	6.2650	10		-32	
1254	6.2700	10		-32	
1255	6.2750	11		-33	
1256	6.2800	11		-33	
1257	6.2850	12		-33	
1258	6.2900	12		-33	
1259	6.2950	12		-33	
1260	6.3000	13		-33	
1261	6.3050	14		-33	
1262	6.3100	14		-33	
1263	6.3150	14		-33	
1264	6.3200	15		-33	
1265	6.3250	15		-33	
1266	6.3300	16		-32	
1267	6.3350	16		-32	
1268	6.3400	16		-32	
1269	6.3450	17		-32	
1270	6.3500	17		-31	
1271	6.3550	18		-31	
1272	6.3600	18		-30	
1273	6.3650	18		-30	
1274	6.3700	18		-30	
1275	6.3750	19		-29	
1276	6.3800	19		-28	
1277	6.3850	19		-28	
1278	6.3900	20		-27	
1279	6.3950	20		-26	
1280	6.4000	20		-26	
1281	6.4050	20		-25	
1282	6.4100	20		-24	
1283	6.4150	21		-23	
1284	6.4200	21		-22	
1285	6.4250	21		-21	
1286	6.4300	21		-20	
1287	6.4350	22		-20	
1288	6.4400	22		-18	
1289	6.4450	22		-18	
1290	6.4500	22		-16	
1291	6.4550	22		-16	
1292	6.4600	22		-14	
1293	6.4650	22		-13	
1294	6.4700	22		-12	
1295	6.4750	22		-11	
1296	6.4800	22		-10	
1297	6.4850	22		-9	
1298	6.4900	22		-8	
1299	6.4950	22		-6	
1300	6.5000	22		-5	
1301	6.5050	22		-4	
1302	6.5100	22		-2	
1303	6.5150	22		-1	
1304	6.5200	22		0	
1305	6.5250	22		1	
1306	6.5300	21		2	
1307	6.5350	21		4	
1308	6.5400	21		5	
1309	6.5450	21		6	
1310	6.5500	20		8	
1311	6.5550	20		9	
1312	6.5600	20		10	
1313	6.5650	20		12	
1314	6.5700	20		13	
1315	6.5750	19		14	
1316	6.5800	19		15	
1317	6.5850	19		16	
1318	6.5900	18		18	
1319	6.5950	18		19	
1320	6.6000	18		20	
1321	6.6050	18		22	
1322	6.6100	17		22	
1323	6.6150	17		24	
1324	6.6200	16		25	
1325	6.6250	16		26	
1326	6.6300	16		27	
1327	6.6350	15		28	
1328	6.6400	15		29	
1329	6.6450	14		30	
1330	6.6500	14		31	
1331	6.6550	14		32	
1332	6.6600	13		33	
1333	6.6650	13		34	
1334	6.6700	12		35	
1335	6.6750	12		36	
1336	6.6800	12		36	
1337	6.6850	11		37	
1338	6.6900	10		38	
1339	6.6950	10		39	
1340	6.7000	10		39	
1341	6.7050	9		40	
1342	6.7100	8		40	
1343	6.7150	8		41	
1344	6.7200	8		42	
1345	6.7250	7		42	
1346	6.7300	7		42	
1347	6.7350	6		42	
1348	6.7400	6		43	
1349	6.7450	5		43	
1350	6.7500	5		43	
1351	6.7550	4		43	
1352	6.7600	4		43	
1353	6.7650	3		43	
1354	6.7700	3		43	
1355	6.7750	2		43	
1356	6.7800	2		43	
1357	6.7850	2		43	
1358	6.7900	1		43	
1359	6.7950	0		43	
1360	6.8000	0		42	
1361	6.8050	0		42	
1362	6.8100	-1		42	
1363	6.8150	-1		42	
1364	6.8200	-2		42	
1365	6.8250	-2		41	
1366	6.8300	-2		41	
1367	6.8350	-3		40	
1368	6.8400	-3		40	
1369	6.8450	-4		40	
1370	6.8500	-4		39	
1371	6.8550	-4		38	
1372	6.8600	-4		38	
1373	6.8650	-5		38	
1374	6.8700	-5		37	
1375	6.8750	-6		36	
1376	6.8800	-6		36	
1377	6.8850	-6		35	
1378	6.8900	-6		34	
1379	6.8950	-6		34	
1380	6.9000	-7		33	
1381	6.9050	-7		32	
1382	6.9100	-7		31	
1383	6.9150	-8		30	
1384	6.9200	-8		30	
1385	6.9250	-8		29	
1386	6.9300	-8		28	
1387	6.9350	-8		27	
1388	6.9400	-8		26	
1389	6.9450	-8		25	
1390	6.9500	-8		24	
1391	6.9550	-8		23	
1392	6.9600	-8		22	
1393	6.9650	-8		21	
1394	6.9700	-8		20	
1395	6.9750	-8		19	
1396	6.9800	-8		18	
1397	6.9850	-8		17	
1398	6.9900	-8		16	
1399	6.9950	-8		15	
1400	7.0000	-8		14	
1401	7.0050	-8		12	
1402	7.0100	-8		12	
1403	7.0150	-8		10	
1404	7.0200	-8		9	
1405	7.0250	-8		8	
1406	7.0300	-8		7	
1407	7.0350	-8		6	
1408	7.0400	-7		4	
1409	7.0450	-7		3	
1410	7.0500	-7		2	
1411	7.0550	-6		1	
1412	7.0600	-6		0	
1413	7.0650	-6		-2	
1414	7.0700	-6		-2	
1415	7.0750	-6		-4	
1416	7.0800	-5		-5	
1417	7.0850	-5		-6	
1418	7.0900	-4		-7	
1419	7.0950	-4		-8	
1420	7.1000	-4		-9	
1421	7.1050	-4		-10	
1422	7.1100	-3		-12	
1423	7.1150	-3		-13	
1424	7.1200	-2		-14	
1425	7.1250	-2		-15	
1426	7.1300	-2		-16	
1427	7.1350	-1		-17	
1428	7.1400	-1		-18	
1429	7.1450	0		-19	
1430	7.1500	0		-20	
1431	7.1550	1		-20	
1432	7.1600	1		-22	
1433	7.1650	2		-22	
1434	7.1700	2		-23	
1435	7.1750	2		-24	
1436	7.1800	3		-25	
1437	7.1850	4		-26	
1438	7.1900	4		-26	
1439	7.1950	4		-27	
1440	7.2000	5		-28	
1441	7.2050	6		-28	
1442	7.2100	6		-29	
1443	7.2150	6		-30	
1444	7.2200	7		-30	
1445	7.2250	7		-30	
1446	7.2300	8		-31	
1447	7.2350	8		-31	
1448	7.2400	9		-32	
1449	7.2450	9		-32	
1450	7.2500	10		-32	
1451	7.2550	10		-32	
1452	7.2600	11		-33	
1453	7.2650	11		-33	
1454	7.2700	12		-33	
1455	7.2750	12		-33	
1456	7.2800	12		-33	
1457	7.2850	13		-34	
1458	7.2900	14		-34	
1459	7.2950	14		-33	
1460	7.3000	14		-33	
1461	7.3050	15		-33	
1462	7.3100	15		-33	
1463	7.3150	16		-33	
1464	7.3200	16		-32	
1465	7.3250	16		-32	
1466	7.3300	17		-32	
1467	7.3350	17		-32	
1468	7.3400	18		-31	
1469	7.3450	18		-30	
1470	7.3500	18		-30	
1471	7.3550	18		-30	
1472	7.3600	19		-29	
1473	7.3650	19		-28	
1474	7.3700	19		-28	
1475	7.3750	20		-27	
1476	7.3800	20		-26	
1477	7.3850	20		-26	
1478	7.3900	20		-25	
1479	7.3950	20		-24	
1480	7.4000	21		-23	
1481	7.4050	21		-22	
1482	7.4100	21		-22	
1483	7.4150	21		-20	
1484	7.4200	22		-20	
1485	7.4250	22		-18	
1486	7.4300	22		-18	
1487	7.4350	22		-16	
1488	7.4400	22		-16	
1489	7.4450	22		-14	
1490	7.4500	22		-14	
1491	7.4550	22		-12	
1492	7.4600	22		-11	
1493	7.4650	22		-10	
1494	7.4700	22		-9	
1495	7.4750	22		-8	
1496	7.4800	22		-6	
1497	7.4850	22		-5	
1498	7.4900	22		-4	
1499	7.4950	22		-3	
1500	7.5000	22		-2	
1501	7.5050	22		0	
1502	7.5100	22		1	
1503	7.5150	22		2	
1504	7.5200	21		4	
1505	7.5250	21		5	
1506	7.5300	21		6	
1507	7.5350	21		8	
1508	7.5400	20		9	
1509	7.5450	20		10	
1510	7.5500	20		11	
1511	7.5550	20		12	
1512	7.5600	20		14	
1513	7.5650	19		15	
1514	7.5700	19		16	
1515	7.5750	19		18	
1516	7.5800	18		19	
1517	7.5850	18		20	
1518	7.5900	18		21	
1519	7.5950	17		22	
1520	7.6000	17		24	
1521	7.6050	16		25	
1522	7.6100	16		26	
1523	7.6150	16		27	
1524	7.6200	16		28	
1525	7.6250	15		29	
1526	7.6300	14		30	
1527	7.6350	14		31	
1528	7.6400	14		32	
1529	7.6450	13		33	
1530	7.6500	13		34	
1531	7.6550	12		35	
1532	7.6600	12		36	
1533	7.6650	12		36	
1534	7.6700	11		37	
1535	7.6750	11		38	
1536	7.6800	10		39	
1537	7.6850	10		40	
1538	7.6900	9		40	
1539	7.6950	9		40	
1540	7.7000	8		41	
1541	7.7050	8		42	
1542	7.7100	7		42	
1543	7.7150	7		42	
1544	7.7200	6		42	
1545	7.7250	6		43	
1546	7.7300	5		43	
1547	7.7350	5		43	
1548	7.7400	4		43	
1549	7.7450	4		43	
1550	7.7500	4		44	
1551	7.7550	3		44	
1552	7.7600	2		43	
1553	7.7650	2		43	
1554	7.7700	2		43	
1555	7.7750	1		43	
1556	7.7800	1		43	
1557	7.7850	0		42	
1558	7.7900	0		42	
1559	7.7950	0		42	
1560	7.8000	-1		42	
1561	7.8050	-2		42	
1562	7.8100	-2		41	
1563	7.8150	-2		41	
1564	7.8200	-2		40	
1565	7.8250	-3		40	
1566	7.8300	-4		40	
1567	7.8350	-4		39	
1568	7.8400	-4		39	
1569	7.8450	-4		38	
1570	7.8500	-5		38	
1571	7.8550	-5		37	
1572	7.8600	-5		36	
1573	7.8650	-6		36	
1574	7.8700	-6		35	
1575	7.8750	-6		34	
1576	7.8800	-6		34	
1577	7.8850	-7		33	
1578	7.8900	-7		32	
1579	7.8950	-7		32	
1580	7.9000	-7		31	
1581	7.9050	-8		30	
1582	7.9100	-8		29	
1583	7.9150	-8		28	
1584	7.9200	-8		27	
1585	7.9250	-8		26	
1586	7.9300	-8		26	
1587	7.9350	-8		24	
1588	7.9400	-8		24	
1589	7.9450	-8		22	
1590	7.9500	-8		22	
1591	7.9550	-8		21	
1592	7.9600	-8		20	
1593	7.9650	-8		18	
1594	7.9700	-8		18	
1595	7.9750	-8		16	
1596	7.9800	-8		15	
1597	7.9850	-8		14	
1598	7.9900	-8		13	
1599	7.9950	-8		12	
1600	8.0000	-8		11	
1601	8.0050	-8		10	
1602	8.0100	-8		8	
1603	8.0150	-8		7	
1604	8.0200	-8		6	
1605	8.0250	-7		5	
1606	8.0300	-7		4	
1607	8.0350	-7		2	
1608	8.0400	-7		2	
1609	8.0450	-6		0	
1610	8.0500	-6		-1	
1611	8.0550	-6		-2	
1612	8.0600	-6		-3	
1613	8.0650	-5		-4	
1614	8.0700	-5		-6	
1615	8.0750	-4		-7	
1616	8.0800	-4		-8	
1617	8.0850	-4		-9	
1618	8.0900	-4		-10	
1619	8.0950	-3		-11	
1620	8.1000	-3		-12	
1621	8.1050	-2		-14	
1622	8.1100	-2		-14	
1623	8.1150	-2		-16	
1624	8.1200	-1		-16	
1625	8.1250	-1		-18	
1626	8.1300	0		-18	
1627	8.1350	0		-19	
1628	8.1400	0		-20	
1629	8.1450	1		-21	
1630	8.1500	2		-22	
1631	8.1550	2		-23	
1632	8.1600	2		-24	
1633	8.1650	3		-24	
1634	8.1700	3		-25	
1635	8.1750	4		-26	
1636	8.1800	4		-27	
1637	8.1850	5		-27	
1638	8.1900	5		-28	
1639	8.1950	6		-28	
1640	8.2000	6		-29	
1641	8.2050	7		-30	
1642	8.2100	7		-30	
1643	8.2150	8		-31	
1644	8.2200	8		-31	
1645	8.2250	9		-32	
1646	8.2300	9		-32	
1647	8.2350	10		-32	
1648	8.2400	10		-32	
1649	8.2450	11		-33	
1650	8.2500	11		-33	
1651	8.2550	12		-33	
1652	8.2600	12		-33	
1653	8.2650	12		-33	
1654	8.2700	13		-33	
1655	8.2750	13		-33	
1656	8.2800	14		-33	
1657	8.2850	14		-33	
1658	8.2900	14		-33	
1659	8.2950	15		-33	
1660	8.3000	16		-33	
1661	8.3050	16		-32	
1662	8.3100	16		-32	
1663	8.3150	16		-32	
1664	8.3200	17		-32	
1665	8.3250	17		-31	
1666	8.3300	18		-30	
1667	8.3350	18		-30	
1668	8.3400	18		-30	
1669	8.3450	18		-29	
1670	8.3500	19		-28	
1671	8.3550	19		-28	
1672	8.3600	20		-27	
1673	8.3650	20		-26	
1674	8.3700	20		-26	
1675	8.3750	20		-25	
1676	8.3800	20		-24	
1677	8.3850	21		-24	
1678	8.3900	21		-23	
1679	8.3950	21		-22	
1680	8.4000	21		-21	
1681	8.4050	22		-20	
1682	8.4100	22		-19	
1683	8.4150	22		-18	
1684	8.4200	22		-17	
1685	8.4250	22		-16	
1686	8.4300	22		-15	
1687	8.4350	22		-14	
1688	8.4400	22		-12	
1689	8.4450	22		-12	
1690	8.4500	22		-10	
1691	8.4550	22		-9	
1692	8.4600	22		-8	
1693	8.4650	22		-7	
1694	8.4700	22		-6	
1695	8.4750	22		-4	
1696	8.4800	22		-3	
1697	8.4850	22		-2	
1698	8.4900	22		-1	
1699	8.4950	22		0	
1700	8.5000	22		2	
1701	8.5050	21		3	
1702	8.5100	21		4	
1703	8.5150	21		6	
1704	8.5200	21		7	
1705	8.5250	20		8	
1706	8.5300	20		10	
1707	8.5350	20		11	
1708	8.5400	20		12	
1709	8.5450	20		14	
1710	8.5500	19		15	
1711	8.5550	19		16	
1712	8.5600	19		17	
1713	8.5650	18		18	
1714	8.5700	18		20	
1715	8.5750	18		21	
1716	8.5800	18		22	
1717	8.5850	17		23	
1718	8.5900	17		24	
1719	8.5950	16		26	
1720	8.6000	16		26	
1721	8.6050	16		28	
1722	8.6100	15		29	
1723	8.6150	15		30	
1724	8.6200	14		31	
1725	8.6250	14		32	
1726	8.6300	14		33	
1727	8.6350	13		34	
1728	8.6400	12		34	
1729	8.6450	12		36	
1730	8.6500	12		36	
1731	8.6550	11		37	
1732	8.6600	11		38	
1733	8.6650	10		38	
1734	8.6700	10		39	
1735	8.6750	10		40	
1736	8.6800	9		40	
1737	8.6850	8		41	
1738	8.6900	8		41	
1739	8.6950	8		42	
1740	8.7000	7		42	
1741	8.7050	6		42	
1742	8.7100	6		43	
1743	8.7150	6		43	
1744	8.7200	5		43	
1745	8.7250	4		43	
1746	8.7300	4		43	
1747	8.7350	4		43	
1748	8.7400	3		43	
1749	8.7450	3		43	
1750	8.7500	2		43	
1751	8.7550	2		43	
1752	8.7600	1		43	
1753	8.7650	1		43	
1754	8.7700	0		43	
1755	8.7750	0		42	
1756	8.7800	0		42	
1757	8.7850	-1		42	
1758	8.7900	-1		42	
1759	8.7950	-2		42	
1760	8.8000	-2		41	
1761	8.8050	-2		40	
1762	8.8100	-3		40	
1763	8.8150	-3		40	
1764	8.8200	-4		39	
1765	8.8250	-4		39	
1766	8.8300	-4		38	
1767	8.8350	-4		38	
1768	8.8400	-5		37	
1769	8.8450	-5		37	
1770	8.8500	-6		36	
1771	8.8550	-6		36	
1772	8.8600	-6		35	
1773	8.8650	-6		34	
1774	8.8700	-7		33	
1775	8.8750	-7		33	
1776	8.8800	-7		32	
1777	8.8850	-7		31	
1778	8.8900	-8		30	
1779	8.8950	-8		30	
1780	8.9000	-8		29	
1781	8.9050	-8		28	
1782	8.9100	-8		27	
1783	8.9150	-8		26	
1784	8.9200	-8		25	
1785	8.9250	-8		24	
1786	8.9300	-8		23	
1787	8.9350	-8		22	
1788	8.9400	-8		21	
1789	8.9450	-8		20	
1790	8.9500	-8		19	
1791	8.9550	-8		18	
1792	8.9600	-8		17	
1793	8.9650	-8		16	
1794	8.9700	-8		15	
1795	8.9750	-8		14	
1796	8.9800	-8		12	
1797	8.9850	-8		11	
1798	8.9900	-8		10	
1799	8.9950	-8		9	
1800	9.0000	-8		8	
1801	9.0050	-8		6	
1802	9.0100	-8		6	
1803	9.0150	-7		4	
1804	9.0200	-7		3	
1805	9.0250	-7		2	
1806	9.0300	-6		1	
1807	9.0350	-6		0	
1808	9.0400	-6		-2	
1809	9.0450	-6		-3	
1810	9.0500	-5		-4	
1811	9.0550	-5		-5	
1812	9.0600	-5		-6	
1813	9.0650	-4		-7	
1814	9.0700	-4		-8	
1815	9.0750	-4		-10	
1816	9.0800	-3		-10	
1817	9.0850	-3		-12	
1818	9.0900	-2		-13	
1819	9.0950	-2		-14	
1820	9.1000	-2		-15	
1821	9.1050	-1		-16	
1822	9.1100	-1		-17	
1823	9.1150	0		-18	
1824	9.1200	0		-19	
1825	9.1250	0		-20	
1826	9.1300	1		-21	
1827	9.1350	1		-22	
1828	9.1400	2		-22	
1829	9.1450	2		-23	
1830	9.1500	3		-24	
1831	9.1550	3		-25	
1832	9.1600	4		-26	
1833	9.1650	4		-26	
1834	9.1700	5		-27	
1835	9.1750	5		-28	
1836	9.1800	6		-28	
1837	9.1850	6		-29	
1838	9.1900	6		-29	
1839	9.1950	7		-30	
1840	9.2000	8		-30	
1841	9.2050	8		-31	
1842	9.2100	8		-31	
1843	9.2150	9		-32	
1844	9.2200	10		-32	
1845	9.2250	10		-32	
1846	9.2300	10		-32	
1847	9.2350	11		-33	
1848	9.2400	12		-33	
1849	9.2450	12		-33	
1850	9.2500	12		-33	
1851	9.2550	13		-33	
1852	9.2600	13		-33	
1853	9.2650	14		-33	
1854	9.2700	14		-33	
1855	9.2750	14		-33	
1856	9.2800	15		-33	
1857	9.2850	15		-33	
1858	9.2900	16		-32	
1859	9.2950	16		-32	
1860	9.3000	16		-32	
1861	9.3050	17		-32	
1862	9.3100	17		-31	
1863	9.3150	18		-31	
1864	9.3200	18		-30	
1865	9.3250	18		-30	
1866	9.3300	18		-29	
1867	9.3350	19		-28	
1868	9.3400	19		-28	
1869	9.3450	20		-28	
1870	9.3500	20		-27	
1871	9.3550	20		-26	
1872	9.3600	20		-25	
1873	9.3650	20		-24	
1874	9.3700	20		-24	
1875	9.3750	21		-23	
1876	9.3800	21		-22	
1877	9.3850	21		-21	
1878	9.3900	21		-20	
1879	9.3950	22		-19	
1880	9.4000	22		-18	
1881	9.4050	22		-17	
1882	9.4100	22		-16	
1883	9.4150	22		-15	
1884	9.4200	22		-14	
1885	9.4250	22		-13	
1886	9.4300	22		-12	
1887	9.4350	22		-11	
1888	9.4400	22		-10	
1889	9.4450	22		-8	
1890	9.4500	22		-7	
1891	9.4550	22		-6	
1892	9.4600	22		-5	
1893	9.4650	22		-4	
1894	9.4700	22		-2	
1895	9.4750	22		-1	
1896	9.4800	22		0	
1897	9.4850	22		2	
1898	9.4900	21		3	
1899	9.4950	21		4	
1900	9.5000	21		5	
1901	9.5050	21		7	
1902	9.5100	20		8	
1903	9.5150	20		9	
1904	9.5200	20		10	
1905	9.5250	20		12	
1906	9.5300	20		13	
1907	9.5350	19		14	
1908	9.5400	19		16	
1909	9.5450	19		17	
1910	9.5500	18		18	
1911	9.5550	18		19	
1912	9.5600	18		20	
1913	9.5650	18		22	
1914	9.5700	17		23	
1915	9.5750	17		24	
1916	9.5800	16		25	
1917	9.5850	16		26	
1918	9.5900	16		27	
1919	9.5950	15		28	
1920	9.6000	15		29	
1921	9.6050	14		30	
1922	9.6100	14		32	
1923	9.6150	14		32	
1924	9.6200	13		33	
1925	9.6250	13		34	
1926	9.6300	12		35	
1927	9.6350	12		36	
1928	9.6400	12		36	
1929	9.6450	11		38	
1930	9.6500	10		38	
1931	9.6550	10		39	
1932	9.6600	10		40	
1933	9.6650	9		40	
1934	9.6700	8		40	
1935	9.6750	8		41	
1936	9.6800	8		42	
1937	9.6850	7		42	
1938	9.6900	6		42	
1939	9.6950	6		42	
1940	9.7000	6		43	
1941	9.7050	5		43	
1942	9.7100	5		43	
1943	9.7150	4		43	
1944	9.7200	4		43	
1945	9.7250	3		43	
1946	9.7300	3		43	
1947	9.7350	2		43	
1948	9.7400	2		43	
1949	9.7450	1		43	
1950	9.7500	1		43	
1951	9.7550	0		43	
1952	9.7600	0		42	
1953	9.7650	0		42	
1954	9.7700	-1		42	
1955	9.7750	-1		42	
1956	9.7800	-2		42	
1957	9.7850	-2		41	
1958	9.7900	-2		41	
1959	9.7950	-3		40	
1960	9.8000	-3		40	
1961	9.8050	-4		40	
1962	9.8100	-4		39	
1963	9.8150	-4		38	
1964	9.8200	-4		38	
1965	9.8250	-5		38	
1966	9.8300	-5		37	
1967	9.8350	-6		36	
1968	9.8400	-6		36	
1969	9.8450	-6		35	
1970	9.8500	-6		34	
1971	9.8550	-6		34	
1972	9.8600	-7		33	
1973	9.8650	-7		32	
1974	9.8700	-7		31	
1975	9.8750	-8		30	
1976	9.8800	-8		30	
1977	9.8850	-8		29	
1978	9.8900	-8		28	
1979	9.8950	-8		27	
1980	9.9000	-8		26	
1981	9.9050	-8		25	
1982	9.9100	-8		24	
1983	9.9150	-8		23	
1984	9.9200	-8		22	
1985	9.9250	-8		22	
1986	9.9300	-8		20	
1987	9.9350	-8		19	
1988	9.9400	-8		18	
1989	9.9450	-8		17	
1990	9.9500	-8		16	
1991	9.9550	-8		15	
1992	9.9600	-8		14	
1993	9.9650	-8		13	
1994	9.9700	-8		12	
1995	9.9750	-8		10	
1996	9.9800	-8		9	
1997	9.9850	-8		8	
1998	9.9900	-8		7	
1999	9.9950	-8		6	
2000	10.0000	-7		5	
