#	time(s)	count A	count B	count C	count D
1	0.0050	22		12	
2	0.0100	22		12	
3	0.0150	22		12	
4	0.0200	22		12	
5	0.0250	22		12	
6	0.0300	22		12	
7	0.0350	22		12	
8	0.0400	22		12	
9	0.0450	21		12	
10	0.0500	21		12	
11	0.0550	21		12	
12	0.0600	21		12	
13	0.0650	21		12	
14	0.0700	21		12	
15	0.0750	21		12	
16	0.0800	21		12	
17	0.0850	21		12	
18	0.0900	21		12	
19	0.0950	21		12	
20	0.1000	21		12	
21	0.1050	21		12	
22	0.1100	20		12	
23	0.1150	20		12	
24	0.1200	20		12	
25	0.1250	20		12	
26	0.1300	20		12	
27	0.1350	20		12	
28	0.1400	20		12	
29	0.1450	20		12	
30	0.1500	20		12	
31	0.1550	20		12	
32	0.1600	20		12	
33	0.1650	20		12	
34	0.1700	20		12	
35	0.1750	20		12	
36	0.1800	20		12	
37	0.1850	20		11	
38	0.1900	19		11	
39	0.1950	19		11	
40	0.2000	19		11	
41	0.2050	19		11	
42	0.2100	19		11	
43	0.2150	19		11	
44	0.2200	19		11	
45	0.2250	19		11	
46	0.2300	18		11	
47	0.2350	18		11	
48	0.2400	18		11	
49	0.2450	18		11	
50	0.2500	18		11	
51	0.2550	18		11	
52	0.2600	18		11	
53	0.2650	18		11	
54	0.2700	18		11	
55	0.2750	18		11	
56	0.2800	18		11	
57	0.2850	17		11	
58	0.2900	17		11	
59	0.2950	17		11	
60	0.3000	17		11	
61	0.3050	17		11	
62	0.3100	17		11	
63	0.3150	16		11	
64	0.3200	16		11	
65	0.3250	16		11	
66	0.3300	16		10	
67	0.3350	16		10	
68	0.3400	16		10	
69	0.3450	16		10	
70	0.3500	16		10	
71	0.3550	16		10	
72	0.3600	15		10	
73	0.3650	15		10	
74	0.3700	15		10	
75	0.3750	15		10	
76	0.3800	15		10	
77	0.3850	14		10	
78	0.3900	14		10	
79	0.3950	14		10	
80	0.4000	14		10	
81	0.4050	14		10	
82	0.4100	14		10	
83	0.4150	14		10	
84	0.4200	14		10	
85	0.4250	14		10	
86	0.4300	13		10	
87	0.4350	13		10	
88	0.4400	13		10	
89	0.4450	13		10	
90	0.4500	13		10	
91	0.4550	12		10	
92	0.4600	12		10	
93	0.4650	12		10	
94	0.4700	12		10	
95	0.4750	12		9	
96	0.4800	12		9	
97	0.4850	12		9	
98	0.4900	12		9	
99	0.4950	11		9	
100	0.5000	11		9	
101	0.5050	11		9	
102	0.5100	11		9	
103	0.5150	11		9	
104	0.5200	10		9	
105	0.5250	10		9	
106	0.5300	10		9	
107	0.5350	10		8	
108	0.5400	10		8	
109	0.5450	10		8	
110	0.5500	10		8	
111	0.5550	9		8	
112	0.5600	9		8	
113	0.5650	9		8	
114	0.5700	9		8	
115	0.5750	9		8	
116	0.5800	8		8	
117	0.5850	8		8	
118	0.5900	8		8	
119	0.5950	8		8	
120	0.6000	8		8	
121	0.6050	8		8	
122	0.6100	8		8	
123	0.6150	7		8	
124	0.6200	7		7	
125	0.6250	7		7	
126	0.6300	7		7	
127	0.6350	7		7	
128	0.6400	6		7	
129	0.6450	6		7	
130	0.6500	6		7	
131	0.6550	6		7	
132	0.6600	6		7	
133	0.6650	6		6	
134	0.6700	6		6	
135	0.6750	5		6	
136	0.6800	5		6	
137	0.6850	5		6	
138	0.6900	5		6	
139	0.6950	5		6	
140	0.7000	4		6	
141	0.7050	4		6	
142	0.7100	4		6	
143	0.7150	4		6	
144	0.7200	4		6	
145	0.7250	4		6	
146	0.7300	4		6	
147	0.7350	3		5	
148	0.7400	3		5	
149	0.7450	3		5	
150	0.7500	3		5	
151	0.7550	3		5	
152	0.7600	2		5	
153	0.7650	2		5	
154	0.7700	2		4	
155	0.7750	2		4	
156	0.7800	2		4	
157	0.7850	2		4	
158	0.7900	2		4	
159	0.7950	2		4	
160	0.8000	1		4	
161	0.8050	1		4	
162	0.8100	1		4	
163	0.8150	1		4	
164	0.8200	0		4	
165	0.8250	0		4	
166	0.8300	0		4	
167	0.8350	0		3	
168	0.8400	0		3	
169	0.8450	0		3	
170	0.8500	0		3	
171	0.8550	0		3	
172	0.8600	0		3	
173	0.8650	-1		3	
174	0.8700	-1		2	
175	0.8750	-1		2	
176	0.8800	-1		2	
177	0.8850	-1		2	
178	0.8900	-2		2	
179	0.8950	-2		2	
180	0.9000	-2		2	
181	0.9050	-2		2	
182	0.9100	-2		2	
183	0.9150	-2		2	
184	0.9200	-2		2	
185	0.9250	-2		2	
186	0.9300	-2		2	
187	0.9350	-3		1	
188	0.9400	-3		1	
189	0.9450	-3		1	
190	0.9500	-3		1	
191	0.9550	-3		1	
192	0.9600	-4		1	
193	0.9650	-4		1	
194	0.9700	-4		0	
195	0.9750	-4		0	
196	0.9800	-4		0	
197	0.9850	-4		0	
198	0.9900	-4		0	
199	0.9950	-4		0	
200	1.0000	-4		0	
201	1.0050	-4		0	
202	1.0100	-4		0	
203	1.0150	-5		0	
204	1.0200	-5		0	
205	1.0250	-5		0	
206	1.0300	-5		0	
207	1.0350	-5		0	
208	1.0400	-5		0	
209	1.0450	-5		-1	
210	1.0500	-6		-1	
211	1.0550	-6		-1	
212	1.0600	-6		-1	
213	1.0650	-6		-1	
214	1.0700	-6		-1	
215	1.0750	-6		-1	
216	1.0800	-6		-1	
217	1.0850	-6		-1	
218	1.0900	-6		-2	
219	1.0950	-6		-2	
220	1.1000	-6		-2	
221	1.1050	-6		-2	
222	1.1100	-7		-2	
223	1.1150	-7		-2	
224	1.1200	-7		-2	
225	1.1250	-7		-2	
226	1.1300	-7		-2	
227	1.1350	-7		-2	
228	1.1400	-7		-2	
229	1.1450	-7		-2	
230	1.1500	-7		-2	
231	1.1550	-7		-2	
232	1.1600	-8		-2	
233	1.1650	-8		-2	
234	1.1700	-8		-2	
235	1.1750	-8		-2	
236	1.1800	-8		-2	
237	1.1850	-8		-2	
238	1.1900	-8		-2	
239	1.1950	-8		-2	
240	1.2000	-8		-2	
241	1.2050	-8		-2	
242	1.2100	-8		-2	
243	1.2150	-8		-3	
244	1.2200	-8		-3	
245	1.2250	-8		-3	
246	1.2300	-8		-3	
247	1.2350	-8		-3	
248	1.2400	-8		-3	
249	1.2450	-8		-3	
250	1.2500	-8		-3	
251	1.2550	-8		-3	
252	1.2600	-8		-3	
253	1.2650	-8		-3	
254	1.2700	-8		-3	
255	1.2750	-8		-3	
256	1.2800	-8		-3	
257	1.2850	-8		-3	
258	1.2900	-8		-3	
259	1.2950	-8		-3	
260	1.3000	-8		-3	
261	1.3050	-9		-3	
262	1.3100	-9		-3	
263	1.3150	-9		-3	
264	1.3200	-9		-3	
265	1.3250	-9		-3	
266	1.3300	-9		-3	
267	1.3350	-9		-3	
268	1.3400	-9		-3	
269	1.3450	-9		-3	
270	1.3500	-9		-3	
271	1.3550	-9		-3	
272	1.3600	-9		-3	
273	1.3650	-9		-3	
274	1.3700	-9		-3	
275	1.3750	-9		-3	
276	1.3800	-9		-3	
277	1.3850	-9		-3	
278	1.3900	-9		-3	
279	1.3950	-9		-3	
280	1.4000	-8		-3	
281	1.4050	-8		-3	
282	1.4100	-8		-2	
283	1.4150	-8		-2	
284	1.4200	-8		-2	
285	1.4250	-8		-2	
286	1.4300	-8		-2	
287	1.4350	-8		-2	
288	1.4400	-8		-2	
289	1.4450	-8		-2	
290	1.4500	-8		-2	
291	1.4550	-8		-2	
292	1.4600	-8		-2	
293	1.4650	-8		-2	
294	1.4700	-8		-2	
295	1.4750	-8		-2	
296	1.4800	-8		-2	
297	1.4850	-8		-2	
298	1.4900	-8		-2	
299	1.4950	-8		-2	
300	1.5000	-8		-2	
301	1.5050	-8		-2	
302	1.5100	-8		-2	
303	1.5150	-8		-2	
304	1.5200	-8		-2	
305	1.5250	-8		-2	
306	1.5300	-7		-2	
307	1.5350	-7		-2	
308	1.5400	-7		-2	
309	1.5450	-7		-2	
310	1.5500	-7		-2	
311	1.5550	-7		-2	
312	1.5600	-7		-2	
313	1.5650	-7		-2	
314	1.5700	-7		-1	
315	1.5750	-6		-1	
316	1.5800	-6		-1	
317	1.5850	-6		-1	
318	1.5900	-6		-1	
319	1.5950	-6		-1	
320	1.6000	-6		-1	
321	1.6050	-6		-1	
322	1.6100	-6		-1	
323	1.6150	-6		-1	
324	1.6200	-6		-1	
325	1.6250	-6		-1	
326	1.6300	-6		-1	
327	1.6350	-6		-1	
328	1.6400	-5		-1	
329	1.6450	-5		-1	
330	1.6500	-5		-1	
331	1.6550	-5		-1	
332	1.6600	-5		-1	
333	1.6650	-5		-1	
334	1.6700	-5		0	
335	1.6750	-4		0	
336	1.6800	-4		0	
337	1.6850	-4		0	
338	1.6900	-4		0	
339	1.6950	-4		0	
340	1.7000	-4		0	
341	1.7050	-4		0	
342	1.7100	-4		0	
343	1.7150	-4		0	
344	1.7200	-3		0	
345	1.7250	-3		0	
346	1.7300	-3		0	
347	1.7350	-3		0	
348	1.7400	-3		0	
349	1.7450	-3		0	
350	1.7500	-2		0	
351	1.7550	-2		0	
352	1.7600	-2		0	
353	1.7650	-2		0	
354	1.7700	-2		0	
355	1.7750	-2		0	
356	1.7800	-2		0	
357	1.7850	-2		0	
358	1.7900	-2		0	
359	1.7950	-1		0	
360	1.8000	-1		0	
361	1.8050	-1		0	
362	1.8100	-1		0	
363	1.8150	-1		0	
364	1.8200	0		0	
365	1.8250	0		0	
366	1.8300	0		0	
367	1.8350	0		0	
368	1.8400	0		0	
369	1.8450	0		0	
370	1.8500	0		0	
371	1.8550	0		0	
372	1.8600	1		0	
373	1.8650	1		0	
374	1.8700	1		1	
375	1.8750	1		1	
376	1.8800	2		1	
377	1.8850	2		1	
378	1.8900	2		1	
379	1.8950	2		1	
380	1.9000	2		1	
381	1.9050	2		1	
382	1.9100	2		1	
383	1.9150	2		1	
384	1.9200	3		1	
385	1.9250	3		1	
386	1.9300	3		1	
387	1.9350	3		1	
388	1.9400	4		1	
389	1.9450	4		1	
390	1.9500	4		2	
391	1.9550	4		2	
392	1.9600	4		2	
393	1.9650	4		2	
394	1.9700	4		2	
395	1.9750	4		2	
396	1.9800	5		2	
397	1.9850	5		2	
398	1.9900	5		2	
399	1.9950	5		2	
400	2.0000	6		2	
401	2.0050	6		2	
402	2.0100	6		2	
403	2.0150	6		2	
404	2.0200	6		2	
405	2.0250	6		2	
406	2.0300	6		2	
407	2.0350	7		2	
408	2.0400	7		2	
409	2.0450	7		3	
410	2.0500	7		3	
411	2.0550	7		3	
412	2.0600	8		3	
413	2.0650	8		3	
414	2.0700	8		3	
415	2.0750	8		3	
416	2.0800	8		3	
417	2.0850	8		3	
418	2.0900	8		4	
419	2.0950	9		4	
420	2.1000	9		4	
421	2.1050	9		4	
422	2.1100	9		4	
423	2.1150	10		4	
424	2.1200	10		4	
425	2.1250	10		4	
426	2.1300	10		4	
427	2.1350	10		4	
428	2.1400	10		4	
429	2.1450	10		4	
430	2.1500	10		4	
431	2.1550	11		4	
432	2.1600	11		5	
433	2.1650	11		5	
434	2.1700	11		5	
435	2.1750	11		5	
436	2.1800	12		5	
437	2.1850	12		5	
438	2.1900	12		5	
439	2.1950	12		6	
440	2.2000	12		6	
441	2.2050	12		6	
442	2.2100	12		6	
443	2.2150	12		6	
444	2.2200	13		6	
445	2.2250	13		6	
446	2.2300	13		6	
447	2.2350	13		6	
448	2.2400	14		6	
449	2.2450	14		6	
450	2.2500	14		6	
451	2.2550	14		7	
452	2.2600	14		7	
453	2.2650	14		7	
454	2.2700	14		7	
455	2.2750	14		7	
456	2.2800	14		7	
457	2.2850	15		8	
458	2.2900	15		8	
459	2.2950	15		8	
460	2.3000	15		8	
461	2.3050	15		8	
462	2.3100	16		8	
463	2.3150	16		8	
464	2.3200	16		8	
465	2.3250	16		8	
466	2.3300	16		8	
467	2.3350	16		8	
468	2.3400	16		8	
469	2.3450	16		8	
470	2.3500	16		9	
471	2.3550	16		9	
472	2.3600	17		9	
473	2.3650	17		9	
474	2.3700	17		9	
475	2.3750	17		9	
476	2.3800	17		9	
477	2.3850	17		9	
478	2.3900	18		10	
479	2.3950	18		10	
480	2.4000	18		10	
481	2.4050	18		10	
482	2.4100	18		10	
483	2.4150	18		10	
484	2.4200	18		10	
485	2.4250	18		10	
486	2.4300	18		10	
487	2.4350	18		10	
488	2.4400	18		10	
489	2.4450	19		10	
490	2.4500	19		10	
491	2.4550	19		10	
492	2.4600	19		10	
493	2.4650	19		10	
494	2.4700	19		11	
495	2.4750	19		11	
496	2.4800	20		11	
497	2.4850	20		11	
498	2.4900	20		11	
499	2.4950	20		11	
500	2.5000	20		11	
501	2.5050	20		11	
502	2.5100	20		11	
503	2.5150	20		11	
504	2.5200	20		11	
505	2.5250	20		11	
506	2.5300	20		12	
507	2.5350	20		12	
508	2.5400	20		12	
509	2.5450	20		12	
510	2.5500	20		12	
511	2.5550	20		12	
512	2.5600	21		12	
513	2.5650	21		12	
514	2.5700	21		12	
515	2.5750	21		12	
516	2.5800	21		12	
517	2.5850	21		12	
518	2.5900	21		12	
519	2.5950	21		12	
520	2.6000	21		12	
521	2.6050	21		12	
522	2.6100	21		12	
523	2.6150	21		12	
524	2.6200	21		12	
525	2.6250	21		12	
526	2.6300	22		12	
527	2.6350	22		12	
528	2.6400	22		12	
529	2.6450	22		12	
530	2.6500	22		12	
531	2.6550	22		12	
532	2.6600	22		12	
533	2.6650	22		12	
534	2.6700	22		12	
535	2.6750	22		12	
536	2.6800	22		12	
537	2.6850	22		12	
538	2.6900	22		12	
539	2.6950	22		12	
540	2.7000	22		12	
541	2.7050	22		12	
542	2.7100	22		12	
543	2.7150	22		12	
544	2.7200	22		12	
545	2.7250	22		12	
546	2.7300	22		12	
547	2.7350	22		12	
548	2.7400	22		12	
549	2.7450	22		12	
550	2.7500	22		12	
551	2.7550	22		12	
552	2.7600	22		12	
553	2.7650	22		12	
554	2.7700	22		12	
555	2.7750	22		12	
556	2.7800	22		12	
557	2.7850	22		12	
558	2.7900	22		12	
559	2.7950	22		12	
560	2.8000	22		12	
561	2.8050	22		12	
562	2.8100	22		12	
563	2.8150	22		12	
564	2.8200	22		12	
565	2.8250	22		12	
566	2.8300	22		12	
567	2.8350	22		12	
568	2.8400	22		12	
569	2.8450	22		12	
570	2.8500	22		12	
571	2.8550	22		12	
572	2.8600	22		12	
573	2.8650	22		12	
574	2.8700	21		12	
575	2.8750	21		12	
576	2.8800	21		12	
577	2.8850	21		12	
578	2.8900	21		12	
579	2.8950	21		12	
580	2.9000	21		12	
581	2.9050	21		12	
582	2.9100	21		12	
583	2.9150	21		12	
584	2.9200	21		12	
585	2.9250	21		12	
586	2.9300	21		12	
587	2.9350	20		12	
588	2.9400	20		12	
589	2.9450	20		12	
590	2.9500	20		12	
591	2.9550	20		12	
592	2.9600	20		12	
593	2.9650	20		12	
594	2.9700	20		12	
595	2.9750	20		12	
596	2.9800	20		12	
597	2.9850	20		12	
598	2.9900	20		12	
599	2.9950	20		12	
600	3.0000	20		12	
601	3.0050	20		12	
602	3.0100	20		12	
603	3.0150	19		12	
604	3.0200	19		11	
605	3.0250	19		11	
606	3.0300	19		11	
607	3.0350	19		11	
608	3.0400	19		11	
609	3.0450	19		11	
610	3.0500	19		11	
611	3.0550	18		11	
612	3.0600	18		11	
613	3.0650	18		11	
614	3.0700	18		11	
615	3.0750	18		11	
616	3.0800	18		11	
617	3.0850	18		11	
618	3.0900	18		11	
619	3.0950	18		11	
620	3.1000	18		11	
621	3.1050	17		11	
622	3.1100	17		11	
623	3.1150	17		11	
624	3.1200	17		11	
625	3.1250	17		11	
626	3.1300	17		11	
627	3.1350	17		11	
628	3.1400	16		11	
629	3.1450	16		11	
630	3.1500	16		11	
631	3.1550	16		10	
632	3.1600	16		10	
633	3.1650	16		10	
634	3.1700	16		10	
635	3.1750	16		10	
636	3.1800	16		10	
637	3.1850	15		10	
638	3.1900	15		10	
639	3.1950	15		10	
640	3.2000	15		10	
641	3.2050	15		10	
642	3.2100	14		10	
643	3.2150	14		10	
644	3.2200	14		10	
645	3.2250	14		10	
646	3.2300	14		10	
647	3.2350	14		10	
648	3.2400	14		10	
649	3.2450	14		10	
650	3.2500	14		10	
651	3.2550	13		10	
652	3.2600	13		10	
653	3.2650	13		10	
654	3.2700	13		10	
655	3.2750	13		10	
656	3.2800	12		10	
657	3.2850	12		10	
658	3.2900	12		9	
659	3.2950	12		9	
660	3.3000	12		9	
661	3.3050	12		9	
662	3.3100	12		9	
663	3.3150	12		9	
664	3.3200	11		9	
665	3.3250	11		9	
666	3.3300	11		9	
667	3.3350	11		9	
668	3.3400	11		9	
669	3.3450	10		9	
670	3.3500	10		8	
671	3.3550	10		8	
672	3.3600	10		8	
673	3.3650	10		8	
674	3.3700	10		8	
675	3.3750	10		8	
676	3.3800	9		8	
677	3.3850	9		8	
678	3.3900	9		8	
679	3.3950	9		8	
680	3.4000	9		8	
681	3.4050	8		8	
682	3.4100	8		8	
683	3.4150	8		8	
684	3.4200	8		8	
685	3.4250	8		8	
686	3.4300	8		8	
687	3.4350	8		8	
688	3.4400	7		7	
689	3.4450	7		7	
690	3.4500	7		7	
691	3.4550	7		7	
692	3.4600	6		7	
693	3.4650	6		7	
694	3.4700	6		7	
695	3.4750	6		7	
696	3.4800	6		7	
697	3.4850	6		6	
698	3.4900	6		6	
699	3.4950	6		6	
700	3.5000	5		6	
701	3.5050	5		6	
702	3.5100	5		6	
703	3.5150	5		6	
704	3.5200	4		6	
705	3.5250	4		6	
706	3.5300	4		6	
707	3.5350	4		6	
708	3.5400	4		6	
709	3.5450	4		6	
710	3.5500	4		6	
711	3.5550	4		5	
712	3.5600	3		5	
713	3.5650	3		5	
714	3.5700	3		5	
715	3.5750	3		5	
716	3.5800	3		5	
717	3.5850	2		5	
718	3.5900	2		5	
719	3.5950	2		4	
720	3.6000	2		4	
721	3.6050	2		4	
722	3.6100	2		4	
723	3.6150	2		4	
724	3.6200	1		4	
725	3.6250	1		4	
726	3.6300	1		4	
727	3.6350	1		4	
728	3.6400	1		4	
729	3.6450	0		4	
730	3.6500	0		4	
731	3.6550	0		3	
732	3.6600	0		3	
733	3.6650	0		3	
734	3.6700	0		3	
735	3.6750	0		3	
736	3.6800	0		3	
737	3.6850	0		3	
738	3.6900	-1		3	
739	3.6950	-1		2	
740	3.7000	-1		2	
741	3.7050	-1		2	
742	3.7100	-1		2	
743	3.7150	-2		2	
744	3.7200	-2		2	
745	3.7250	-2		2	
746	3.7300	-2		2	
747	3.7350	-2		2	
748	3.7400	-2		2	
749	3.7450	-2		2	
750	3.7500	-2		2	
751	3.7550	-2		2	
752	3.7600	-3		1	
753	3.7650	-3		1	
754	3.7700	-3		1	
755	3.7750	-3		1	
756	3.7800	-3		1	
757	3.7850	-4		1	
758	3.7900	-4		1	
759	3.7950	-4		0	
760	3.8000	-4		0	
761	3.8050	-4		0	
762	3.8100	-4		0	
763	3.8150	-4		0	
764	3.8200	-4		0	
765	3.8250	-4		0	
766	3.8300	-4		0	
767	3.8350	-5		0	
768	3.8400	-5		0	
769	3.8450	-5		0	
770	3.8500	-5		0	
771	3.8550	-5		0	
772	3.8600	-5		0	
773	3.8650	-5		0	
774	3.8700	-6		-1	
775	3.8750	-6		-1	
776	3.8800	-6		-1	
777	3.8850	-6		-1	
778	3.8900	-6		-1	
779	3.8950	-6		-1	
780	3.9000	-6		-1	
781	3.9050	-6		-1	
782	3.9100	-6		-1	
783	3.9150	-6		-1	
784	3.9200	-6		-2	
785	3.9250	-6		-2	
786	3.9300	-6		-2	
787	3.9350	-7		-2	
788	3.9400	-7		-2	
789	3.9450	-7		-2	
790	3.9500	-7		-2	
791	3.9550	-7		-2	
792	3.9600	-7		-2	
793	3.9650	-7		-2	
794	3.9700	-7		-2	
795	3.9750	-7		-2	
796	3.9800	-7		-2	
797	3.9850	-8		-2	
798	3.9900	-8		-2	
799	3.9950	-8		-2	
800	4.0000	-8		-2	
801	4.0050	-8		-2	
802	4.0100	-8		-2	
803	4.0150	-8		-2	
804	4.0200	-8		-2	
805	4.0250	-8		-2	
806	4.0300	-8		-2	
807	4.0350	-8		-2	
808	4.0400	-8		-2	
809	4.0450	-8		-3	
810	4.0500	-8		-3	
811	4.0550	-8		-3	
812	4.0600	-8		-3	
813	4.0650	-8		-3	
814	4.0700	-8		-3	
815	4.0750	-8		-3	
816	4.0800	-8		-3	
817	4.0850	-8		-3	
818	4.0900	-8		-3	
819	4.0950	-8		-3	
820	4.1000	-8		-3	
821	4.1050	-8		-3	
822	4.1100	-8		-3	
823	4.1150	-8		-3	
824	4.1200	-9		-3	
825	4.1250	-9		-3	
826	4.1300	-9		-3	
827	4.1350	-9		-3	
828	4.1400	-9		-3	
829	4.1450	-9		-3	
830	4.1500	-9		-3	
831	4.1550	-9		-3	
832	4.1600	-9		-3	
833	4.1650	-9		-3	
834	4.1700	-9		-3	
835	4.1750	-9		-3	
836	4.1800	-9		-3	
837	4.1850	-9		-3	
838	4.1900	-9		-3	
839	4.1950	-9		-3	
840	4.2000	-9		-3	
841	4.2050	-9		-3	
842	4.2100	-9		-3	
843	4.2150	-9		-3	
844	4.2200	-9		-3	
845	4.2250	-8		-3	
846	4.2300	-8		-2	
847	4.2350	-8		-2	
848	4.2400	-8		-2	
849	4.2450	-8		-2	
850	4.2500	-8		-2	
851	4.2550	-8		-2	
852	4.2600	-8		-2	
853	4.2650	-8		-2	
854	4.2700	-8		-2	
855	4.2750	-8		-2	
856	4.2800	-8		-2	
857	4.2850	-8		-2	
858	4.2900	-8		-2	
859	4.2950	-8		-2	
860	4.3000	-8		-2	
861	4.3050	-8		-2	
862	4.3100	-8		-2	
863	4.3150	-8		-2	
864	4.3200	-8		-2	
865	4.3250	-8		-2	
866	4.3300	-8		-2	
867	4.3350	-8		-2	
868	4.3400	-8		-2	
869	4.3450	-8		-2	
870	4.3500	-8		-2	
871	4.3550	-7		-2	
872	4.3600	-7		-2	
873	4.3650	-7		-2	
874	4.3700	-7		-2	
875	4.3750	-7		-2	
876	4.3800	-7		-2	
877	4.3850	-7		-2	
878	4.3900	-7		-2	
879	4.3950	-7		-2	
880	4.4000	-6		-2	
881	4.4050	-6		-1	
882	4.4100	-6		-1	
883	4.4150	-6		-1	
884	4.4200	-6		-1	
885	4.4250	-6		-1	
886	4.4300	-6		-1	
887	4.4350	-6		-1	
888	4.4400	-6		-1	
889	4.4450	-6		-1	
890	4.4500	-6		-1	
891	4.4550	-6		-1	
892	4.4600	-6		-1	
893	4.4650	-5		-1	
894	4.4700	-5		-1	
895	4.4750	-5		-1	
896	4.4800	-5		-1	
897	4.4850	-5		-1	
898	4.4900	-5		-1	
899	4.4950	-5		-1	
900	4.5000	-4		-1	
901	4.5050	-4		-1	
902	4.5100	-4		0	
903	4.5150	-4		0	
904	4.5200	-4		0	
905	4.5250	-4		0	
906	4.5300	-4		0	
907	4.5350	-4		0	
908	4.5400	-4		0	
909	4.5450	-3		0	
910	4.5500	-3		0	
911	4.5550	-3		0	
912	4.5600	-3		0	
913	4.5650	-3		0	
914	4.5700	-3		0	
915	4.5750	-2		0	
916	4.5800	-2		0	
917	4.5850	-2		0	
918	4.5900	-2		0	
919	4.5950	-2		0	
920	4.6000	-2		0	
921	4.6050	-2		0	
922	4.6100	-2		0	
923	4.6150	-2		0	
924	4.6200	-1		0	
925	4.6250	-1		0	
926	4.6300	-1		0	
927	4.6350	-1		0	
928	4.6400	-1		0	
929	4.6450	0		0	
930	4.6500	0		0	
931	4.6550	0		0	
932	4.6600	0		0	
933	4.6650	0		0	
934	4.6700	0		0	
935	4.6750	0		0	
936	4.6800	0		0	
937	4.6850	1		0	
938	4.6900	1		0	
939	4.6950	1		1	
940	4.7000	1		1	
941	4.7050	2		1	
942	4.7100	2		1	
943	4.7150	2		1	
944	4.7200	2		1	
945	4.7250	2		1	
946	4.7300	2		1	
947	4.7350	2		1	
948	4.7400	2		1	
949	4.7450	3		1	
950	4.7500	3		1	
951	4.7550	3		1	
952	4.7600	3		1	
953	4.7650	4		1	
954	4.7700	4		2	
955	4.7750	4		2	
956	4.7800	4		2	
957	4.7850	4		2	
958	4.7900	4		2	
959	4.7950	4		2	
960	4.8000	4		2	
961	4.8050	5		2	
962	4.8100	5		2	
963	4.8150	5		2	
964	4.8200	5		2	
965	4.8250	6		2	
966	4.8300	6		2	
967	4.8350	6		2	
968	4.8400	6		2	
969	4.8450	6		2	
970	4.8500	6		2	
971	4.8550	6		2	
972	4.8600	7		2	
973	4.8650	7		3	
974	4.8700	7		3	
975	4.8750	7		3	
976	4.8800	7		3	
977	4.8850	8		3	
978	4.8900	8		3	
979	4.8950	8		3	
980	4.9000	8		3	
981	4.9050	8		4	
982	4.9100	8		4	
983	4.9150	8		4	
984	4.9200	9		4	
985	4.9250	9		4	
986	4.9300	9		4	
987	4.9350	9		4	
988	4.9400	10		4	
989	4.9450	10		4	
990	4.9500	10		4	
991	4.9550	10		4	
992	4.9600	10		4	
993	4.9650	10		4	
994	4.9700	10		4	
995	4.9750	10		5	
996	4.9800	11		5	
997	4.9850	11		5	
998	4.9900	11		5	
999	4.9950	11		5	
1000	5.0000	11		5	
1001	5.0050	12		5	
1002	5.0100	12		6	
1003	5.0150	12		6	
1004	5.0200	12		6	
1005	5.0250	12		6	
1006	5.0300	12		6	
1007	5.0350	12		6	
1008	5.0400	13		6	
1009	5.0450	13		6	
1010	5.0500	13		6	
1011	5.0550	13		6	
1012	5.0600	13		6	
1013	5.0650	14		6	
1014	5.0700	14		7	
1015	5.0750	14		7	
1016	5.0800	14		7	
1017	5.0850	14		7	
1018	5.0900	14		7	
1019	5.0950	14		7	
1020	5.1000	14		7	
1021	5.1050	14		8	
1022	5.1100	15		8	
1023	5.1150	15		8	
1024	5.1200	15		8	
1025	5.1250	15		8	
1026	5.1300	15		8	
1027	5.1350	16		8	
1028	5.1400	16		8	
1029	5.1450	16		8	
1030	5.1500	16		8	
1031	5.1550	16		8	
1032	5.1600	16		8	
1033	5.1650	16		8	
1034	5.1700	16		9	
1035	5.1750	16		9	
1036	5.1800	16		9	
1037	5.1850	17		9	
1038	5.1900	17		9	
1039	5.1950	17		9	
1040	5.2000	17		9	
1041	5.2050	17		9	
1042	5.2100	18		10	
1043	5.2150	18		10	
1044	5.2200	18		10	
1045	5.2250	18		10	
1046	5.2300	18		10	
1047	5.2350	18		10	
1048	5.2400	18		10	
1049	5.2450	18		10	
1050	5.2500	18		10	
1051	5.2550	18		10	
1052	5.2600	18		10	
1053	5.2650	18		10	
1054	5.2700	19		10	
1055	5.2750	19		10	
1056	5.2800	19		10	
1057	5.2850	19		10	
1058	5.2900	19		11	
1059	5.2950	19		11	
1060	5.3000	19		11	
1061	5.3050	20		11	
1062	5.3100	20		11	
1063	5.3150	20		11	
1064	5.3200	20		11	
1065	5.3250	20		11	
1066	5.3300	20		11	
1067	5.3350	20		11	
1068	5.3400	20		11	
1069	5.3450	20		11	
1070	5.3500	20		12	
1071	5.3550	20		12	
1072	5.3600	20		12	
1073	5.3650	20		12	
1074	5.3700	20		12	
1075	5.3750	20		12	
1076	5.3800	20		12	
1077	5.3850	21		12	
1078	5.3900	21		12	
1079	5.3950	21		12	
1080	5.4000	21		12	
1081	5.4050	21		12	
1082	5.4100	21		12	
1083	5.4150	21		12	
1084	5.4200	21		12	
1085	5.4250	21		12	
1086	5.4300	21		12	
1087	5.4350	21		12	
1088	5.4400	21		12	
1089	5.4450	21		12	
1090	5.4500	21		12	
1091	5.4550	21		12	
1092	5.4600	22		12	
1093	5.4650	22		12	
1094	5.4700	22		12	
1095	5.4750	22		12	
1096	5.4800	22		12	
1097	5.4850	22		12	
1098	5.4900	22		12	
1099	5.4950	22		12	
1100	5.5000	22		12	
1101	5.5050	22		12	
1102	5.5100	22		12	
1103	5.5150	22		12	
1104	5.5200	22		12	
1105	5.5250	22		12	
1106	5.5300	22		12	
1107	5.5350	22		12	
1108	5.5400	22		12	
1109	5.5450	22		12	
1110	5.5500	22		12	
1111	5.5550	22		12	
1112	5.5600	22		12	
1113	5.5650	22		12	
1114	5.5700	22		12	
1115	5.5750	22		12	
1116	5.5800	22		12	
1117	5.5850	22		12	
1118	5.5900	22		12	
1119	5.5950	22		12	
1120	5.6000	22		12	
1121	5.6050	22		12	
1122	5.6100	22		12	
1123	5.6150	22		12	
1124	5.6200	22		12	
1125	5.6250	22		12	
1126	5.6300	22		12	
1127	5.6350	22		12	
1128	5.6400	22		12	
1129	5.6450	22		12	
1130	5.6500	22		12	
1131	5.6550	22		12	
1132	5.6600	22		12	
1133	5.6650	22		12	
1134	5.6700	22		12	
1135	5.6750	22		12	
1136	5.6800	22		12	
1137	5.6850	22		12	
1138	5.6900	21		12	
1139	5.6950	21		12	
1140	5.7000	21		12	
1141	5.7050	21		12	
1142	5.7100	21		12	
1143	5.7150	21		12	
1144	5.7200	21		12	
1145	5.7250	21		12	
1146	5.7300	21		12	
1147	5.7350	21		12	
1148	5.7400	21		12	
1149	5.7450	21		12	
1150	5.7500	21		12	
1151	5.7550	21		12	
1152	5.7600	20		12	
1153	5.7650	20		12	
1154	5.7700	20		12	
1155	5.7750	20		12	
1156	5.7800	20		12	
1157	5.7850	20		12	
1158	5.7900	20		12	
1159	5.7950	20		12	
1160	5.8000	20		12	
1161	5.8050	20		12	
1162	5.8100	20		12	
1163	5.8150	20		12	
1164	5.8200	20		12	
1165	5.8250	20		12	
1166	5.8300	20		12	
1167	5.8350	19		12	
1168	5.8400	19		12	
1169	5.8450	19		12	
1170	5.8500	19		11	
1171	5.8550	19		11	
1172	5.8600	19		11	
1173	5.8650	19		11	
1174	5.8700	19		11	
1175	5.8750	18		11	
1176	5.8800	18		11	
1177	5.8850	18		11	
1178	5.8900	18		11	
1179	5.8950	18		11	
1180	5.9000	18		11	
1181	5.9050	18		11	
1182	5.9100	18		11	
1183	5.9150	18		11	
1184	5.9200	18		11	
1185	5.9250	18		11	
1186	5.9300	17		11	
1187	5.9350	17		11	
1188	5.9400	17		11	
1189	5.9450	17		11	
1190	5.9500	17		11	
1191	5.9550	17		11	
1192	5.9600	16		11	
1193	5.9650	16		11	
1194	5.9700	16		11	
1195	5.9750	16		11	
1196	5.9800	16		11	
1197	5.9850	16		11	
1198	5.9900	16		10	
1199	5.9950	16		10	
1200	6.0000	16		10	
1201	6.0050	15		10	
1202	6.0100	15		10	
1203	6.0150	15		10	
1204	6.0200	15		10	
1205	6.0250	15		10	
1206	6.0300	15		10	
1207	6.0350	14		10	
1208	6.0400	14		10	
1209	6.0450	14		10	
1210	6.0500	14		10	
1211	6.0550	14		10	
1212	6.0600	14		10	
1213	6.0650	14		10	
1214	6.0700	14		10	
1215	6.0750	13		10	
1216	6.0800	13		10	
1217	6.0850	13		10	
1218	6.0900	13		10	
1219	6.0950	13		10	
1220	6.1000	12		10	
1221	6.1050	12		10	
1222	6.1100	12		10	
1223	6.1150	12		10	
1224	6.1200	12		10	
1225	6.1250	12		9	
1226	6.1300	12		9	
1227	6.1350	12		9	
1228	6.1400	12		9	
1229	6.1450	11		9	
1230	6.1500	11		9	
1231	6.1550	11		9	
1232	6.1600	11		9	
1233	6.1650	10		9	
1234	6.1700	10		9	
1235	6.1750	10		9	
1236	6.1800	10		9	
1237	6.1850	10		8	
1238	6.1900	10		8	
1239	6.1950	10		8	
1240	6.2000	10		8	
1241	6.2050	9		8	
1242	6.2100	9		8	
1243	6.2150	9		8	
1244	6.2200	9		8	
1245	6.2250	8		8	
1246	6.2300	8		8	
1247	6.2350	8		8	
1248	6.2400	8		8	
1249	6.2450	8		8	
1250	6.2500	8		8	
1251	6.2550	8		8	
1252	6.2600	8		8	
1253	6.2650	7		8	
1254	6.2700	7		7	
1255	6.2750	7		7	
1256	6.2800	7		7	
1257	6.2850	6		7	
1258	6.2900	6		7	
1259	6.2950	6		7	
1260	6.3000	6		7	
1261	6.3050	6		7	
1262	6.3100	6		6	
1263	6.3150	6		6	
1264	6.3200	6		6	
1265	6.3250	5		6	
1266	6.3300	5		6	
1267	6.3350	5		6	
1268	6.3400	5		6	
1269	6.3450	4		6	
1270	6.3500	4		6	
1271	6.3550	4		6	
1272	6.3600	4		6	
1273	6.3650	4		6	
1274	6.3700	4		6	
1275	6.3750	4		6	
1276	6.3800	4		5	
1277	6.3850	3		5	
1278	6.3900	3		5	
1279	6.3950	3		5	
1280	6.4000	3		5	
1281	6.4050	2		5	
1282	6.4100	2		5	
1283	6.4150	2		5	
1284	6.4200	2		4	
1285	6.4250	2		4	
1286	6.4300	2		4	
1287	6.4350	2		4	
1288	6.4400	2		4	
1289	6.4450	1		4	
1290	6.4500	1		4	
1291	6.4550	1		4	
1292	6.4600	1		4	
1293	6.4650	1		4	
1294	6.4700	0		4	
1295	6.4750	0		4	
1296	6.4800	0		3	
1297	6.4850	0		3	
1298	6.4900	0		3	
1299	6.4950	0		3	
1300	6.5000	0		3	
1301	6.5050	0		3	
1302	6.5100	-1		3	
1303	6.5150	-1		2	
1304	6.5200	-1		2	
1305	6.5250	-1		2	
1306	6.5300	-1		2	
1307	6.5350	-2		2	
1308	6.5400	-2		2	
1309	6.5450	-2		2	
1310	6.5500	-2		2	
1311	6.5550	-2		2	
1312	6.5600	-2		2	
1313	6.5650	-2		2	
1314	6.5700	-2		2	
1315	6.5750	-2		2	
1316	6.5800	-3		1	
1317	6.5850	-3		1	
1318	6.5900	-3		1	
1319	6.5950	-3		1	
1320	6.6000	-3		1	
1321	6.6050	-3		1	
1322	6.6100	-4		1	
1323	6.6150	-4		1	
1324	6.6200	-4		0	
1325	6.6250	-4		0	
1326	6.6300	-4		0	
1327	6.6350	-4		0	
1328	6.6400	-4		0	
1329	6.6450	-4		0	
1330	6.6500	-4		0	
1331	6.6550	-4		0	
1332	6.6600	-5		0	
1333	6.6650	-5		0	
1334	6.6700	-5		0	
1335	6.6750	-5		0	
1336	6.6800	-5		0	
1337	6.6850	-5		0	
1338	6.6900	-5		-1	
1339	6.6950	-6		-1	
1340	6.7000	-6		-1	
1341	6.7050	-6		-1	
1342	6.7100	-6		-1	
1343	6.7150	-6		-1	
1344	6.7200	-6		-1	
1345	6.7250	-6		-1	
1346	6.7300	-6		-1	
1347	6.7350	-6		-1	
1348	6.7400	-6		-2	
1349	6.7450	-6		-2	
1350	6.7500	-6		-2	
1351	6.7550	-6		-2	
1352	6.7600	-7		-2	
1353	6.7650	-7		-2	
1354	6.7700	-7		-2	
1355	6.7750	-7		-2	
1356	6.7800	-7		-2	
1357	6.7850	-7		-2	
1358	6.7900	-7		-2	
1359	6.7950	-7		-2	
1360	6.8000	-7		-2	
1361	6.8050	-8		-2	
1362	6.8100	-8		-2	
1363	6.8150	-8		-2	
1364	6.8200	-8		-2	
1365	6.8250	-8		-2	
1366	6.8300	-8		-2	
1367	6.8350	-8		-2	
1368	6.8400	-8		-2	
1369	6.8450	-8		-2	
1370	6.8500	-8		-2	
1371	6.8550	-8		-2	
1372	6.8600	-8		-2	
1373	6.8650	-8		-2	
1374	6.8700	-8		-3	
1375	6.8750	-8		-3	
1376	6.8800	-8		-3	
1377	6.8850	-8		-3	
1378	6.8900	-8		-3	
1379	6.8950	-8		-3	
1380	6.9000	-8		-3	
1381	6.9050	-8		-3	
1382	6.9100	-8		-3	
1383	6.9150	-8		-3	
1384	6.9200	-8		-3	
1385	6.9250	-8		-3	
1386	6.9300	-8		-3	
1387	6.9350	-8		-3	
1388	6.9400	-8		-3	
1389	6.9450	-9		-3	
1390	6.9500	-9		-3	
1391	6.9550	-9		-3	
1392	6.9600	-9		-3	
1393	6.9650	-9		-3	
1394	6.9700	-9		-3	
1395	6.9750	-9		-3	
1396	6.9800	-9		-3	
1397	6.9850	-9		-3	
1398	6.9900	-9		-3	
1399	6.9950	-9		-3	
1400	7.0000	-9		-3	
1401	7.0050	-9		-3	
1402	7.0100	-9		-3	
1403	7.0150	-9		-3	
1404	7.0200	-9		-3	
1405	7.0250	-9		-3	
1406	7.0300	-9		-3	
1407	7.0350	-9		-2	
1408	7.0400	-9		-2	
1409	7.0450	-9		-2	
1410	7.0500	-8		-2	
1411	7.0550	-8		-2	
1412	7.0600	-8		-2	
1413	7.0650	-8		-2	
1414	7.0700	-8		-2	
1415	7.0750	-8		-2	
1416	7.0800	-8		-2	
1417	7.0850	-8		-2	
1418	7.0900	-8		-2	
1419	7.0950	-8		-2	
1420	7.1000	-8		-2	
1421	7.1050	-8		-2	
1422	7.1100	-8		-2	
1423	7.1150	-8		-2	
1424	7.1200	-8		-2	
1425	7.1250	-8		-2	
1426	7.1300	-8		-2	
1427	7.1350	-8		-2	
1428	7.1400	-8		-2	
1429	7.1450	-8		-2	
1430	7.1500	-8		-2	
1431	7.1550	-8		-2	
1432	7.1600	-8		-2	
1433	7.1650	-8		-2	
1434	7.1700	-8		-2	
1435	7.1750	-8		-2	
1436	7.1800	-7		-2	
1437	7.1850	-7		-2	
1438	7.1900	-7		-2	
1439	7.1950	-7		-2	
1440	7.2000	-7		-2	
1441	7.2050	-7		-2	
1442	7.2100	-7		-1	
1443	7.2150	-7		-1	
1444	7.2200	-7		-1	
1445	7.2250	-6		-1	
1446	7.2300	-6		-1	
1447	7.2350	-6		-1	
1448	7.2400	-6		-1	
1449	7.2450	-6		-1	
1450	7.2500	-6		-1	
1451	7.2550	-6		-1	
1452	7.2600	-6		-1	
1453	7.2650	-6		-1	
1454	7.2700	-6		-1	
1455	7.2750	-6		-1	
1456	7.2800	-6		-1	
1457	7.2850	-6		-1	
1458	7.2900	-5		-1	
1459	7.2950	-5		-1	
1460	7.3000	-5		-1	
1461	7.3050	-5		-1	
1462	7.3100	-5		-1	
1463	7.3150	-5		0	
1464	7.3200	-4		0	
1465	7.3250	-4		0	
1466	7.3300	-4		0	
1467	7.3350	-4		0	
1468	7.3400	-4		0	
1469	7.3450	-4		0	
1470	7.3500	-4		0	
1471	7.3550	-4		0	
1472	7.3600	-4		0	
1473	7.3650	-4		0	
1474	7.3700	-3		0	
1475	7.3750	-3		0	
1476	7.3800	-3		0	
1477	7.3850	-3		0	
1478	7.3900	-3		0	
1479	7.3950	-3		0	
1480	7.4000	-2		0	
1481	7.4050	-2		0	
1482	7.4100	-2		0	
1483	7.4150	-2		0	
1484	7.4200	-2		0	
1485	7.4250	-2		0	
1486	7.4300	-2		0	
1487	7.4350	-2		0	
1488	7.4400	-1		0	
1489	7.4450	-1		0	
1490	7.4500	-1		0	
1491	7.4550	-1		0	
1492	7.4600	-1		0	
1493	7.4650	0		0	
1494	7.4700	0		0	
1495	7.4750	0		0	
1496	7.4800	0		0	
1497	7.4850	0		0	
1498	7.4900	0		0	
1499	7.4950	0		0	
1500	7.5000	0		0	
1501	7.5050	0		0	
1502	7.5100	1		0	
1503	7.5150	1		0	
1504	7.5200	1		0	
1505	7.5250	1		0	
1506	7.5300	2		1	
1507	7.5350	2		1	
1508	7.5400	2		1	
1509	7.5450	2		1	
1510	7.5500	2		1	
1511	7.5550	2		1	
1512	7.5600	2		1	
1513	7.5650	2		1	
1514	7.5700	3		1	
1515	7.5750	3		1	
1516	7.5800	3		1	
1517	7.5850	3		1	
1518	7.5900	4		1	
1519	7.5950	4		1	
1520	7.6000	4		1	
1521	7.6050	4		2	
1522	7.6100	4		2	
1523	7.6150	4		2	
1524	7.6200	4		2	
1525	7.6250	5		2	
1526	7.6300	5		2	
1527	7.6350	5		2	
1528	7.6400	5		2	
1529	7.6450	5		2	
1530	7.6500	6		2	
1531	7.6550	6		2	
1532	7.6600	6		2	
1533	7.6650	6		2	
1534	7.6700	6		2	
1535	7.6750	6		2	
1536	7.6800	6		2	
1537	7.6850	7		2	
1538	7.6900	7		2	
1539	7.6950	7		3	
1540	7.7000	7		3	
1541	7.7050	8		3	
1542	7.7100	8		3	
1543	7.7150	8		3	
1544	7.7200	8		3	
1545	7.7250	8		3	
1546	7.7300	8		3	
1547	7.7350	8		4	
1548	7.7400	8		4	
1549	7.7450	9		4	
1550	7.7500	9		4	
1551	7.7550	9		4	
1552	7.7600	9		4	
1553	7.7650	10		4	
1554	7.7700	10		4	
1555	7.7750	10		4	
1556	7.7800	10		4	
1557	7.7850	10		4	
1558	7.7900	10		4	
1559	7.7950	10		4	
1560	7.8000	10		4	
1561	7.8050	11		5	
1562	7.8100	11		5	
1563	7.8150	11		5	
1564	7.8200	11		5	
1565	7.8250	12		5	
1566	7.8300	12		5	
1567	7.8350	12		6	
1568	7.8400	12		6	
1569	7.8450	12		6	
1570	7.8500	12		6	
1571	7.8550	12		6	
1572	7.8600	12		6	
1573	7.8650	13		6	
1574	7.8700	13		6	
1575	7.8750	13		6	
1576	7.8800	13		6	
1577	7.8850	13		6	
1578	7.8900	14		6	
1579	7.8950	14		7	
1580	7.9000	14		7	
1581	7.9050	14		7	
1582	7.9100	14		7	
1583	7.9150	14		7	
1584	7.9200	14		7	
1585	7.9250	14		7	
1586	7.9300	14		8	
1587	7.9350	15		8	
1588	7.9400	15		8	
1589	7.9450	15		8	
1590	7.9500	15		8	
1591	7.9550	15		8	
1592	7.9600	16		8	
1593	7.9650	16		8	
1594	7.9700	16		8	
1595	7.9750	16		8	
1596	7.9800	16		8	
1597	7.9850	16		8	
1598	7.9900	16		9	
1599	7.9950	16		9	
1600	8.0000	16		9	
1601	8.0050	17		9	
1602	8.0100	17		9	
1603	8.0150	17		9	
1604	8.0200	17		9	
1605	8.0250	17		9	
1606	8.0300	17		10	
1607	8.0350	18		10	
1608	8.0400	18		10	
1609	8.0450	18		10	
1610	8.0500	18		10	
1611	8.0550	18		10	
1612	8.0600	18		10	
1613	8.0650	18		10	
1614	8.0700	18		10	
1615	8.0750	18		10	
1616	8.0800	18		10	
1617	8.0850	18		10	
1618	8.0900	18		10	
1619	8.0950	19		10	
1620	8.1000	19		10	
1621	8.1050	19		11	
1622	8.1100	19		11	
1623	8.1150	19		11	
1624	8.1200	19		11	
1625	8.1250	19		11	
1626	8.1300	20		11	
1627	8.1350	20		11	
1628	8.1400	20		11	
1629	8.1450	20		11	
1630	8.1500	20		11	
1631	8.1550	20		11	
1632	8.1600	20		11	
1633	8.1650	20		12	
1634	8.1700	20		12	
1635	8.1750	20		12	
1636	8.1800	20		12	
1637	8.1850	20		12	
1638	8.1900	20		12	
1639	8.1950	20		12	
1640	8.2000	20		12	
1641	8.2050	21		12	
1642	8.2100	21		12	
1643	8.2150	21		12	
1644	8.2200	21		12	
1645	8.2250	21		12	
1646	8.2300	21		12	
1647	8.2350	21		12	
1648	8.2400	21		12	
1649	8.2450	21		12	
1650	8.2500	21		12	
1651	8.2550	21		12	
1652	8.2600	21		12	
1653	8.2650	21		12	
1654	8.2700	21		12	
1655	8.2750	22		12	
1656	8.2800	22		12	
1657	8.2850	22		12	
1658	8.2900	22		12	
1659	8.2950	22		12	
1660	8.3000	22		12	
1661	8.3050	22		12	
1662	8.3100	22		12	
1663	8.3150	22		12	
1664	8.3200	22		12	
1665	8.3250	22		12	
1666	8.3300	22		12	
1667	8.3350	22		12	
1668	8.3400	22		12	
1669	8.3450	22		12	
1670	8.3500	22		12	
1671	8.3550	22		12	
1672	8.3600	22		12	
1673	8.3650	22		12	
1674	8.3700	22		12	
1675	8.3750	22		12	
1676	8.3800	22		12	
1677	8.3850	22		12	
1678	8.3900	22		12	
1679	8.3950	22		12	
1680	8.4000	22		12	
1681	8.4050	22		12	
1682	8.4100	22		12	
1683	8.4150	22		12	
1684	8.4200	22		12	
1685	8.4250	22		12	
1686	8.4300	22		12	
1687	8.4350	22		12	
1688	8.4400	22		12	
1689	8.4450	22		12	
1690	8.4500	22		12	
1691	8.4550	22		12	
1692	8.4600	22		12	
1693	8.4650	22		12	
1694	8.4700	22		12	
1695	8.4750	22		12	
1696	8.4800	22		12	
1697	8.4850	22		12	
1698	8.4900	22		12	
1699	8.4950	22		12	
1700	8.5000	22		12	
1701	8.5050	22		12	
1702	8.5100	22		12	
1703	8.5150	22		12	
1704	8.5200	21		12	
1705	8.5250	21		12	
1706	8.5300	21		12	
1707	8.5350	21		12	
1708	8.5400	21		12	
1709	8.5450	21		12	
1710	8.5500	21		12	
1711	8.5550	21		12	
1712	8.5600	21		12	
1713	8.5650	21		12	
1714	8.5700	21		12	
1715	8.5750	21		12	
1716	8.5800	21		12	
1717	8.5850	20		12	
1718	8.5900	20		12	
1719	8.5950	20		12	
1720	8.6000	20		12	
1721	8.6050	20		12	
1722	8.6100	20		12	
1723	8.6150	20		12	
1724	8.6200	20		12	
1725	8.6250	20		12	
1726	8.6300	20		12	
1727	8.6350	20		12	
1728	8.6400	20		12	
1729	8.6450	20		12	
1730	8.6500	20		12	
1731	8.6550	20		12	
1732	8.6600	19		12	
1733	8.6650	19		12	
1734	8.6700	19		11	
1735	8.6750	19		11	
1736	8.6800	19		11	
1737	8.6850	19		11	
1738	8.6900	19		11	
1739	8.6950	19		11	
1740	8.7000	18		11	
1741	8.7050	18		11	
1742	8.7100	18		11	
1743	8.7150	18		11	
1744	8.7200	18		11	
1745	8.7250	18		11	
1746	8.7300	18		11	
1747	8.7350	18		11	
1748	8.7400	18		11	
1749	8.7450	18		11	
1750	8.7500	18		11	
1751	8.7550	17		11	
1752	8.7600	17		11	
1753	8.7650	17		11	
1754	8.7700	17		11	
1755	8.7750	17		11	
1756	8.7800	17		11	
1757	8.7850	16		11	
1758	8.7900	16		11	
1759	8.7950	16		11	
1760	8.8000	16		11	
1761	8.8050	16		11	
1762	8.8100	16		11	
1763	8.8150	16		10	
1764	8.8200	16		10	
1765	8.8250	16		10	
1766	8.8300	15		10	
1767	8.8350	15		10	
1768	8.8400	15		10	
1769	8.8450	15		10	
1770	8.8500	15		10	
1771	8.8550	15		10	
1772	8.8600	14		10	
1773	8.8650	14		10	
1774	8.8700	14		10	
1775	8.8750	14		10	
1776	8.8800	14		10	
1777	8.8850	14		10	
1778	8.8900	14		10	
1779	8.8950	14		10	
1780	8.9000	13		10	
1781	8.9050	13		10	
1782	8.9100	13		10	
1783	8.9150	13		10	
1784	8.9200	13		10	
1785	8.9250	12		10	
1786	8.9300	12		10	
1787	8.9350	12		10	
1788	8.9400	12		10	
1789	8.9450	12		10	
1790	8.9500	12		10	
1791	8.9550	12		9	
1792	8.9600	12		9	
1793	8.9650	12		9	
1794	8.9700	11		9	
1795	8.9750	11		9	
1796	8.9800	11		9	
1797	8.9850	11		9	
1798	8.9900	10		9	
1799	8.9950	10		9	
1800	9.0000	10		9	
1801	9.0050	10		9	
1802	9.0100	10		8	
1803	9.0150	10		8	
1804	9.0200	10		8	
1805	9.0250	10		8	
1806	9.0300	9		8	
1807	9.0350	9		8	
1808	9.0400	9		8	
1809	9.0450	9		8	
1810	9.0500	8		8	
1811	9.0550	8		8	
1812	9.0600	8		8	
1813	9.0650	8		8	
1814	9.0700	8		8	
1815	9.0750	8		8	
1816	9.0800	8		8	
1817	9.0850	8		8	
1818	9.0900	7		8	
1819	9.0950	7		7	
1820	9.1000	7		7	
1821	9.1050	7		7	
1822	9.1100	6		7	
1823	9.1150	6		7	
1824	9.1200	6		7	
1825	9.1250	6		7	
1826	9.1300	6		7	
1827	9.1350	6		7	
1828	9.1400	6		6	
1829	9.1450	6		6	
1830	9.1500	5		6	
1831	9.1550	5		6	
1832	9.1600	5		6	
1833	9.1650	5		6	
1834	9.1700	4		6	
1835	9.1750	4		6	
1836	9.1800	4		6	
1837	9.1850	4		6	
1838	9.1900	4		6	
1839	9.1950	4		6	
1840	9.2000	4		6	
1841	9.2050	4		5	
1842	9.2100	3		5	
1843	9.2150	3		5	
1844	9.2200	3		5	
1845	9.2250	3		5	
1846	9.2300	2		5	
1847	9.2350	2		5	
1848	9.2400	2		5	
1849	9.2450	2		4	
1850	9.2500	2		4	
1851	9.2550	2		4	
1852	9.2600	2		4	
1853	9.2650	2		4	
1854	9.2700	1		4	
1855	9.2750	1		4	
1856	9.2800	1		4	
1857	9.2850	1		4	
1858	9.2900	1		4	
1859	9.2950	0		4	
1860	9.3000	0		4	
1861	9.3050	0		3	
1862	9.3100	0		3	
1863	9.3150	0		3	
1864	9.3200	0		3	
1865	9.3250	0		3	
1866	9.3300	0		3	
1867	9.3350	-1		3	
1868	9.3400	-1		3	
1869	9.3450	-1		2	
1870	9.3500	-1		2	
1871	9.3550	-1		2	
1872	9.3600	-2		2	
1873	9.3650	-2		2	
1874	9.3700	-2		2	
1875	9.3750	-2		2	
1876	9.3800	-2		2	
1877	9.3850	-2		2	
1878	9.3900	-2		2	
1879	9.3950	-2		2	
1880	9.4000	-2		2	
1881	9.4050	-3		1	
1882	9.4100	-3		1	
1883	9.4150	-3		1	
1884	9.4200	-3		1	
1885	9.4250	-3		1	
1886	9.4300	-3		1	
1887	9.4350	-4		1	
1888	9.4400	-4		1	
1889	9.4450	-4		0	
1890	9.4500	-4		0	
1891	9.4550	-4		0	
1892	9.4600	-4		0	
1893	9.4650	-4		0	
1894	9.4700	-4		0	
1895	9.4750	-4		0	
1896	9.4800	-4		0	
1897	9.4850	-5		0	
1898	9.4900	-5		0	
1899	9.4950	-5		0	
1900	9.5000	-5		0	
1901	9.5050	-5		0	
1902	9.5100	-5		0	
1903	9.5150	-5		-1	
1904	9.5200	-6		-1	
1905	9.5250	-6		-1	
1906	9.5300	-6		-1	
1907	9.5350	-6		-1	
1908	9.5400	-6		-1	
1909	9.5450	-6		-1	
1910	9.5500	-6		-1	
1911	9.5550	-6		-1	
1912	9.5600	-6		-1	
1913	9.5650	-6		-2	
1914	9.5700	-6		-2	
1915	9.5750	-6		-2	
1916	9.5800	-6		-2	
1917	9.5850	-7		-2	
1918	9.5900	-7		-2	
1919	9.5950	-7		-2	
1920	9.6000	-7		-2	
1921	9.6050	-7		-2	
1922	9.6100	-7		-2	
1923	9.6150	-7		-2	
1924	9.6200	-7		-2	
1925	9.6250	-7		-2	
1926	9.6300	-7		-2	
1927	9.6350	-8		-2	
1928	9.6400	-8		-2	
1929	9.6450	-8		-2	
1930	9.6500	-8		-2	
1931	9.6550	-8		-2	
1932	9.6600	-8		-2	
1933	9.6650	-8		-2	
1934	9.6700	-8		-2	
1935	9.6750	-8		-2	
1936	9.6800	-8		-2	
1937	9.6850	-8		-3	
1938	9.6900	-8		-3	
1939	9.6950	-8		-3	
1940	9.7000	-8		-3	
1941	9.7050	-8		-3	
1942	9.7100	-8		-3	
1943	9.7150	-8		-3	
1944	9.7200	-8		-3	
1945	9.7250	-8		-3	
1946	9.7300	-8		-3	
1947	9.7350	-8		-3	
1948	9.7400	-8		-3	
1949	9.7450	-8		-3	
1950	9.7500	-8		-3	
1951	9.7550	-8		-3	
1952	9.7600	-8		-3	
1953	9.7650	-8		-3	
1954	9.7700	-8		-3	
1955	9.7750	-8		-3	
1956	9.7800	-8		-3	
1957	9.7850	-9		-3	
1958	9.7900	-9		-3	
1959	9.7950	-9		-3	
1960	9.8000	-9		-3	
1961	9.8050	-9		-3	
1962	9.8100	-9		-3	
1963	9.8150	-9		-3	
1964	9.8200	-9		-3	
1965	9.8250	-9		-3	
1966	9.8300	-9		-3	
1967	9.8350	-9		-3	
1968	9.8400	-9		-3	
1969	9.8450	-9		-3	
1970	9.8500	-9		-3	
1971	9.8550	-9		-3	
1972	9.8600	-9		-3	
1973	9.8650	-8		-3	
1974	9.8700	-8		-2	
1975	9.8750	-8		-2	
1976	9.8800	-8		-2	
1977	9.8850	-8		-2	
1978	9.8900	-8		-2	
1979	9.8950	-8		-2	
1980	9.9000	-8		-2	
1981	9.9050	-8		-2	
1982	9.9100	-8		-2	
1983	9.9150	-8		-2	
1984	9.9200	-8		-2	
1985	9.9250	-8		-2	
1986	9.9300	-8		-2	
1987	9.9350	-8		-2	
1988	9.9400	-8		-2	
1989	9.9450	-8		-2	
1990	9.9500	-8		-2	
1991	9.9550	-8		-2	
1992	9.9600	-8		-2	
1993	9.9650	-8		-2	
1994	9.9700	-8		-2	
1995	9.9750	-8		-2	
1996	9.9800	-8		-2	
1997	9.9850	-8		-2	
1998	9.9900	-8		-2	
1999	9.9950	-8		-2	
2000	10.0000	-7		-2	
