#	time(s)	count A	count B	count C	count D
1	0.0100	-100			
2	0.0200	-100			
3	0.0300	-100			
4	0.0400	-100			
5	0.0500	-100			
6	0.0600	-100			
7	0.0700	-100			
8	0.0800	-100			
9	0.0900	-100			
10	0.1000	-100			
11	0.1100	-100			
12	0.1200	-99			
13	0.1300	-99			
14	0.1400	-98			
15	0.1500	-97			
16	0.1600	-96			
17	0.1700	-94			
18	0.1800	-92			
19	0.1900	-90			
20	0.2000	-87			
21	0.2100	-84			
22	0.2200	-81			
23	0.2300	-78			
24	0.2400	-74			
25	0.2500	-70			
26	0.2600	-65			
27	0.2700	-61			
28	0.2800	-56			
29	0.2900	-51			
30	0.3000	-46			
31	0.3100	-40			
32	0.3200	-35			
33	0.3300	-30			
34	0.3400	-24			
35	0.3500	-18			
36	0.3600	-12			
37	0.3700	-7			
38	0.3800	-1			
39	0.3900	5			
40	0.4000	11			
41	0.4100	17			
42	0.4200	22			
43	0.4300	28			
44	0.4400	33			
45	0.4500	39			
46	0.4600	44			
47	0.4700	49			
48	0.4800	54			
49	0.4900	58			
50	0.5000	62			
51	0.5100	67			
52	0.5200	70			
53	0.5300	74			
54	0.5400	77			
55	0.5500	79			
56	0.5600	82			
57	0.5700	84			
58	0.5800	86			
59	0.5900	87			
60	0.6000	88			
61	0.6100	89			
62	0.6200	89			
63	0.6300	89			
64	0.6400	89			
65	0.6500	88			
66	0.6600	87			
67	0.6700	86			
68	0.6800	84			
69	0.6900	82			
70	0.7000	79			
71	0.7100	76			
72	0.7200	73			
73	0.7300	70			
74	0.7400	66			
75	0.7500	62			
76	0.7600	58			
77	0.7700	54			
78	0.7800	50			
79	0.7900	45			
80	0.8000	40			
81	0.8100	35			
82	0.8200	30			
83	0.8300	25			
84	0.8400	19			
85	0.8500	14			
86	0.8600	8			
87	0.8700	3			
88	0.8800	-3			
89	0.8900	-8			
90	0.9000	-14			
91	0.9100	-19			
92	0.9200	-24			
93	0.9300	-30			
94	0.9400	-35			
95	0.9500	-40			
96	0.9600	-45			
97	0.9700	-50			
98	0.9800	-54			
99	0.9900	-58			
100	1.0000	-62			
101	1.0100	-66			
102	1.0200	-70			
103	1.0300	-73			
104	1.0400	-76			
105	1.0500	-78			
106	1.0600	-80			
107	1.0700	-82			
108	1.0800	-84			
109	1.0900	-85			
110	1.1000	-86			
111	1.1100	-87			
112	1.1200	-87			
113	1.1300	-87			
114	1.1400	-87			
115	1.1500	-86			
116	1.1600	-85			
117	1.1700	-83			
118	1.1800	-82			
119	1.1900	-79			
120	1.2000	-77			
121	1.2100	-74			
122	1.2200	-71			
123	1.2300	-68			
124	1.2400	-64			
125	1.2500	-60			
126	1.2600	-56			
127	1.2700	-52			
128	1.2800	-47			
129	1.2900	-43			
130	1.3000	-38			
131	1.3100	-33			
132	1.3200	-28			
133	1.3300	-22			
134	1.3400	-17			
135	1.3500	-11			
136	1.3600	-6			
137	1.3700	0			
138	1.3800	5			
139	1.3900	11			
140	1.4000	16			
141	1.4100	22			
142	1.4200	27			
143	1.4300	32			
144	1.4400	37			
145	1.4500	42			
146	1.4600	46			
147	1.4700	51			
148	1.4800	56			
149	1.4900	60			
150	1.5000	63			
151	1.5100	67			
152	1.5200	70			
153	1.5300	74			
154	1.5400	76			
155	1.5500	78			
156	1.5600	81			
157	1.5700	83			
158	1.5800	84			
159	1.5900	85			
160	1.6000	86			
161	1.6100	87			
162	1.6200	87			
163	1.6300	86			
164	1.6400	86			
165	1.6500	85			
166	1.6600	84			
167	1.6700	82			
168	1.6800	80			
169	1.6900	78			
170	1.7000	75			
171	1.7100	72			
172	1.7200	69			
173	1.7300	66			
174	1.7400	62			
175	1.7500	58			
176	1.7600	54			
177	1.7700	50			
178	1.7800	45			
179	1.7900	40			
180	1.8000	35			
181	1.8100	30			
182	1.8200	25			
183	1.8300	20			
184	1.8400	14			
185	1.8500	9			
186	1.8600	4			
187	1.8700	-2			
188	1.8800	-7			
189	1.8900	-13			
190	1.9000	-18			
191	1.9100	-24			
192	1.9200	-29			
193	1.9300	-34			
194	1.9400	-39			
195	1.9500	-44			
196	1.9600	-48			
197	1.9700	-53			
198	1.9800	-57			
199	1.9900	-61			
200	2.0000	-64			
201	2.0100	-68			
202	2.0200	-71			
203	2.0300	-74			
204	2.0400	-77			
205	2.0500	-79			
206	2.0600	-81			
207	2.0700	-83			
208	2.0800	-84			
209	2.0900	-85			
210	2.1000	-86			
211	2.1100	-86			
212	2.1200	-86			
213	2.1300	-85			
214	2.1400	-84			
215	2.1500	-84			
216	2.1600	-82			
217	2.1700	-80			
218	2.1800	-78			
219	2.1900	-76			
220	2.2000	-73			
221	2.2100	-70			
222	2.2200	-67			
223	2.2300	-63			
224	2.2400	-59			
225	2.2500	-55			
226	2.2600	-51			
227	2.2700	-47			
228	2.2800	-42			
229	2.2900	-37			
230	2.3000	-32			
231	2.3100	-27			
232	2.3200	-22			
233	2.3300	-16			
234	2.3400	-11			
235	2.3500	-6			
236	2.3600	0			
237	2.3700	5			
238	2.3800	10			
239	2.3900	16			
240	2.4000	21			
241	2.4100	26			
242	2.4200	32			
243	2.4300	36			
244	2.4400	41			
245	2.4500	46			
246	2.4600	50			
247	2.4700	55			
248	2.4800	59			
249	2.4900	63			
250	2.5000	66			
251	2.5100	70			
252	2.5200	72			
253	2.5300	75			
254	2.5400	78			
255	2.5500	80			
256	2.5600	82			
257	2.5700	83			
258	2.5800	84			
259	2.5900	85			
260	2.6000	85			
261	2.6100	86			
262	2.6200	85			
263	2.6300	85			
264	2.6400	84			
265	2.6500	82			
266	2.6600	81			
267	2.6700	79			
268	2.6800	76			
269	2.6900	74			
270	2.7000	71			
271	2.7100	68			
272	2.7200	65			
273	2.7300	61			
274	2.7400	57			
275	2.7500	53			
276	2.7600	49			
277	2.7700	44			
278	2.7800	39			
279	2.7900	34			
280	2.8000	30			
281	2.8100	24			
282	2.8200	19			
283	2.8300	14			
284	2.8400	8			
285	2.8500	3			
286	2.8600	-2			
287	2.8700	-8			
288	2.8800	-13			
289	2.8900	-18			
290	2.9000	-24			
291	2.9100	-29			
292	2.9200	-34			
293	2.9300	-39			
294	2.9400	-44			
295	2.9500	-48			
296	2.9600	-52			
297	2.9700	-56			
298	2.9800	-60			
299	2.9900	-64			
300	3.0000	-67			
301	3.0100	-70			
302	3.0200	-74			
303	3.0300	-76			
304	3.0400	-78			
305	3.0500	-80			
306	3.0600	-82			
307	3.0700	-83			
308	3.0800	-84			
309	3.0900	-85			
310	3.1000	-85			
311	3.1100	-85			
312	3.1200	-84			
313	3.1300	-84			
314	3.1400	-83			
315	3.1500	-81			
316	3.1600	-80			
317	3.1700	-78			
318	3.1800	-75			
319	3.1900	-72			
320	3.2000	-70			
321	3.2100	-66			
322	3.2200	-63			
323	3.2300	-59			
324	3.2400	-55			
325	3.2500	-51			
326	3.2600	-46			
327	3.2700	-42			
328	3.2800	-37			
329	3.2900	-32			
330	3.3000	-27			
331	3.3100	-22			
332	3.3200	-17			
333	3.3300	-12			
334	3.3400	-6			
335	3.3500	-1			
336	3.3600	4			
337	3.3700	10			
338	3.3800	15			
339	3.3900	20			
340	3.4000	25			
341	3.4100	30			
342	3.4200	35			
343	3.4300	40			
344	3.4400	44			
345	3.4500	49			
346	3.4600	53			
347	3.4700	57			
348	3.4800	61			
349	3.4900	65			
350	3.5000	68			
351	3.5100	71			
352	3.5200	74			
353	3.5300	76			
354	3.5400	78			
355	3.5500	80			
356	3.5600	82			
357	3.5700	83			
358	3.5800	84			
359	3.5900	84			
360	3.6000	84			
361	3.6100	84			
362	3.6200	84			
363	3.6300	83			
364	3.6400	82			
365	3.6500	80			
366	3.6600	78			
367	3.6700	76			
368	3.6800	74			
369	3.6900	71			
370	3.7000	68			
371	3.7100	64			
372	3.7200	61			
373	3.7300	57			
374	3.7400	53			
375	3.7500	49			
376	3.7600	44			
377	3.7700	40			
378	3.7800	35			
379	3.7900	30			
380	3.8000	25			
381	3.8100	20			
382	3.8200	15			
383	3.8300	10			
384	3.8400	4			
385	3.8500	-1			
386	3.8600	-6			
387	3.8700	-12			
388	3.8800	-17			
389	3.8900	-22			
390	3.9000	-27			
391	3.9100	-32			
392	3.9200	-37			
393	3.9300	-42			
394	3.9400	-46			
395	3.9500	-50			
396	3.9600	-54			
397	3.9700	-58			
398	3.9800	-62			
399	3.9900	-65			
400	4.0000	-68			
401	4.0100	-72			
402	4.0200	-74			
403	4.0300	-76			
404	4.0400	-78			
405	4.0500	-80			
406	4.0600	-81			
407	4.0700	-82			
408	4.0800	-83			
409	4.0900	-83			
410	4.1000	-83			
411	4.1100	-83			
412	4.1200	-82			
413	4.1300	-81			
414	4.1400	-80			
415	4.1500	-78			
416	4.1600	-76			
417	4.1700	-74			
418	4.1800	-71			
419	4.1900	-68			
420	4.2000	-65			
421	4.2100	-62			
422	4.2200	-58			
423	4.2300	-54			
424	4.2400	-50			
425	4.2500	-46			
426	4.2600	-42			
427	4.2700	-37			
428	4.2800	-32			
429	4.2900	-27			
430	4.3000	-22			
431	4.3100	-17			
432	4.3200	-12			
433	4.3300	-7			
434	4.3400	-1			
435	4.3500	4			
436	4.3600	9			
437	4.3700	14			
438	4.3800	20			
439	4.3900	24			
440	4.4000	29			
441	4.4100	34			
442	4.4200	39			
443	4.4300	44			
444	4.4400	48			
445	4.4500	52			
446	4.4600	56			
447	4.4700	60			
448	4.4800	64			
449	4.4900	67			
450	4.5000	70			
451	4.5100	72			
452	4.5200	75			
453	4.5300	77			
454	4.5400	79			
455	4.5500	80			
456	4.5600	81			
457	4.5700	82			
458	4.5800	83			
459	4.5900	83			
460	4.6000	83			
461	4.6100	82			
462	4.6200	82			
463	4.6300	80			
464	4.6400	79			
465	4.6500	77			
466	4.6600	75			
467	4.6700	72			
468	4.6800	70			
469	4.6900	67			
470	4.7000	64			
471	4.7100	60			
472	4.7200	56			
473	4.7300	53			
474	4.7400	48			
475	4.7500	44			
476	4.7600	40			
477	4.7700	35			
478	4.7800	30			
479	4.7900	25			
480	4.8000	20			
481	4.8100	15			
482	4.8200	10			
483	4.8300	4			
484	4.8400	-1			
485	4.8500	-6			
486	4.8600	-11			
487	4.8700	-16			
488	4.8800	-21			
489	4.8900	-26			
490	4.9000	-31			
491	4.9100	-36			
492	4.9200	-41			
493	4.9300	-45			
494	4.9400	-50			
495	4.9500	-54			
496	4.9600	-57			
497	4.9700	-61			
498	4.9800	-64			
499	4.9900	-68			
500	5.0000	-70			
501	5.0100	-73			
502	5.0200	-75			
503	5.0300	-77			
504	5.0400	-79			
505	5.0500	-80			
506	5.0600	-81			
507	5.0700	-82			
508	5.0800	-82			
509	5.0900	-82			
510	5.1000	-82			
511	5.1100	-81			
512	5.1200	-80			
513	5.1300	-79			
514	5.1400	-78			
515	5.1500	-76			
516	5.1600	-73			
517	5.1700	-71			
518	5.1800	-68			
519	5.1900	-65			
520	5.2000	-62			
521	5.2100	-58			
522	5.2200	-54			
523	5.2300	-50			
524	5.2400	-46			
525	5.2500	-42			
526	5.2600	-37			
527	5.2700	-32			
528	5.2800	-27			
529	5.2900	-22			
530	5.3000	-17			
531	5.3100	-12			
532	5.3200	-7			
533	5.3300	-2			
534	5.3400	3			
535	5.3500	9			
536	5.3600	14			
537	5.3700	19			
538	5.3800	24			
539	5.3900	29			
540	5.4000	34			
541	5.4100	38			
542	5.4200	43			
543	5.4300	47			
544	5.4400	52			
545	5.4500	56			
546	5.4600	59			
547	5.4700	63			
548	5.4800	66			
549	5.4900	69			
550	5.5000	72			
551	5.5100	74			
552	5.5200	76			
553	5.5300	78			
554	5.5400	80			
555	5.5500	81			
556	5.5600	82			
557	5.5700	82			
558	5.5800	82			
559	5.5900	82			
560	5.6000	82			
561	5.6100	81			
562	5.6200	80			
563	5.6300	78			
564	5.6400	77			
565	5.6500	74			
566	5.6600	72			
567	5.6700	70			
568	5.6800	67			
569	5.6900	64			
570	5.7000	60			
571	5.7100	56			
572	5.7200	52			
573	5.7300	48			
574	5.7400	44			
575	5.7500	40			
576	5.7600	35			
577	5.7700	30			
578	5.7800	25			
579	5.7900	20			
580	5.8000	15			
581	5.8100	10			
582	5.8200	5			
583	5.8300	0			
584	5.8400	-6			
585	5.8500	-11			
586	5.8600	-16			
587	5.8700	-21			
588	5.8800	-26			
589	5.8900	-31			
590	5.9000	-36			
591	5.9100	-40			
592	5.9200	-44			
593	5.9300	-49			
594	5.9400	-53			
595	5.9500	-57			
596	5.9600	-60			
597	5.9700	-64			
598	5.9800	-67			
599	5.9900	-70			
600	6.0000	-72			
601	6.0100	-74			
602	6.0200	-76			
603	6.0300	-78			
604	6.0400	-80			
605	6.0500	-80			
606	6.0600	-81			
607	6.0700	-82			
608	6.0800	-82			
609	6.0900	-81			
610	6.1000	-81			
611	6.1100	-80			
612	6.1200	-78			
613	6.1300	-77			
614	6.1400	-75			
615	6.1500	-73			
616	6.1600	-70			
617	6.1700	-68			
618	6.1800	-65			
619	6.1900	-61			
620	6.2000	-58			
621	6.2100	-54			
622	6.2200	-50			
623	6.2300	-46			
624	6.2400	-42			
625	6.2500	-37			
626	6.2600	-32			
627	6.2700	-28			
628	6.2800	-22			
629	6.2900	-18			
630	6.3000	-12			
631	6.3100	-7			
632	6.3200	-2			
633	6.3300	3			
634	6.3400	8			
635	6.3500	13			
636	6.3600	18			
637	6.3700	24			
638	6.3800	28			
639	6.3900	33			
640	6.4000	38			
641	6.4100	42			
642	6.4200	47			
643	6.4300	51			
644	6.4400	55			
645	6.4500	58			
646	6.4600	62			
647	6.4700	65			
648	6.4800	68			
649	6.4900	71			
650	6.5000	73			
651	6.5100	75			
652	6.5200	77			
653	6.5300	79			
654	6.5400	80			
655	6.5500	81			
656	6.5600	81			
657	6.5700	82			
658	6.5800	81			
659	6.5900	81			
660	6.6000	80			
661	6.6100	79			
662	6.6200	78			
663	6.6300	76			
664	6.6400	74			
665	6.6500	72			
666	6.6600	69			
667	6.6700	66			
668	6.6800	63			
669	6.6900	60			
670	6.7000	56			
671	6.7100	52			
672	6.7200	48			
673	6.7300	44			
674	6.7400	39			
675	6.7500	35			
676	6.7600	30			
677	6.7700	25			
678	6.7800	20			
679	6.7900	15			
680	6.8000	10			
681	6.8100	5			
682	6.8200	0			
683	6.8300	-5			
684	6.8400	-10			
685	6.8500	-16			
686	6.8600	-20			
687	6.8700	-25			
688	6.8800	-30			
689	6.8900	-35			
690	6.9000	-40			
691	6.9100	-44			
692	6.9200	-48			
693	6.9300	-52			
694	6.9400	-56			
695	6.9500	-60			
696	6.9600	-63			
697	6.9700	-66			
698	6.9800	-69			
699	6.9900	-71			
700	7.0000	-74			
701	7.0100	-76			
702	7.0200	-77			
703	7.0300	-79			
704	7.0400	-80			
705	7.0500	-80			
706	7.0600	-81			
707	7.0700	-81			
708	7.0800	-80			
709	7.0900	-80			
710	7.1000	-79			
711	7.1100	-78			
712	7.1200	-76			
713	7.1300	-74			
714	7.1400	-72			
715	7.1500	-70			
716	7.1600	-67			
717	7.1700	-64			
718	7.1800	-61			
719	7.1900	-57			
720	7.2000	-54			
721	7.2100	-50			
722	7.2200	-46			
723	7.2300	-41			
724	7.2400	-37			
725	7.2500	-32			
726	7.2600	-27			
727	7.2700	-22			
728	7.2800	-17			
729	7.2900	-12			
730	7.3000	-7			
731	7.3100	-2			
732	7.3200	3			
733	7.3300	8			
734	7.3400	13			
735	7.3500	18			
736	7.3600	23			
737	7.3700	28			
738	7.3800	33			
739	7.3900	37			
740	7.4000	42			
741	7.4100	46			
742	7.4200	50			
743	7.4300	54			
744	7.4400	58			
745	7.4500	61			
746	7.4600	65			
747	7.4700	68			
748	7.4800	70			
749	7.4900	73			
750	7.5000	75			
751	7.5100	76			
752	7.5200	78			
753	7.5300	79			
754	7.5400	80			
755	7.5500	81			
756	7.5600	81			
757	7.5700	81			
758	7.5800	80			
759	7.5900	80			
760	7.6000	79			
761	7.6100	77			
762	7.6200	76			
763	7.6300	74			
764	7.6400	71			
765	7.6500	69			
766	7.6600	66			
767	7.6700	63			
768	7.6800	59			
769	7.6900	56			
770	7.7000	52			
771	7.7100	48			
772	7.7200	44			
773	7.7300	39			
774	7.7400	35			
775	7.7500	30			
776	7.7600	25			
777	7.7700	20			
778	7.7800	16			
779	7.7900	10			
780	7.8000	5			
781	7.8100	0			
782	7.8200	-5			
783	7.8300	-10			
784	7.8400	-15			
785	7.8500	-20			
786	7.8600	-25			
787	7.8700	-30			
788	7.8800	-34			
789	7.8900	-39			
790	7.9000	-43			
791	7.9100	-48			
792	7.9200	-52			
793	7.9300	-56			
794	7.9400	-59			
795	7.9500	-62			
796	7.9600	-65			
797	7.9700	-68			
798	7.9800	-71			
799	7.9900	-73			
800	8.0000	-75			
801	8.0100	-77			
802	8.0200	-78			
803	8.0300	-79			
804	8.0400	-80			
805	8.0500	-80			
806	8.0600	-80			
807	8.0700	-80			
808	8.0800	-79			
809	8.0900	-78			
810	8.1000	-77			
811	8.1100	-76			
812	8.1200	-74			
813	8.1300	-72			
814	8.1400	-69			
815	8.1500	-67			
816	8.1600	-64			
817	8.1700	-60			
818	8.1800	-57			
819	8.1900	-53			
820	8.2000	-49			
821	8.2100	-45			
822	8.2200	-41			
823	8.2300	-36			
824	8.2400	-32			
825	8.2500	-27			
826	8.2600	-22			
827	8.2700	-17			
828	8.2800	-12			
829	8.2900	-7			
830	8.3000	-2			
831	8.3100	3			
832	8.3200	8			
833	8.3300	13			
834	8.3400	18			
835	8.3500	23			
836	8.3600	28			
837	8.3700	32			
838	8.3800	37			
839	8.3900	41			
840	8.4000	46			
841	8.4100	50			
842	8.4200	54			
843	8.4300	57			
844	8.4400	61			
845	8.4500	64			
846	8.4600	67			
847	8.4700	70			
848	8.4800	72			
849	8.4900	74			
850	8.5000	76			
851	8.5100	77			
852	8.5200	78			
853	8.5300	80			
854	8.5400	80			
855	8.5500	80			
856	8.5600	80			
857	8.5700	80			
858	8.5800	79			
859	8.5900	78			
860	8.6000	76			
861	8.6100	75			
862	8.6200	73			
863	8.6300	71			
864	8.6400	68			
865	8.6500	65			
866	8.6600	62			
867	8.6700	59			
868	8.6800	55			
869	8.6900	52			
870	8.7000	48			
871	8.7100	43			
872	8.7200	39			
873	8.7300	34			
874	8.7400	30			
875	8.7500	25			
876	8.7600	20			
877	8.7700	15			
878	8.7800	10			
879	8.7900	5			
880	8.8000	0			
881	8.8100	-5			
882	8.8200	-10			
883	8.8300	-15			
884	8.8400	-20			
885	8.8500	-25			
886	8.8600	-30			
887	8.8700	-34			
888	8.8800	-39			
889	8.8900	-43			
890	8.9000	-47			
891	8.9100	-51			
892	8.9200	-55			
893	8.9300	-58			
894	8.9400	-62			
895	8.9500	-65			
896	8.9600	-68			
897	8.9700	-70			
898	8.9800	-72			
899	8.9900	-74			
900	9.0000	-76			
901	9.0100	-77			
902	9.0200	-78			
903	9.0300	-79			
904	9.0400	-79			
905	9.0500	-80			
906	9.0600	-79			
907	9.0700	-79			
908	9.0800	-78			
909	9.0900	-77			
910	9.1000	-75			
911	9.1100	-73			
912	9.1200	-71			
913	9.1300	-69			
914	9.1400	-66			
915	9.1500	-63			
916	9.1600	-60			
917	9.1700	-56			
918	9.1800	-53			
919	9.1900	-49			
920	9.2000	-45			
921	9.2100	-41			
922	9.2200	-36			
923	9.2300	-32			
924	9.2400	-27			
925	9.2500	-22			
926	9.2600	-17			
927	9.2700	-12			
928	9.2800	-8			
929	9.2900	-2			
930	9.3000	2			
931	9.3100	8			
932	9.3200	12			
933	9.3300	18			
934	9.3400	22			
935	9.3500	27			
936	9.3600	32			
937	9.3700	36			
938	9.3800	41			
939	9.3900	45			
940	9.4000	49			
941	9.4100	53			
942	9.4200	56			
943	9.4300	60			
944	9.4400	63			
945	9.4500	66			
946	9.4600	68			
947	9.4700	71			
948	9.4800	73			
949	9.4900	75			
950	9.5000	76			
951	9.5100	78			
952	9.5200	78			
953	9.5300	79			
954	9.5400	79			
955	9.5500	79			
956	9.5600	79			
957	9.5700	78			
958	9.5800	77			
959	9.5900	76			
960	9.6000	74			
961	9.6100	72			
962	9.6200	70			
963	9.6300	68			
964	9.6400	65			
965	9.6500	62			
966	9.6600	58			
967	9.6700	55			
968	9.6800	51			
969	9.6900	47			
970	9.7000	43			
971	9.7100	39			
972	9.7200	34			
973	9.7300	30			
974	9.7400	25			
975	9.7500	20			
976	9.7600	15			
977	9.7700	10			
978	9.7800	5			
979	9.7900	0			
980	9.8000	-5			
981	9.8100	-10			
982	9.8200	-15			
983	9.8300	-20			
984	9.8400	-24			
985	9.8500	-29			
986	9.8600	-34			
987	9.8700	-38			
988	9.8800	-42			
989	9.8900	-46			
990	9.9000	-50			
991	9.9100	-54			
992	9.9200	-58			
993	9.9300	-61			
994	9.9400	-64			
995	9.9500	-67			
996	9.9600	-69			
997	9.9700	-71			
998	9.9800	-73			
999	9.9900	-75			
1000	10.0000	-76			
