#	time(s)	count A	count B	count C	count D
1	0.0100	-100			
2	0.0200	-100			
3	0.0300	-100			
4	0.0400	-100			
5	0.0500	-100			
6	0.0600	-100			
7	0.0700	-100			
8	0.0800	-100			
9	0.0900	-100			
10	0.1000	-100			
11	0.1100	-100			
12	0.1200	-100			
13	0.1300	-100			
14	0.1400	-99			
15	0.1500	-99			
16	0.1600	-98			
17	0.1700	-96			
18	0.1800	-94			
19	0.1900	-93			
20	0.2000	-90			
21	0.2100	-88			
22	0.2200	-85			
23	0.2300	-82			
24	0.2400	-78			
25	0.2500	-74			
26	0.2600	-70			
27	0.2700	-65			
28	0.2800	-60			
29	0.2900	-55			
30	0.3000	-50			
31	0.3100	-45			
32	0.3200	-39			
33	0.3300	-34			
34	0.3400	-28			
35	0.3500	-22			
36	0.3600	-16			
37	0.3700	-10			
38	0.3800	-4			
39	0.3900	2			
40	0.4000	9			
41	0.4100	15			
42	0.4200	21			
43	0.4300	27			
44	0.4400	33			
45	0.4500	38			
46	0.4600	44			
47	0.4700	49			
48	0.4800	54			
49	0.4900	59			
50	0.5000	64			
51	0.5100	69			
52	0.5200	73			
53	0.5300	77			
54	0.5400	80			
55	0.5500	83			
56	0.5600	86			
57	0.5700	89			
58	0.5800	91			
59	0.5900	93			
60	0.6000	94			
61	0.6100	95			
62	0.6200	96			
63	0.6300	96			
64	0.6400	96			
65	0.6500	95			
66	0.6600	94			
67	0.6700	93			
68	0.6800	91			
69	0.6900	89			
70	0.7000	87			
71	0.7100	84			
72	0.7200	80			
73	0.7300	77			
74	0.7400	73			
75	0.7500	69			
76	0.7600	65			
77	0.7700	61			
78	0.7800	56			
79	0.7900	51			
80	0.8000	46			
81	0.8100	40			
82	0.8200	35			
83	0.8300	29			
84	0.8400	24			
85	0.8500	18			
86	0.8600	12			
87	0.8700	6			
88	0.8800	0			
89	0.8900	-6			
90	0.9000	-12			
91	0.9100	-18			
92	0.9200	-24			
93	0.9300	-29			
94	0.9400	-35			
95	0.9500	-40			
96	0.9600	-46			
97	0.9700	-51			
98	0.9800	-56			
99	0.9900	-60			
100	1.0000	-65			
101	1.0100	-69			
102	1.0200	-73			
103	1.0300	-76			
104	1.0400	-80			
105	1.0500	-82			
106	1.0600	-85			
107	1.0700	-87			
108	1.0800	-89			
109	1.0900	-90			
110	1.1000	-92			
111	1.1100	-92			
112	1.1200	-93			
113	1.1300	-93			
114	1.1400	-92			
115	1.1500	-92			
116	1.1600	-90			
117	1.1700	-89			
118	1.1800	-87			
119	1.1900	-85			
120	1.2000	-83			
121	1.2100	-80			
122	1.2200	-77			
123	1.2300	-74			
124	1.2400	-70			
125	1.2500	-66			
126	1.2600	-62			
127	1.2700	-58			
128	1.2800	-53			
129	1.2900	-48			
130	1.3000	-43			
131	1.3100	-38			
132	1.3200	-32			
133	1.3300	-27			
134	1.3400	-21			
135	1.3500	-16			
136	1.3600	-10			
137	1.3700	-4			
138	1.3800	2			
139	1.3900	8			
140	1.4000	14			
141	1.4100	20			
142	1.4200	25			
143	1.4300	31			
144	1.4400	36			
145	1.4500	41			
146	1.4600	46			
147	1.4700	51			
148	1.4800	56			
149	1.4900	60			
150	1.5000	65			
151	1.5100	69			
152	1.5200	72			
153	1.5300	76			
154	1.5400	79			
155	1.5500	82			
156	1.5600	84			
157	1.5700	86			
158	1.5800	88			
159	1.5900	89			
160	1.6000	90			
161	1.6100	91			
162	1.6200	91			
163	1.6300	91			
164	1.6400	90			
165	1.6500	90			
166	1.6600	88			
167	1.6700	87			
168	1.6800	85			
169	1.6900	83			
170	1.7000	80			
171	1.7100	77			
172	1.7200	74			
173	1.7300	70			
174	1.7400	67			
175	1.7500	63			
176	1.7600	58			
177	1.7700	54			
178	1.7800	49			
179	1.7900	44			
180	1.8000	39			
181	1.8100	34			
182	1.8200	28			
183	1.8300	23			
184	1.8400	18			
185	1.8500	12			
186	1.8600	6			
187	1.8700	0			
188	1.8800	-5			
189	1.8900	-11			
190	1.9000	-17			
191	1.9100	-22			
192	1.9200	-28			
193	1.9300	-33			
194	1.9400	-38			
195	1.9500	-44			
196	1.9600	-48			
197	1.9700	-53			
198	1.9800	-58			
199	1.9900	-62			
200	2.0000	-66			
201	2.0100	-70			
202	2.0200	-73			
203	2.0300	-76			
204	2.0400	-79			
205	2.0500	-82			
206	2.0600	-84			
207	2.0700	-86			
208	2.0800	-87			
209	2.0900	-88			
210	2.1000	-89			
211	2.1100	-89			
212	2.1200	-89			
213	2.1300	-89			
214	2.1400	-88			
215	2.1500	-87			
216	2.1600	-85			
217	2.1700	-84			
218	2.1800	-82			
219	2.1900	-79			
220	2.2000	-77			
221	2.2100	-74			
222	2.2200	-70			
223	2.2300	-67			
224	2.2400	-63			
225	2.2500	-59			
226	2.2600	-55			
227	2.2700	-50			
228	2.2800	-46			
229	2.2900	-41			
230	2.3000	-36			
231	2.3100	-30			
232	2.3200	-25			
233	2.3300	-20			
234	2.3400	-14			
235	2.3500	-8			
236	2.3600	-3			
237	2.3700	3			
238	2.3800	8			
239	2.3900	14			
240	2.4000	19			
241	2.4100	25			
242	2.4200	30			
243	2.4300	35			
244	2.4400	40			
245	2.4500	45			
246	2.4600	50			
247	2.4700	54			
248	2.4800	59			
249	2.4900	63			
250	2.5000	67			
251	2.5100	70			
252	2.5200	74			
253	2.5300	76			
254	2.5400	79			
255	2.5500	81			
256	2.5600	83			
257	2.5700	85			
258	2.5800	86			
259	2.5900	87			
260	2.6000	88			
261	2.6100	88			
262	2.6200	88			
263	2.6300	88			
264	2.6400	87			
265	2.6500	86			
266	2.6600	84			
267	2.6700	82			
268	2.6800	80			
269	2.6900	78			
270	2.7000	75			
271	2.7100	72			
272	2.7200	68			
273	2.7300	65			
274	2.7400	61			
275	2.7500	57			
276	2.7600	52			
277	2.7700	48			
278	2.7800	43			
279	2.7900	38			
280	2.8000	33			
281	2.8100	28			
282	2.8200	22			
283	2.8300	17			
284	2.8400	12			
285	2.8500	6			
286	2.8600	0			
287	2.8700	-5			
288	2.8800	-11			
289	2.8900	-16			
290	2.9000	-22			
291	2.9100	-27			
292	2.9200	-32			
293	2.9300	-37			
294	2.9400	-42			
295	2.9500	-47			
296	2.9600	-52			
297	2.9700	-56			
298	2.9800	-60			
299	2.9900	-64			
300	3.0000	-68			
301	3.0100	-71			
302	3.0200	-74			
303	3.0300	-77			
304	3.0400	-79			
305	3.0500	-82			
306	3.0600	-83			
307	3.0700	-85			
308	3.0800	-86			
309	3.0900	-87			
310	3.1000	-87			
311	3.1100	-87			
312	3.1200	-87			
313	3.1300	-86			
314	3.1400	-85			
315	3.1500	-84			
316	3.1600	-82			
317	3.1700	-80			
318	3.1800	-78			
319	3.1900	-75			
320	3.2000	-72			
321	3.2100	-69			
322	3.2200	-66			
323	3.2300	-62			
324	3.2400	-58			
325	3.2500	-53			
326	3.2600	-49			
327	3.2700	-44			
328	3.2800	-40			
329	3.2900	-35			
330	3.3000	-30			
331	3.3100	-24			
332	3.3200	-19			
333	3.3300	-13			
334	3.3400	-8			
335	3.3500	-2			
336	3.3600	3			
337	3.3700	9			
338	3.3800	14			
339	3.3900	20			
340	3.4000	25			
341	3.4100	30			
342	3.4200	35			
343	3.4300	40			
344	3.4400	45			
345	3.4500	50			
346	3.4600	54			
347	3.4700	58			
348	3.4800	62			
349	3.4900	66			
350	3.5000	70			
351	3.5100	73			
352	3.5200	76			
353	3.5300	78			
354	3.5400	80			
355	3.5500	82			
356	3.5600	84			
357	3.5700	85			
358	3.5800	86			
359	3.5900	87			
360	3.6000	87			
361	3.6100	87			
362	3.6200	87			
363	3.6300	86			
364	3.6400	85			
365	3.6500	83			
366	3.6600	81			
367	3.6700	79			
368	3.6800	77			
369	3.6900	74			
370	3.7000	71			
371	3.7100	68			
372	3.7200	64			
373	3.7300	60			
374	3.7400	56			
375	3.7500	52			
376	3.7600	47			
377	3.7700	42			
378	3.7800	38			
379	3.7900	32			
380	3.8000	27			
381	3.8100	22			
382	3.8200	16			
383	3.8300	11			
384	3.8400	6			
385	3.8500	0			
386	3.8600	-5			
387	3.8700	-11			
388	3.8800	-16			
389	3.8900	-21			
390	3.9000	-27			
391	3.9100	-32			
392	3.9200	-37			
393	3.9300	-42			
394	3.9400	-46			
395	3.9500	-51			
396	3.9600	-55			
397	3.9700	-59			
398	3.9800	-63			
399	3.9900	-67			
400	4.0000	-70			
401	4.0100	-73			
402	4.0200	-76			
403	4.0300	-78			
404	4.0400	-80			
405	4.0500	-82			
406	4.0600	-84			
407	4.0700	-85			
408	4.0800	-86			
409	4.0900	-86			
410	4.1000	-86			
411	4.1100	-86			
412	4.1200	-85			
413	4.1300	-84			
414	4.1400	-83			
415	4.1500	-81			
416	4.1600	-79			
417	4.1700	-77			
418	4.1800	-75			
419	4.1900	-72			
420	4.2000	-68			
421	4.2100	-65			
422	4.2200	-61			
423	4.2300	-57			
424	4.2400	-53			
425	4.2500	-49			
426	4.2600	-44			
427	4.2700	-40			
428	4.2800	-35			
429	4.2900	-30			
430	4.3000	-24			
431	4.3100	-19			
432	4.3200	-14			
433	4.3300	-8			
434	4.3400	-3			
435	4.3500	3			
436	4.3600	8			
437	4.3700	14			
438	4.3800	19			
439	4.3900	24			
440	4.4000	29			
441	4.4100	34			
442	4.4200	39			
443	4.4300	44			
444	4.4400	48			
445	4.4500	53			
446	4.4600	57			
447	4.4700	61			
448	4.4800	65			
449	4.4900	68			
450	4.5000	71			
451	4.5100	74			
452	4.5200	77			
453	4.5300	79			
454	4.5400	81			
455	4.5500	83			
456	4.5600	84			
457	4.5700	85			
458	4.5800	86			
459	4.5900	86			
460	4.6000	86			
461	4.6100	86			
462	4.6200	85			
463	4.6300	84			
464	4.6400	82			
465	4.6500	80			
466	4.6600	78			
467	4.6700	76			
468	4.6800	73			
469	4.6900	70			
470	4.7000	67			
471	4.7100	63			
472	4.7200	60			
473	4.7300	56			
474	4.7400	51			
475	4.7500	47			
476	4.7600	42			
477	4.7700	37			
478	4.7800	32			
479	4.7900	27			
480	4.8000	22			
481	4.8100	17			
482	4.8200	12			
483	4.8300	6			
484	4.8400	1			
485	4.8500	-5			
486	4.8600	-10			
487	4.8700	-15			
488	4.8800	-21			
489	4.8900	-26			
490	4.9000	-31			
491	4.9100	-36			
492	4.9200	-41			
493	4.9300	-46			
494	4.9400	-50			
495	4.9500	-54			
496	4.9600	-58			
497	4.9700	-62			
498	4.9800	-66			
499	4.9900	-69			
500	5.0000	-72			
501	5.0100	-75			
502	5.0200	-77			
503	5.0300	-79			
504	5.0400	-81			
505	5.0500	-82			
506	5.0600	-84			
507	5.0700	-84			
508	5.0800	-85			
509	5.0900	-85			
510	5.1000	-85			
511	5.1100	-84			
512	5.1200	-83			
513	5.1300	-82			
514	5.1400	-80			
515	5.1500	-79			
516	5.1600	-76			
517	5.1700	-74			
518	5.1800	-71			
519	5.1900	-68			
520	5.2000	-65			
521	5.2100	-61			
522	5.2200	-57			
523	5.2300	-53			
524	5.2400	-48			
525	5.2500	-44			
526	5.2600	-39			
527	5.2700	-35			
528	5.2800	-30			
529	5.2900	-24			
530	5.3000	-19			
531	5.3100	-14			
532	5.3200	-9			
533	5.3300	-3			
534	5.3400	2			
535	5.3500	8			
536	5.3600	13			
537	5.3700	18			
538	5.3800	24			
539	5.3900	28			
540	5.4000	34			
541	5.4100	38			
542	5.4200	43			
543	5.4300	48			
544	5.4400	52			
545	5.4500	56			
546	5.4600	60			
547	5.4700	64			
548	5.4800	67			
549	5.4900	70			
550	5.5000	73			
551	5.5100	76			
552	5.5200	78			
553	5.5300	80			
554	5.5400	82			
555	5.5500	83			
556	5.5600	84			
557	5.5700	85			
558	5.5800	85			
559	5.5900	85			
560	5.6000	85			
561	5.6100	84			
562	5.6200	83			
563	5.6300	82			
564	5.6400	80			
565	5.6500	78			
566	5.6600	75			
567	5.6700	73			
568	5.6800	70			
569	5.6900	67			
570	5.7000	63			
571	5.7100	59			
572	5.7200	56			
573	5.7300	51			
574	5.7400	47			
575	5.7500	42			
576	5.7600	38			
577	5.7700	32			
578	5.7800	28			
579	5.7900	22			
580	5.8000	17			
581	5.8100	12			
582	5.8200	6			
583	5.8300	1			
584	5.8400	-4			
585	5.8500	-10			
586	5.8600	-15			
587	5.8700	-20			
588	5.8800	-25			
589	5.8900	-30			
590	5.9000	-35			
591	5.9100	-40			
592	5.9200	-45			
593	5.9300	-49			
594	5.9400	-53			
595	5.9500	-57			
596	5.9600	-61			
597	5.9700	-65			
598	5.9800	-68			
599	5.9900	-71			
600	6.0000	-74			
601	6.0100	-76			
602	6.0200	-78			
603	6.0300	-80			
604	6.0400	-82			
605	6.0500	-83			
606	6.0600	-84			
607	6.0700	-84			
608	6.0800	-84			
609	6.0900	-84			
610	6.1000	-84			
611	6.1100	-83			
612	6.1200	-82			
613	6.1300	-80			
614	6.1400	-78			
615	6.1500	-76			
616	6.1600	-74			
617	6.1700	-71			
618	6.1800	-68			
619	6.1900	-64			
620	6.2000	-61			
621	6.2100	-57			
622	6.2200	-53			
623	6.2300	-48			
624	6.2400	-44			
625	6.2500	-40			
626	6.2600	-35			
627	6.2700	-30			
628	6.2800	-25			
629	6.2900	-20			
630	6.3000	-14			
631	6.3100	-9			
632	6.3200	-4			
633	6.3300	2			
634	6.3400	7			
635	6.3500	12			
636	6.3600	18			
637	6.3700	23			
638	6.3800	28			
639	6.3900	33			
640	6.4000	38			
641	6.4100	42			
642	6.4200	47			
643	6.4300	52			
644	6.4400	56			
645	6.4500	60			
646	6.4600	63			
647	6.4700	67			
648	6.4800	70			
649	6.4900	73			
650	6.5000	75			
651	6.5100	77			
652	6.5200	79			
653	6.5300	81			
654	6.5400	82			
655	6.5500	83			
656	6.5600	84			
657	6.5700	84			
658	6.5800	84			
659	6.5900	84			
660	6.6000	83			
661	6.6100	82			
662	6.6200	81			
663	6.6300	79			
664	6.6400	77			
665	6.6500	75			
666	6.6600	72			
667	6.6700	70			
668	6.6800	66			
669	6.6900	63			
670	6.7000	59			
671	6.7100	55			
672	6.7200	51			
673	6.7300	47			
674	6.7400	42			
675	6.7500	38			
676	6.7600	33			
677	6.7700	28			
678	6.7800	23			
679	6.7900	18			
680	6.8000	12			
681	6.8100	7			
682	6.8200	2			
683	6.8300	-4			
684	6.8400	-9			
685	6.8500	-14			
686	6.8600	-20			
687	6.8700	-25			
688	6.8800	-30			
689	6.8900	-35			
690	6.9000	-39			
691	6.9100	-44			
692	6.9200	-48			
693	6.9300	-53			
694	6.9400	-57			
695	6.9500	-60			
696	6.9600	-64			
697	6.9700	-67			
698	6.9800	-70			
699	6.9900	-73			
700	7.0000	-76			
701	7.0100	-78			
702	7.0200	-80			
703	7.0300	-81			
704	7.0400	-82			
705	7.0500	-83			
706	7.0600	-84			
707	7.0700	-84			
708	7.0800	-84			
709	7.0900	-83			
710	7.1000	-82			
711	7.1100	-81			
712	7.1200	-80			
713	7.1300	-78			
714	7.1400	-76			
715	7.1500	-73			
716	7.1600	-70			
717	7.1700	-67			
718	7.1800	-64			
719	7.1900	-60			
720	7.2000	-57			
721	7.2100	-53			
722	7.2200	-48			
723	7.2300	-44			
724	7.2400	-40			
725	7.2500	-35			
726	7.2600	-30			
727	7.2700	-25			
728	7.2800	-20			
729	7.2900	-14			
730	7.3000	-9			
731	7.3100	-4			
732	7.3200	1			
733	7.3300	7			
734	7.3400	12			
735	7.3500	17			
736	7.3600	22			
737	7.3700	27			
738	7.3800	32			
739	7.3900	37			
740	7.4000	42			
741	7.4100	46			
742	7.4200	51			
743	7.4300	55			
744	7.4400	59			
745	7.4500	62			
746	7.4600	66			
747	7.4700	69			
748	7.4800	72			
749	7.4900	74			
750	7.5000	77			
751	7.5100	79			
752	7.5200	80			
753	7.5300	82			
754	7.5400	83			
755	7.5500	83			
756	7.5600	84			
757	7.5700	84			
758	7.5800	83			
759	7.5900	83			
760	7.6000	82			
761	7.6100	80			
762	7.6200	79			
763	7.6300	77			
764	7.6400	74			
765	7.6500	72			
766	7.6600	69			
767	7.6700	66			
768	7.6800	63			
769	7.6900	59			
770	7.7000	55			
771	7.7100	51			
772	7.7200	47			
773	7.7300	42			
774	7.7400	38			
775	7.7500	33			
776	7.7600	28			
777	7.7700	23			
778	7.7800	18			
779	7.7900	12			
780	7.8000	7			
781	7.8100	2			
782	7.8200	-3			
783	7.8300	-9			
784	7.8400	-14			
785	7.8500	-19			
786	7.8600	-24			
787	7.8700	-29			
788	7.8800	-34			
789	7.8900	-39			
790	7.9000	-43			
791	7.9100	-48			
792	7.9200	-52			
793	7.9300	-56			
794	7.9400	-60			
795	7.9500	-63			
796	7.9600	-66			
797	7.9700	-70			
798	7.9800	-72			
799	7.9900	-75			
800	8.0000	-77			
801	8.0100	-79			
802	8.0200	-80			
803	8.0300	-81			
804	8.0400	-82			
805	8.0500	-83			
806	8.0600	-83			
807	8.0700	-83			
808	8.0800	-82			
809	8.0900	-82			
810	8.1000	-80			
811	8.1100	-79			
812	8.1200	-77			
813	8.1300	-75			
814	8.1400	-73			
815	8.1500	-70			
816	8.1600	-67			
817	8.1700	-64			
818	8.1800	-60			
819	8.1900	-56			
820	8.2000	-52			
821	8.2100	-48			
822	8.2200	-44			
823	8.2300	-40			
824	8.2400	-35			
825	8.2500	-30			
826	8.2600	-25			
827	8.2700	-20			
828	8.2800	-15			
829	8.2900	-10			
830	8.3000	-4			
831	8.3100	1			
832	8.3200	6			
833	8.3300	12			
834	8.3400	17			
835	8.3500	22			
836	8.3600	27			
837	8.3700	32			
838	8.3800	36			
839	8.3900	41			
840	8.4000	46			
841	8.4100	50			
842	8.4200	54			
843	8.4300	58			
844	8.4400	62			
845	8.4500	65			
846	8.4600	68			
847	8.4700	71			
848	8.4800	74			
849	8.4900	76			
850	8.5000	78			
851	8.5100	80			
852	8.5200	81			
853	8.5300	82			
854	8.5400	83			
855	8.5500	83			
856	8.5600	83			
857	8.5700	83			
858	8.5800	82			
859	8.5900	81			
860	8.6000	80			
861	8.6100	78			
862	8.6200	76			
863	8.6300	74			
864	8.6400	72			
865	8.6500	69			
866	8.6600	66			
867	8.6700	62			
868	8.6800	59			
869	8.6900	55			
870	8.7000	51			
871	8.7100	46			
872	8.7200	42			
873	8.7300	38			
874	8.7400	33			
875	8.7500	28			
876	8.7600	23			
877	8.7700	18			
878	8.7800	13			
879	8.7900	8			
880	8.8000	2			
881	8.8100	-3			
882	8.8200	-8			
883	8.8300	-13			
884	8.8400	-18			
885	8.8500	-24			
886	8.8600	-28			
887	8.8700	-33			
888	8.8800	-38			
889	8.8900	-43			
890	8.9000	-47			
891	8.9100	-51			
892	8.9200	-55			
893	8.9300	-59			
894	8.9400	-62			
895	8.9500	-66			
896	8.9600	-69			
897	8.9700	-72			
898	8.9800	-74			
899	8.9900	-76			
900	9.0000	-78			
901	9.0100	-79			
902	9.0200	-80			
903	9.0300	-81			
904	9.0400	-82			
905	9.0500	-82			
906	9.0600	-82			
907	9.0700	-82			
908	9.0800	-81			
909	9.0900	-80			
910	9.1000	-78			
911	9.1100	-77			
912	9.1200	-74			
913	9.1300	-72			
914	9.1400	-70			
915	9.1500	-66			
916	9.1600	-63			
917	9.1700	-60			
918	9.1800	-56			
919	9.1900	-52			
920	9.2000	-48			
921	9.2100	-44			
922	9.2200	-40			
923	9.2300	-35			
924	9.2400	-30			
925	9.2500	-25			
926	9.2600	-20			
927	9.2700	-15			
928	9.2800	-10			
929	9.2900	-5			
930	9.3000	0			
931	9.3100	6			
932	9.3200	11			
933	9.3300	16			
934	9.3400	21			
935	9.3500	26			
936	9.3600	31			
937	9.3700	36			
938	9.3800	40			
939	9.3900	45			
940	9.4000	49			
941	9.4100	53			
942	9.4200	57			
943	9.4300	61			
944	9.4400	64			
945	9.4500	67			
946	9.4600	70			
947	9.4700	73			
948	9.4800	75			
949	9.4900	77			
950	9.5000	78			
951	9.5100	80			
952	9.5200	81			
953	9.5300	82			
954	9.5400	82			
955	9.5500	82			
956	9.5600	82			
957	9.5700	81			
958	9.5800	80			
959	9.5900	79			
960	9.6000	78			
961	9.6100	76			
962	9.6200	74			
963	9.6300	71			
964	9.6400	68			
965	9.6500	65			
966	9.6600	62			
967	9.6700	58			
968	9.6800	55			
969	9.6900	51			
970	9.7000	46			
971	9.7100	42			
972	9.7200	38			
973	9.7300	33			
974	9.7400	28			
975	9.7500	23			
976	9.7600	18			
977	9.7700	13			
978	9.7800	8			
979	9.7900	3			
980	9.8000	-2			
981	9.8100	-8			
982	9.8200	-13			
983	9.8300	-18			
984	9.8400	-23			
985	9.8500	-28			
986	9.8600	-33			
987	9.8700	-37			
988	9.8800	-42			
989	9.8900	-46			
990	9.9000	-50			
991	9.9100	-54			
992	9.9200	-58			
993	9.9300	-62			
994	9.9400	-65			
995	9.9500	-68			
996	9.9600	-70			
997	9.9700	-73			
998	9.9800	-75			
999	9.9900	-77			
1000	10.0000	-78			
1001	10.0100	-80			
1002	10.0200	-80			
1003	10.0300	-81			
1004	10.0400	-81			
1005	10.0500	-81			
1006	10.0600	-81			
1007	10.0700	-80			
1008	10.0800	-79			
1009	10.0900	-78			
1010	10.1000	-76			
1011	10.1100	-74			
1012	10.1200	-71			
1013	10.1300	-69			
1014	10.1400	-66			
1015	10.1500	-63			
1016	10.1600	-59			
1017	10.1700	-56			
1018	10.1800	-52			
1019	10.1900	-48			
1020	10.2000	-44			
1021	10.2100	-39			
1022	10.2200	-34			
1023	10.2300	-30			
1024	10.2400	-25			
1025	10.2500	-20			
1026	10.2600	-15			
1027	10.2700	-10			
1028	10.2800	-5			
1029	10.2900	0			
1030	10.3000	6			
1031	10.3100	11			
1032	10.3200	16			
1033	10.3300	21			
1034	10.3400	26			
1035	10.3500	31			
1036	10.3600	35			
1037	10.3700	40			
1038	10.3800	44			
1039	10.3900	48			
1040	10.4000	53			
1041	10.4100	56			
1042	10.4200	60			
1043	10.4300	64			
1044	10.4400	66			
1045	10.4500	69			
1046	10.4600	72			
1047	10.4700	74			
1048	10.4800	76			
1049	10.4900	78			
1050	10.5000	79			
1051	10.5100	80			
1052	10.5200	81			
1053	10.5300	81			
1054	10.5400	81			
1055	10.5500	81			
1056	10.5600	81			
1057	10.5700	80			
1058	10.5800	78			
1059	10.5900	77			
1060	10.6000	75			
1061	10.6100	73			
1062	10.6200	70			
1063	10.6300	68			
1064	10.6400	65			
1065	10.6500	62			
1066	10.6600	58			
1067	10.6700	54			
1068	10.6800	50			
1069	10.6900	46			
1070	10.7000	42			
1071	10.7100	37			
1072	10.7200	33			
1073	10.7300	28			
1074	10.7400	23			
1075	10.7500	18			
1076	10.7600	13			
1077	10.7700	8			
1078	10.7800	3			
1079	10.7900	-2			
1080	10.8000	-8			
1081	10.8100	-13			
1082	10.8200	-18			
1083	10.8300	-23			
1084	10.8400	-28			
1085	10.8500	-32			
1086	10.8600	-37			
1087	10.8700	-42			
1088	10.8800	-46			
1089	10.8900	-50			
1090	10.9000	-54			
1091	10.9100	-58			
1092	10.9200	-61			
1093	10.9300	-64			
1094	10.9400	-67			
1095	10.9500	-70			
1096	10.9600	-72			
1097	10.9700	-74			
1098	10.9800	-76			
1099	10.9900	-78			
1100	11.0000	-79			
1101	11.0100	-80			
1102	11.0200	-80			
1103	11.0300	-80			
1104	11.0400	-80			
1105	11.0500	-80			
1106	11.0600	-79			
1107	11.0700	-78			
1108	11.0800	-77			
1109	11.0900	-75			
1110	11.1000	-73			
1111	11.1100	-71			
1112	11.1200	-68			
1113	11.1300	-66			
1114	11.1400	-62			
1115	11.1500	-59			
1116	11.1600	-55			
1117	11.1700	-52			
1118	11.1800	-48			
1119	11.1900	-43			
1120	11.2000	-39			
1121	11.2100	-34			
1122	11.2200	-30			
1123	11.2300	-25			
1124	11.2400	-20			
1125	11.2500	-15			
1126	11.2600	-10			
1127	11.2700	-5			
1128	11.2800	0			
1129	11.2900	5			
1130	11.3000	10			
1131	11.3100	16			
1132	11.3200	20			
1133	11.3300	26			
1134	11.3400	30			
1135	11.3500	35			
1136	11.3600	39			
1137	11.3700	44			
1138	11.3800	48			
1139	11.3900	52			
1140	11.4000	56			
1141	11.4100	60			
1142	11.4200	63			
1143	11.4300	66			
1144	11.4400	69			
1145	11.4500	71			
1146	11.4600	74			
1147	11.4700	75			
1148	11.4800	77			
1149	11.4900	78			
1150	11.5000	80			
1151	11.5100	80			
1152	11.5200	81			
1153	11.5300	81			
1154	11.5400	80			
1155	11.5500	80			
1156	11.5600	79			
1157	11.5700	78			
1158	11.5800	76			
1159	11.5900	74			
1160	11.6000	72			
1161	11.6100	70			
1162	11.6200	67			
1163	11.6300	64			
1164	11.6400	61			
1165	11.6500	58			
1166	11.6600	54			
1167	11.6700	50			
1168	11.6800	46			
1169	11.6900	42			
1170	11.7000	37			
1171	11.7100	32			
1172	11.7200	28			
1173	11.7300	23			
1174	11.7400	18			
1175	11.7500	13			
1176	11.7600	8			
1177	11.7700	3			
1178	11.7800	-2			
1179	11.7900	-7			
1180	11.8000	-12			
1181	11.8100	-17			
1182	11.8200	-22			
1183	11.8300	-27			
1184	11.8400	-32			
1185	11.8500	-36			
1186	11.8600	-41			
1187	11.8700	-45			
1188	11.8800	-49			
1189	11.8900	-53			
1190	11.9000	-57			
1191	11.9100	-60			
1192	11.9200	-63			
1193	11.9300	-66			
1194	11.9400	-69			
1195	11.9500	-72			
1196	11.9600	-74			
1197	11.9700	-75			
1198	11.9800	-77			
1199	11.9900	-78			
1200	12.0000	-79			
1201	12.0100	-80			
1202	12.0200	-80			
1203	12.0300	-80			
1204	12.0400	-79			
1205	12.0500	-79			
1206	12.0600	-78			
1207	12.0700	-76			
1208	12.0800	-75			
1209	12.0900	-73			
1210	12.1000	-70			
1211	12.1100	-68			
1212	12.1200	-65			
1213	12.1300	-62			
1214	12.1400	-59			
1215	12.1500	-55			
1216	12.1600	-51			
1217	12.1700	-48			
1218	12.1800	-43			
1219	12.1900	-39			
1220	12.2000	-34			
1221	12.2100	-30			
1222	12.2200	-25			
1223	12.2300	-20			
1224	12.2400	-15			
1225	12.2500	-10			
1226	12.2600	-5			
1227	12.2700	0			
1228	12.2800	5			
1229	12.2900	10			
1230	12.3000	15			
1231	12.3100	20			
1232	12.3200	25			
1233	12.3300	30			
1234	12.3400	34			
1235	12.3500	39			
1236	12.3600	43			
1237	12.3700	47			
1238	12.3800	51			
1239	12.3900	55			
1240	12.4000	58			
1241	12.4100	62			
1242	12.4200	65			
1243	12.4300	68			
1244	12.4400	70			
1245	12.4500	72			
1246	12.4600	74			
1247	12.4700	76			
1248	12.4800	77			
1249	12.4900	78			
1250	12.5000	79			
1251	12.5100	80			
1252	12.5200	80			
1253	12.5300	80			
1254	12.5400	79			
1255	12.5500	78			
1256	12.5600	77			
1257	12.5700	76			
1258	12.5800	74			
1259	12.5900	72			
1260	12.6000	70			
1261	12.6100	67			
1262	12.6200	64			
1263	12.6300	60			
1264	12.6400	57			
1265	12.6500	54			
1266	12.6600	50			
1267	12.6700	46			
1268	12.6800	42			
1269	12.6900	37			
1270	12.7000	32			
1271	12.7100	28			
1272	12.7200	23			
1273	12.7300	18			
1274	12.7400	13			
1275	12.7500	8			
1276	12.7600	3			
1277	12.7700	-2			
1278	12.7800	-7			
1279	12.7900	-12			
1280	12.8000	-17			
1281	12.8100	-22			
1282	12.8200	-26			
1283	12.8300	-31			
1284	12.8400	-36			
1285	12.8500	-40			
1286	12.8600	-44			
1287	12.8700	-48			
1288	12.8800	-52			
1289	12.8900	-56			
1290	12.9000	-59			
1291	12.9100	-63			
1292	12.9200	-66			
1293	12.9300	-68			
1294	12.9400	-71			
1295	12.9500	-73			
1296	12.9600	-74			
1297	12.9700	-76			
1298	12.9800	-77			
1299	12.9900	-78			
1300	13.0000	-79			
1301	13.0100	-79			
1302	13.0200	-79			
1303	13.0300	-78			
1304	13.0400	-78			
1305	13.0500	-77			
1306	13.0600	-76			
1307	13.0700	-74			
1308	13.0800	-72			
1309	13.0900	-70			
1310	13.1000	-67			
1311	13.1100	-64			
1312	13.1200	-62			
1313	13.1300	-58			
1314	13.1400	-55			
1315	13.1500	-51			
1316	13.1600	-47			
1317	13.1700	-43			
1318	13.1800	-39			
1319	13.1900	-34			
1320	13.2000	-30			
1321	13.2100	-25			
1322	13.2200	-20			
1323	13.2300	-15			
1324	13.2400	-10			
1325	13.2500	-6			
1326	13.2600	0			
1327	13.2700	4			
1328	13.2800	10			
1329	13.2900	14			
1330	13.3000	19			
1331	13.3100	24			
1332	13.3200	29			
1333	13.3300	34			
1334	13.3400	38			
1335	13.3500	42			
1336	13.3600	46			
1337	13.3700	50			
1338	13.3800	54			
1339	13.3900	58			
1340	13.4000	61			
1341	13.4100	64			
1342	13.4200	67			
1343	13.4300	69			
1344	13.4400	72			
1345	13.4500	74			
1346	13.4600	75			
1347	13.4700	77			
1348	13.4800	78			
1349	13.4900	78			
1350	13.5000	79			
1351	13.5100	79			
1352	13.5200	79			
1353	13.5300	78			
1354	13.5400	78			
1355	13.5500	76			
1356	13.5600	75			
1357	13.5700	73			
1358	13.5800	71			
1359	13.5900	69			
1360	13.6000	66			
1361	13.6100	63			
1362	13.6200	60			
1363	13.6300	57			
1364	13.6400	53			
1365	13.6500	50			
1366	13.6600	46			
1367	13.6700	41			
1368	13.6800	37			
1369	13.6900	32			
1370	13.7000	28			
1371	13.7100	23			
1372	13.7200	18			
1373	13.7300	14			
1374	13.7400	8			
1375	13.7500	4			
1376	13.7600	-2			
1377	13.7700	-6			
1378	13.7800	-11			
1379	13.7900	-16			
1380	13.8000	-21			
1381	13.8100	-26			
1382	13.8200	-30			
1383	13.8300	-35			
1384	13.8400	-39			
1385	13.8500	-44			
1386	13.8600	-48			
1387	13.8700	-52			
1388	13.8800	-55			
1389	13.8900	-58			
1390	13.9000	-62			
1391	13.9100	-64			
1392	13.9200	-67			
1393	13.9300	-70			
1394	13.9400	-72			
1395	13.9500	-73			
1396	13.9600	-75			
1397	13.9700	-76			
1398	13.9800	-77			
1399	13.9900	-78			
1400	14.0000	-78			
1401	14.0100	-78			
1402	14.0200	-78			
1403	14.0300	-77			
1404	14.0400	-76			
1405	14.0500	-74			
1406	14.0600	-73			
1407	14.0700	-71			
1408	14.0800	-69			
1409	14.0900	-66			
1410	14.1000	-64			
1411	14.1100	-61			
1412	14.1200	-58			
1413	14.1300	-54			
1414	14.1400	-50			
1415	14.1500	-47			
1416	14.1600	-43			
1417	14.1700	-38			
1418	14.1800	-34			
1419	14.1900	-30			
1420	14.2000	-25			
1421	14.2100	-20			
1422	14.2200	-15			
1423	14.2300	-10			
1424	14.2400	-6			
1425	14.2500	-1			
1426	14.2600	4			
1427	14.2700	9			
1428	14.2800	14			
1429	14.2900	19			
1430	14.3000	24			
1431	14.3100	28			
1432	14.3200	33			
1433	14.3300	37			
1434	14.3400	41			
1435	14.3500	45			
1436	14.3600	49			
1437	14.3700	53			
1438	14.3800	56			
1439	14.3900	60			
1440	14.4000	63			
1441	14.4100	66			
1442	14.4200	68			
1443	14.4300	70			
1444	14.4400	72			
1445	14.4500	74			
1446	14.4600	75			
1447	14.4700	76			
1448	14.4800	77			
1449	14.4900	78			
1450	14.5000	78			
1451	14.5100	78			
1452	14.5200	77			
1453	14.5300	76			
1454	14.5400	75			
1455	14.5500	74			
1456	14.5600	72			
1457	14.5700	70			
1458	14.5800	68			
1459	14.5900	65			
1460	14.6000	62			
1461	14.6100	59			
1462	14.6200	56			
1463	14.6300	53			
1464	14.6400	49			
1465	14.6500	45			
1466	14.6600	41			
1467	14.6700	37			
1468	14.6800	32			
1469	14.6900	28			
1470	14.7000	23			
1471	14.7100	18			
1472	14.7200	14			
1473	14.7300	9			
1474	14.7400	4			
1475	14.7500	-1			
1476	14.7600	-6			
1477	14.7700	-11			
1478	14.7800	-16			
1479	14.7900	-20			
1480	14.8000	-25			
1481	14.8100	-30			
1482	14.8200	-34			
1483	14.8300	-38			
1484	14.8400	-42			
1485	14.8500	-46			
1486	14.8600	-50			
1487	14.8700	-54			
1488	14.8800	-57			
1489	14.8900	-60			
1490	14.9000	-63			
1491	14.9100	-66			
1492	14.9200	-68			
1493	14.9300	-70			
1494	14.9400	-72			
1495	14.9500	-74			
1496	14.9600	-75			
1497	14.9700	-76			
1498	14.9800	-76			
1499	14.9900	-77			
1500	15.0000	-77			
1501	15.0100	-76			
1502	15.0200	-76			
1503	15.0300	-75			
1504	15.0400	-74			
1505	15.0500	-72			
1506	15.0600	-70			
1507	15.0700	-68			
1508	15.0800	-66			
1509	15.0900	-63			
1510	15.1000	-60			
1511	15.1100	-57			
1512	15.1200	-54			
1513	15.1300	-50			
1514	15.1400	-46			
1515	15.1500	-42			
1516	15.1600	-38			
1517	15.1700	-34			
1518	15.1800	-30			
1519	15.1900	-25			
1520	15.2000	-20			
1521	15.2100	-16			
1522	15.2200	-11			
1523	15.2300	-6			
1524	15.2400	-1			
1525	15.2500	4			
1526	15.2600	8			
1527	15.2700	13			
1528	15.2800	18			
1529	15.2900	23			
1530	15.3000	27			
1531	15.3100	32			
1532	15.3200	36			
1533	15.3300	40			
1534	15.3400	44			
1535	15.3500	48			
1536	15.3600	52			
1537	15.3700	56			
1538	15.3800	59			
1539	15.3900	62			
1540	15.4000	64			
1541	15.4100	67			
1542	15.4200	69			
1543	15.4300	71			
1544	15.4400	73			
1545	15.4500	74			
1546	15.4600	75			
1547	15.4700	76			
1548	15.4800	76			
1549	15.4900	77			
1550	15.5000	76			
1551	15.5100	76			
1552	15.5200	75			
1553	15.5300	74			
1554	15.5400	73			
1555	15.5500	71			
1556	15.5600	69			
1557	15.5700	67			
1558	15.5800	65			
1559	15.5900	62			
1560	15.6000	59			
1561	15.6100	56			
1562	15.6200	52			
1563	15.6300	48			
1564	15.6400	45			
1565	15.6500	41			
1566	15.6600	36			
1567	15.6700	32			
1568	15.6800	28			
1569	15.6900	23			
1570	15.7000	18			
1571	15.7100	14			
1572	15.7200	9			
1573	15.7300	4			
1574	15.7400	-1			
1575	15.7500	-6			
1576	15.7600	-10			
1577	15.7700	-15			
1578	15.7800	-20			
1579	15.7900	-24			
1580	15.8000	-29			
1581	15.8100	-34			
1582	15.8200	-38			
1583	15.8300	-42			
1584	15.8400	-46			
1585	15.8500	-50			
1586	15.8600	-53			
1587	15.8700	-56			
1588	15.8800	-60			
1589	15.8900	-62			
1590	15.9000	-65			
1591	15.9100	-67			
1592	15.9200	-69			
1593	15.9300	-71			
1594	15.9400	-73			
1595	15.9500	-74			
1596	15.9600	-75			
1597	15.9700	-76			
1598	15.9800	-76			
1599	15.9900	-76			
1600	16.0000	-76			
1601	16.0100	-75			
1602	16.0200	-74			
1603	16.0300	-73			
1604	16.0400	-71			
1605	16.0500	-70			
1606	16.0600	-68			
1607	16.0700	-65			
1608	16.0800	-62			
1609	16.0900	-60			
1610	16.1000	-57			
1611	16.1100	-53			
1612	16.1200	-50			
1613	16.1300	-46			
1614	16.1400	-42			
1615	16.1500	-38			
1616	16.1600	-34			
1617	16.1700	-30			
1618	16.1800	-25			
1619	16.1900	-20			
1620	16.2000	-16			
1621	16.2100	-11			
1622	16.2200	-6			
1623	16.2300	-2			
1624	16.2400	3			
1625	16.2500	8			
1626	16.2600	13			
1627	16.2700	17			
1628	16.2800	22			
1629	16.2900	26			
1630	16.3000	31			
1631	16.3100	35			
1632	16.3200	39			
1633	16.3300	43			
1634	16.3400	47			
1635	16.3500	51			
1636	16.3600	54			
1637	16.3700	58			
1638	16.3800	60			
1639	16.3900	63			
1640	16.4000	66			
1641	16.4100	68			
1642	16.4200	70			
1643	16.4300	72			
1644	16.4400	73			
1645	16.4500	74			
1646	16.4600	75			
1647	16.4700	75			
1648	16.4800	76			
1649	16.4900	76			
1650	16.5000	75			
1651	16.5100	74			
1652	16.5200	73			
1653	16.5300	72			
1654	16.5400	70			
1655	16.5500	68			
1656	16.5600	66			
1657	16.5700	64			
1658	16.5800	61			
1659	16.5900	58			
1660	16.6000	55			
1661	16.6100	52			
1662	16.6200	48			
1663	16.6300	44			
1664	16.6400	41			
1665	16.6500	36			
1666	16.6600	32			
1667	16.6700	28			
1668	16.6800	23			
1669	16.6900	19			
1670	16.7000	14			
1671	16.7100	9			
1672	16.7200	5			
1673	16.7300	0			
1674	16.7400	-5			
1675	16.7500	-10			
1676	16.7600	-14			
1677	16.7700	-19			
1678	16.7800	-23			
1679	16.7900	-28			
1680	16.8000	-32			
1681	16.8100	-36			
1682	16.8200	-41			
1683	16.8300	-44			
1684	16.8400	-48			
1685	16.8500	-52			
1686	16.8600	-55			
1687	16.8700	-58			
1688	16.8800	-61			
1689	16.8900	-64			
1690	16.9000	-66			
1691	16.9100	-68			
1692	16.9200	-70			
1693	16.9300	-71			
1694	16.9400	-72			
1695	16.9500	-73			
1696	16.9600	-74			
1697	16.9700	-74			
1698	16.9800	-74			
1699	16.9900	-74			
1700	17.0000	-74			
1701	17.0100	-73			
1702	17.0200	-72			
1703	17.0300	-70			
1704	17.0400	-68			
1705	17.0500	-66			
1706	17.0600	-64			
1707	17.0700	-62			
1708	17.0800	-59			
1709	17.0900	-56			
1710	17.1000	-52			
1711	17.1100	-49			
1712	17.1200	-46			
1713	17.1300	-42			
1714	17.1400	-38			
1715	17.1500	-34			
1716	17.1600	-29			
1717	17.1700	-25			
1718	17.1800	-21			
1719	17.1900	-16			
1720	17.2000	-12			
1721	17.2100	-7			
1722	17.2200	-2			
1723	17.2300	3			
1724	17.2400	7			
1725	17.2500	12			
1726	17.2600	17			
1727	17.2700	21			
1728	17.2800	26			
1729	17.2900	30			
1730	17.3000	34			
1731	17.3100	38			
1732	17.3200	42			
1733	17.3300	46			
1734	17.3400	50			
1735	17.3500	53			
1736	17.3600	56			
1737	17.3700	59			
1738	17.3800	62			
1739	17.3900	64			
1740	17.4000	66			
1741	17.4100	68			
1742	17.4200	70			
1743	17.4300	72			
1744	17.4400	72			
1745	17.4500	73			
1746	17.4600	74			
1747	17.4700	74			
1748	17.4800	74			
1749	17.4900	74			
1750	17.5000	73			
1751	17.5100	72			
1752	17.5200	71			
1753	17.5300	69			
1754	17.5400	67			
1755	17.5500	65			
1756	17.5600	63			
1757	17.5700	60			
1758	17.5800	58			
1759	17.5900	54			
1760	17.6000	51			
1761	17.6100	48			
1762	17.6200	44			
1763	17.6300	40			
1764	17.6400	36			
1765	17.6500	32			
1766	17.6600	28			
1767	17.6700	23			
1768	17.6800	19			
1769	17.6900	14			
1770	17.7000	10			
1771	17.7100	5			
1772	17.7200	0			
1773	17.7300	-4			
1774	17.7400	-9			
1775	17.7500	-14			
1776	17.7600	-18			
1777	17.7700	-23			
1778	17.7800	-27			
1779	17.7900	-31			
1780	17.8000	-36			
1781	17.8100	-40			
1782	17.8200	-43			
1783	17.8300	-47			
1784	17.8400	-50			
1785	17.8500	-54			
1786	17.8600	-56			
1787	17.8700	-59			
1788	17.8800	-62			
1789	17.8900	-64			
1790	17.9000	-66			
1791	17.9100	-68			
1792	17.9200	-69			
1793	17.9300	-70			
1794	17.9400	-71			
1795	17.9500	-72			
1796	17.9600	-72			
1797	17.9700	-72			
1798	17.9800	-72			
1799	17.9900	-71			
1800	18.0000	-70			
1801	18.0100	-69			
1802	18.0200	-68			
1803	18.0300	-66			
1804	18.0400	-64			
1805	18.0500	-62			
1806	18.0600	-60			
1807	18.0700	-57			
1808	18.0800	-54			
1809	18.0900	-51			
1810	18.1000	-48			
1811	18.1100	-44			
1812	18.1200	-40			
1813	18.1300	-36			
1814	18.1400	-32			
1815	18.1500	-28			
1816	18.1600	-24			
1817	18.1700	-20			
1818	18.1800	-15			
1819	18.1900	-11			
1820	18.2000	-6			
1821	18.2100	-1			
1822	18.2200	3			
1823	18.2300	8			
1824	18.2400	12			
1825	18.2500	17			
1826	18.2600	21			
1827	18.2700	26			
1828	18.2800	30			
1829	18.2900	34			
1830	18.3000	38			
1831	18.3100	42			
1832	18.3200	45			
1833	18.3300	49			
1834	18.3400	52			
1835	18.3500	55			
1836	18.3600	58			
1837	18.3700	61			
1838	18.3800	63			
1839	18.3900	65			
1840	18.4000	67			
1841	18.4100	69			
1842	18.4200	70			
1843	18.4300	71			
1844	18.4400	72			
1845	18.4500	72			
1846	18.4600	72			
1847	18.4700	72			
1848	18.4800	72			
1849	18.4900	71			
1850	18.5000	70			
1851	18.5100	69			
1852	18.5200	67			
1853	18.5300	66			
1854	18.5400	63			
1855	18.5500	61			
1856	18.5600	58			
1857	18.5700	56			
1858	18.5800	53			
1859	18.5900	50			
1860	18.6000	46			
1861	18.6100	42			
1862	18.6200	39			
1863	18.6300	35			
1864	18.6400	31			
1865	18.6500	26			
1866	18.6600	22			
1867	18.6700	18			
1868	18.6800	13			
1869	18.6900	9			
1870	18.7000	4			
1871	18.7100	0			
1872	18.7200	-5			
1873	18.7300	-9			
1874	18.7400	-14			
1875	18.7500	-18			
1876	18.7600	-22			
1877	18.7700	-27			
1878	18.7800	-31			
1879	18.7900	-35			
1880	18.8000	-39			
1881	18.8100	-43			
1882	18.8200	-46			
1883	18.8300	-50			
1884	18.8400	-53			
1885	18.8500	-56			
1886	18.8600	-58			
1887	18.8700	-61			
1888	18.8800	-63			
1889	18.8900	-65			
1890	18.9000	-66			
1891	18.9100	-68			
1892	18.9200	-69			
1893	18.9300	-70			
1894	18.9400	-70			
1895	18.9500	-71			
1896	18.9600	-71			
1897	18.9700	-70			
1898	18.9800	-70			
1899	18.9900	-69			
1900	19.0000	-68			
1901	19.0100	-67			
1902	19.0200	-65			
1903	19.0300	-63			
1904	19.0400	-61			
1905	19.0500	-58			
1906	19.0600	-56			
1907	19.0700	-53			
1908	19.0800	-50			
1909	19.0900	-46			
1910	19.1000	-43			
1911	19.1100	-39			
1912	19.1200	-35			
1913	19.1300	-32			
1914	19.1400	-27			
1915	19.1500	-23			
1916	19.1600	-19			
1917	19.1700	-14			
1918	19.1800	-10			
1919	19.1900	-6			
1920	19.2000	-1			
1921	19.2100	4			
1922	19.2200	8			
1923	19.2300	12			
1924	19.2400	17			
1925	19.2500	21			
1926	19.2600	26			
1927	19.2700	30			
1928	19.2800	34			
1929	19.2900	38			
1930	19.3000	41			
1931	19.3100	45			
1932	19.3200	48			
1933	19.3300	52			
1934	19.3400	54			
1935	19.3500	57			
1936	19.3600	60			
1937	19.3700	62			
1938	19.3800	64			
1939	19.3900	66			
1940	19.4000	68			
1941	19.4100	69			
1942	19.4200	70			
1943	19.4300	70			
1944	19.4400	71			
1945	19.4500	71			
1946	19.4600	71			
1947	19.4700	71			
1948	19.4800	70			
1949	19.4900	69			
1950	19.5000	68			
1951	19.5100	66			
1952	19.5200	64			
1953	19.5300	62			
1954	19.5400	60			
1955	19.5500	58			
1956	19.5600	55			
1957	19.5700	52			
1958	19.5800	49			
1959	19.5900	45			
1960	19.6000	42			
1961	19.6100	38			
1962	19.6200	34			
1963	19.6300	30			
1964	19.6400	26			
1965	19.6500	22			
1966	19.6600	17			
1967	19.6700	13			
1968	19.6800	8			
1969	19.6900	4			
1970	19.7000	0			
1971	19.7100	-5			
1972	19.7200	-10			
1973	19.7300	-14			
1974	19.7400	-18			
1975	19.7500	-22			
1976	19.7600	-27			
1977	19.7700	-31			
1978	19.7800	-35			
1979	19.7900	-38			
1980	19.8000	-42			
1981	19.8100	-46			
1982	19.8200	-49			
1983	19.8300	-52			
1984	19.8400	-55			
1985	19.8500	-58			
1986	19.8600	-60			
1987	19.8700	-62			
1988	19.8800	-64			
1989	19.8900	-66			
1990	19.9000	-67			
1991	19.9100	-68			
1992	19.9200	-69			
1993	19.9300	-70			
1994	19.9400	-70			
1995	19.9500	-70			
1996	19.9600	-70			
1997	19.9700	-70			
1998	19.9800	-69			
1999	19.9900	-68			
2000	20.0000	-66			
