#	time(s)	count A	count B	count C	count D
1	0.0050	-100			
2	0.0100	-100			
3	0.0150	-100			
4	0.0200	-100			
5	0.0250	-100			
6	0.0300	-100			
7	0.0350	-100			
8	0.0400	-100			
9	0.0450	-100			
10	0.0500	-100			
11	0.0550	-100			
12	0.0600	-100			
13	0.0650	-100			
14	0.0700	-100			
15	0.0750	-100			
16	0.0800	-100			
17	0.0850	-100			
18	0.0900	-100			
19	0.0950	-100			
20	0.1000	-100			
21	0.1050	-100			
22	0.1100	-100			
23	0.1150	-99			
24	0.1200	-99			
25	0.1250	-99			
26	0.1300	-98			
27	0.1350	-98			
28	0.1400	-97			
29	0.1450	-96			
30	0.1500	-96			
31	0.1550	-95			
32	0.1600	-94			
33	0.1650	-93			
34	0.1700	-92			
35	0.1750	-90			
36	0.1800	-89			
37	0.1850	-88			
38	0.1900	-86			
39	0.1950	-84			
40	0.2000	-83			
41	0.2050	-81			
42	0.2100	-79			
43	0.2150	-77			
44	0.2200	-75			
45	0.2250	-73			
46	0.2300	-71			
47	0.2350	-69			
48	0.2400	-67			
49	0.2450	-65			
50	0.2500	-63			
51	0.2550	-60			
52	0.2600	-58			
53	0.2650	-55			
54	0.2700	-53			
55	0.2750	-50			
56	0.2800	-48			
57	0.2850	-45			
58	0.2900	-42			
59	0.2950	-40			
60	0.3000	-37			
61	0.3050	-34			
62	0.3100	-31			
63	0.3150	-28			
64	0.3200	-25			
65	0.3250	-22			
66	0.3300	-20			
67	0.3350	-17			
68	0.3400	-14			
69	0.3450	-11			
70	0.3500	-8			
71	0.3550	-5			
72	0.3600	-2			
73	0.3650	1			
74	0.3700	4			
75	0.3750	7			
76	0.3800	10			
77	0.3850	13			
78	0.3900	16			
79	0.3950	18			
80	0.4000	21			
81	0.4050	24			
82	0.4100	27			
83	0.4150	30			
84	0.4200	33			
85	0.4250	36			
86	0.4300	38			
87	0.4350	41			
88	0.4400	43			
89	0.4450	46			
90	0.4500	48			
91	0.4550	51			
92	0.4600	53			
93	0.4650	56			
94	0.4700	58			
95	0.4750	60			
96	0.4800	62			
97	0.4850	64			
98	0.4900	66			
99	0.4950	68			
100	0.5000	70			
101	0.5050	72			
102	0.5100	74			
103	0.5150	76			
104	0.5200	77			
105	0.5250	79			
106	0.5300	80			
107	0.5350	82			
108	0.5400	83			
109	0.5450	84			
110	0.5500	85			
111	0.5550	86			
112	0.5600	87			
113	0.5650	88			
114	0.5700	88			
115	0.5750	89			
116	0.5800	89			
117	0.5850	90			
118	0.5900	90			
119	0.5950	90			
120	0.6000	91			
121	0.6050	91			
122	0.6100	91			
123	0.6150	91			
124	0.6200	90			
125	0.6250	90			
126	0.6300	90			
127	0.6350	90			
128	0.6400	89			
129	0.6450	88			
130	0.6500	88			
131	0.6550	87			
132	0.6600	86			
133	0.6650	85			
134	0.6700	84			
135	0.6750	83			
136	0.6800	82			
137	0.6850	80			
138	0.6900	79			
139	0.6950	77			
140	0.7000	76			
141	0.7050	74			
142	0.7100	72			
143	0.7150	70			
144	0.7200	69			
145	0.7250	67			
146	0.7300	65			
147	0.7350	63			
148	0.7400	61			
149	0.7450	59			
150	0.7500	57			
151	0.7550	54			
152	0.7600	52			
153	0.7650	50			
154	0.7700	47			
155	0.7750	45			
156	0.7800	42			
157	0.7850	40			
158	0.7900	37			
159	0.7950	35			
160	0.8000	32			
161	0.8050	29			
162	0.8100	26			
163	0.8150	24			
164	0.8200	21			
165	0.8250	18			
166	0.8300	16			
167	0.8350	13			
168	0.8400	10			
169	0.8450	7			
170	0.8500	4			
171	0.8550	2			
172	0.8600	-1			
173	0.8650	-4			
174	0.8700	-7			
175	0.8750	-9			
176	0.8800	-12			
177	0.8850	-15			
178	0.8900	-18			
179	0.8950	-20			
180	0.9000	-23			
181	0.9050	-26			
182	0.9100	-28			
183	0.9150	-31			
184	0.9200	-34			
185	0.9250	-36			
186	0.9300	-38			
187	0.9350	-41			
188	0.9400	-43			
189	0.9450	-46			
190	0.9500	-48			
191	0.9550	-50			
192	0.9600	-52			
193	0.9650	-55			
194	0.9700	-57			
195	0.9750	-59			
196	0.9800	-61			
197	0.9850	-62			
198	0.9900	-64			
199	0.9950	-66			
200	1.0000	-68			
201	1.0050	-70			
202	1.0100	-71			
203	1.0150	-72			
204	1.0200	-74			
205	1.0250	-75			
206	1.0300	-76			
207	1.0350	-78			
208	1.0400	-79			
209	1.0450	-80			
210	1.0500	-81			
211	1.0550	-82			
212	1.0600	-82			
213	1.0650	-83			
214	1.0700	-84			
215	1.0750	-84			
216	1.0800	-84			
217	1.0850	-85			
218	1.0900	-85			
219	1.0950	-85			
220	1.1000	-85			
221	1.1050	-85			
222	1.1100	-85			
223	1.1150	-85			
224	1.1200	-85			
225	1.1250	-84			
226	1.1300	-84			
227	1.1350	-83			
228	1.1400	-83			
229	1.1450	-82			
230	1.1500	-81			
231	1.1550	-80			
232	1.1600	-79			
233	1.1650	-78			
234	1.1700	-78			
235	1.1750	-76			
236	1.1800	-75			
237	1.1850	-74			
238	1.1900	-73			
239	1.1950	-71			
240	1.2000	-70			
241	1.2050	-68			
242	1.2100	-66			
243	1.2150	-65			
244	1.2200	-63			
245	1.2250	-61			
246	1.2300	-59			
247	1.2350	-57			
248	1.2400	-55			
249	1.2450	-53			
250	1.2500	-51			
251	1.2550	-49			
252	1.2600	-47			
253	1.2650	-44			
254	1.2700	-42			
255	1.2750	-40			
256	1.2800	-38			
257	1.2850	-35			
258	1.2900	-33			
259	1.2950	-30			
260	1.3000	-28			
261	1.3050	-25			
262	1.3100	-22			
263	1.3150	-20			
264	1.3200	-18			
265	1.3250	-15			
266	1.3300	-12			
267	1.3350	-10			
268	1.3400	-7			
269	1.3450	-4			
270	1.3500	-2			
271	1.3550	1			
272	1.3600	4			
273	1.3650	6			
274	1.3700	9			
275	1.3750	12			
276	1.3800	14			
277	1.3850	17			
278	1.3900	19			
279	1.3950	22			
280	1.4000	24			
281	1.4050	27			
282	1.4100	30			
283	1.4150	32			
284	1.4200	34			
285	1.4250	37			
286	1.4300	39			
287	1.4350	41			
288	1.4400	43			
289	1.4450	46			
290	1.4500	48			
291	1.4550	50			
292	1.4600	52			
293	1.4650	54			
294	1.4700	56			
295	1.4750	58			
296	1.4800	60			
297	1.4850	62			
298	1.4900	63			
299	1.4950	65			
300	1.5000	66			
301	1.5050	68			
302	1.5100	70			
303	1.5150	71			
304	1.5200	72			
305	1.5250	74			
306	1.5300	75			
307	1.5350	76			
308	1.5400	77			
309	1.5450	78			
310	1.5500	78			
311	1.5550	79			
312	1.5600	80			
313	1.5650	80			
314	1.5700	81			
315	1.5750	81			
316	1.5800	82			
317	1.5850	82			
318	1.5900	82			
319	1.5950	82			
320	1.6000	82			
321	1.6050	82			
322	1.6100	82			
323	1.6150	82			
324	1.6200	82			
325	1.6250	81			
326	1.6300	81			
327	1.6350	80			
328	1.6400	80			
329	1.6450	79			
330	1.6500	78			
331	1.6550	77			
332	1.6600	76			
333	1.6650	75			
334	1.6700	74			
335	1.6750	73			
336	1.6800	72			
337	1.6850	70			
338	1.6900	69			
339	1.6950	68			
340	1.7000	66			
341	1.7050	64			
342	1.7100	63			
343	1.7150	61			
344	1.7200	59			
345	1.7250	58			
346	1.7300	56			
347	1.7350	54			
348	1.7400	52			
349	1.7450	50			
350	1.7500	48			
351	1.7550	45			
352	1.7600	43			
353	1.7650	41			
354	1.7700	39			
355	1.7750	36			
356	1.7800	34			
357	1.7850	32			
358	1.7900	29			
359	1.7950	27			
360	1.8000	24			
361	1.8050	22			
362	1.8100	19			
363	1.8150	17			
364	1.8200	14			
365	1.8250	12			
366	1.8300	9			
367	1.8350	6			
368	1.8400	4			
369	1.8450	1			
370	1.8500	-2			
371	1.8550	-4			
372	1.8600	-7			
373	1.8650	-9			
374	1.8700	-12			
375	1.8750	-14			
376	1.8800	-17			
377	1.8850	-19			
378	1.8900	-22			
379	1.8950	-24			
380	1.9000	-27			
381	1.9050	-29			
382	1.9100	-32			
383	1.9150	-34			
384	1.9200	-36			
385	1.9250	-39			
386	1.9300	-41			
387	1.9350	-43			
388	1.9400	-46			
389	1.9450	-48			
390	1.9500	-50			
391	1.9550	-52			
392	1.9600	-54			
393	1.9650	-56			
394	1.9700	-57			
395	1.9750	-59			
396	1.9800	-61			
397	1.9850	-62			
398	1.9900	-64			
399	1.9950	-66			
400	2.0000	-67			
401	2.0050	-69			
402	2.0100	-70			
403	2.0150	-71			
404	2.0200	-72			
405	2.0250	-73			
406	2.0300	-74			
407	2.0350	-76			
408	2.0400	-76			
409	2.0450	-77			
410	2.0500	-78			
411	2.0550	-79			
412	2.0600	-79			
413	2.0650	-80			
414	2.0700	-80			
415	2.0750	-80			
416	2.0800	-81			
417	2.0850	-81			
418	2.0900	-81			
419	2.0950	-81			
420	2.1000	-81			
421	2.1050	-81			
422	2.1100	-80			
423	2.1150	-80			
424	2.1200	-80			
425	2.1250	-79			
426	2.1300	-79			
427	2.1350	-78			
428	2.1400	-77			
429	2.1450	-76			
430	2.1500	-76			
431	2.1550	-75			
432	2.1600	-74			
433	2.1650	-73			
434	2.1700	-72			
435	2.1750	-70			
436	2.1800	-69			
437	2.1850	-68			
438	2.1900	-66			
439	2.1950	-65			
440	2.2000	-63			
441	2.2050	-61			
442	2.2100	-60			
443	2.2150	-58			
444	2.2200	-56			
445	2.2250	-54			
446	2.2300	-52			
447	2.2350	-50			
448	2.2400	-48			
449	2.2450	-46			
450	2.2500	-44			
451	2.2550	-42			
452	2.2600	-39			
453	2.2650	-37			
454	2.2700	-35			
455	2.2750	-32			
456	2.2800	-30			
457	2.2850	-28			
458	2.2900	-25			
459	2.2950	-23			
460	2.3000	-20			
461	2.3050	-18			
462	2.3100	-15			
463	2.3150	-13			
464	2.3200	-10			
465	2.3250	-8			
466	2.3300	-5			
467	2.3350	-3			
468	2.3400	0			
469	2.3450	2			
470	2.3500	5			
471	2.3550	8			
472	2.3600	10			
473	2.3650	13			
474	2.3700	15			
475	2.3750	18			
476	2.3800	20			
477	2.3850	23			
478	2.3900	25			
479	2.3950	28			
480	2.4000	30			
481	2.4050	32			
482	2.4100	35			
483	2.4150	37			
484	2.4200	39			
485	2.4250	42			
486	2.4300	44			
487	2.4350	46			
488	2.4400	48			
489	2.4450	50			
490	2.4500	52			
491	2.4550	54			
492	2.4600	56			
493	2.4650	58			
494	2.4700	59			
495	2.4750	61			
496	2.4800	63			
497	2.4850	64			
498	2.4900	66			
499	2.4950	67			
500	2.5000	69			
501	2.5050	70			
502	2.5100	72			
503	2.5150	73			
504	2.5200	74			
505	2.5250	75			
506	2.5300	76			
507	2.5350	76			
508	2.5400	77			
509	2.5450	78			
510	2.5500	79			
511	2.5550	79			
512	2.5600	80			
513	2.5650	80			
514	2.5700	80			
515	2.5750	81			
516	2.5800	81			
517	2.5850	81			
518	2.5900	81			
519	2.5950	81			
520	2.6000	81			
521	2.6050	81			
522	2.6100	80			
523	2.6150	80			
524	2.6200	80			
525	2.6250	79			
526	2.6300	78			
527	2.6350	78			
528	2.6400	77			
529	2.6450	76			
530	2.6500	75			
531	2.6550	74			
532	2.6600	73			
533	2.6650	72			
534	2.6700	70			
535	2.6750	69			
536	2.6800	68			
537	2.6850	66			
538	2.6900	65			
539	2.6950	63			
540	2.7000	62			
541	2.7050	60			
542	2.7100	58			
543	2.7150	56			
544	2.7200	54			
545	2.7250	52			
546	2.7300	51			
547	2.7350	48			
548	2.7400	46			
549	2.7450	44			
550	2.7500	42			
551	2.7550	40			
552	2.7600	38			
553	2.7650	36			
554	2.7700	33			
555	2.7750	31			
556	2.7800	28			
557	2.7850	26			
558	2.7900	24			
559	2.7950	21			
560	2.8000	19			
561	2.8050	16			
562	2.8100	14			
563	2.8150	11			
564	2.8200	8			
565	2.8250	6			
566	2.8300	4			
567	2.8350	1			
568	2.8400	-2			
569	2.8450	-4			
570	2.8500	-7			
571	2.8550	-9			
572	2.8600	-12			
573	2.8650	-14			
574	2.8700	-16			
575	2.8750	-19			
576	2.8800	-22			
577	2.8850	-24			
578	2.8900	-26			
579	2.8950	-29			
580	2.9000	-31			
581	2.9050	-34			
582	2.9100	-36			
583	2.9150	-38			
584	2.9200	-40			
585	2.9250	-42			
586	2.9300	-45			
587	2.9350	-47			
588	2.9400	-49			
589	2.9450	-51			
590	2.9500	-53			
591	2.9550	-54			
592	2.9600	-56			
593	2.9650	-58			
594	2.9700	-60			
595	2.9750	-61			
596	2.9800	-63			
597	2.9850	-64			
598	2.9900	-66			
599	2.9950	-67			
600	3.0000	-68			
601	3.0050	-70			
602	3.0100	-71			
603	3.0150	-72			
604	3.0200	-73			
605	3.0250	-74			
606	3.0300	-75			
607	3.0350	-76			
608	3.0400	-76			
609	3.0450	-77			
610	3.0500	-78			
611	3.0550	-78			
612	3.0600	-79			
613	3.0650	-79			
614	3.0700	-79			
615	3.0750	-79			
616	3.0800	-80			
617	3.0850	-80			
618	3.0900	-79			
619	3.0950	-79			
620	3.1000	-79			
621	3.1050	-79			
622	3.1100	-78			
623	3.1150	-78			
624	3.1200	-77			
625	3.1250	-77			
626	3.1300	-76			
627	3.1350	-75			
628	3.1400	-74			
629	3.1450	-74			
630	3.1500	-72			
631	3.1550	-71			
632	3.1600	-70			
633	3.1650	-69			
634	3.1700	-68			
635	3.1750	-66			
636	3.1800	-65			
637	3.1850	-64			
638	3.1900	-62			
639	3.1950	-60			
640	3.2000	-59			
641	3.2050	-57			
642	3.2100	-55			
643	3.2150	-53			
644	3.2200	-51			
645	3.2250	-50			
646	3.2300	-48			
647	3.2350	-46			
648	3.2400	-43			
649	3.2450	-41			
650	3.2500	-39			
651	3.2550	-37			
652	3.2600	-35			
653	3.2650	-32			
654	3.2700	-30			
655	3.2750	-28			
656	3.2800	-26			
657	3.2850	-23			
658	3.2900	-21			
659	3.2950	-18			
660	3.3000	-16			
661	3.3050	-13			
662	3.3100	-11			
663	3.3150	-8			
664	3.3200	-6			
665	3.3250	-3			
666	3.3300	-1			
667	3.3350	2			
668	3.3400	4			
669	3.3450	7			
670	3.3500	9			
671	3.3550	12			
672	3.3600	14			
673	3.3650	17			
674	3.3700	19			
675	3.3750	22			
676	3.3800	24			
677	3.3850	26			
678	3.3900	29			
679	3.3950	31			
680	3.4000	33			
681	3.4050	36			
682	3.4100	38			
683	3.4150	40			
684	3.4200	42			
685	3.4250	44			
686	3.4300	46			
687	3.4350	48			
688	3.4400	50			
689	3.4450	52			
690	3.4500	54			
691	3.4550	56			
692	3.4600	57			
693	3.4650	59			
694	3.4700	61			
695	3.4750	62			
696	3.4800	64			
697	3.4850	65			
698	3.4900	67			
699	3.4950	68			
700	3.5000	69			
701	3.5050	70			
702	3.5100	72			
703	3.5150	72			
704	3.5200	74			
705	3.5250	74			
706	3.5300	75			
707	3.5350	76			
708	3.5400	76			
709	3.5450	77			
710	3.5500	77			
711	3.5550	78			
712	3.5600	78			
713	3.5650	78			
714	3.5700	79			
715	3.5750	79			
716	3.5800	79			
717	3.5850	79			
718	3.5900	79			
719	3.5950	78			
720	3.6000	78			
721	3.6050	78			
722	3.6100	77			
723	3.6150	77			
724	3.6200	76			
725	3.6250	76			
726	3.6300	75			
727	3.6350	74			
728	3.6400	73			
729	3.6450	72			
730	3.6500	71			
731	3.6550	70			
732	3.6600	69			
733	3.6650	68			
734	3.6700	66			
735	3.6750	65			
736	3.6800	63			
737	3.6850	62			
738	3.6900	60			
739	3.6950	59			
740	3.7000	57			
741	3.7050	55			
742	3.7100	53			
743	3.7150	52			
744	3.7200	50			
745	3.7250	48			
746	3.7300	46			
747	3.7350	44			
748	3.7400	41			
749	3.7450	39			
750	3.7500	37			
751	3.7550	35			
752	3.7600	33			
753	3.7650	30			
754	3.7700	28			
755	3.7750	26			
756	3.7800	23			
757	3.7850	21			
758	3.7900	18			
759	3.7950	16			
760	3.8000	14			
761	3.8050	11			
762	3.8100	8			
763	3.8150	6			
764	3.8200	4			
765	3.8250	1			
766	3.8300	-1			
767	3.8350	-4			
768	3.8400	-6			
769	3.8450	-9			
770	3.8500	-11			
771	3.8550	-14			
772	3.8600	-16			
773	3.8650	-18			
774	3.8700	-21			
775	3.8750	-23			
776	3.8800	-26			
777	3.8850	-28			
778	3.8900	-30			
779	3.8950	-32			
780	3.9000	-35			
781	3.9050	-37			
782	3.9100	-39			
783	3.9150	-42			
784	3.9200	-44			
785	3.9250	-46			
786	3.9300	-48			
787	3.9350	-50			
788	3.9400	-51			
789	3.9450	-53			
790	3.9500	-55			
791	3.9550	-57			
792	3.9600	-58			
793	3.9650	-60			
794	3.9700	-61			
795	3.9750	-63			
796	3.9800	-64			
797	3.9850	-66			
798	3.9900	-67			
799	3.9950	-68			
800	4.0000	-70			
801	4.0050	-71			
802	4.0100	-72			
803	4.0150	-73			
804	4.0200	-74			
805	4.0250	-74			
806	4.0300	-75			
807	4.0350	-76			
808	4.0400	-76			
809	4.0450	-77			
810	4.0500	-77			
811	4.0550	-78			
812	4.0600	-78			
813	4.0650	-78			
814	4.0700	-78			
815	4.0750	-78			
816	4.0800	-78			
817	4.0850	-78			
818	4.0900	-78			
819	4.0950	-78			
820	4.1000	-77			
821	4.1050	-77			
822	4.1100	-76			
823	4.1150	-76			
824	4.1200	-75			
825	4.1250	-74			
826	4.1300	-73			
827	4.1350	-72			
828	4.1400	-72			
829	4.1450	-70			
830	4.1500	-69			
831	4.1550	-68			
832	4.1600	-67			
833	4.1650	-66			
834	4.1700	-64			
835	4.1750	-63			
836	4.1800	-61			
837	4.1850	-60			
838	4.1900	-58			
839	4.1950	-56			
840	4.2000	-55			
841	4.2050	-53			
842	4.2100	-51			
843	4.2150	-49			
844	4.2200	-47			
845	4.2250	-45			
846	4.2300	-43			
847	4.2350	-41			
848	4.2400	-39			
849	4.2450	-37			
850	4.2500	-35			
851	4.2550	-32			
852	4.2600	-30			
853	4.2650	-28			
854	4.2700	-26			
855	4.2750	-23			
856	4.2800	-21			
857	4.2850	-18			
858	4.2900	-16			
859	4.2950	-14			
860	4.3000	-11			
861	4.3050	-9			
862	4.3100	-6			
863	4.3150	-4			
864	4.3200	-1			
865	4.3250	1			
866	4.3300	4			
867	4.3350	6			
868	4.3400	9			
869	4.3450	11			
870	4.3500	14			
871	4.3550	16			
872	4.3600	18			
873	4.3650	21			
874	4.3700	23			
875	4.3750	25			
876	4.3800	28			
877	4.3850	30			
878	4.3900	32			
879	4.3950	34			
880	4.4000	36			
881	4.4050	39			
882	4.4100	41			
883	4.4150	43			
884	4.4200	45			
885	4.4250	47			
886	4.4300	49			
887	4.4350	51			
888	4.4400	53			
889	4.4450	54			
890	4.4500	56			
891	4.4550	58			
892	4.4600	60			
893	4.4650	61			
894	4.4700	63			
895	4.4750	64			
896	4.4800	65			
897	4.4850	67			
898	4.4900	68			
899	4.4950	69			
900	4.5000	70			
901	4.5050	71			
902	4.5100	72			
903	4.5150	73			
904	4.5200	74			
905	4.5250	74			
906	4.5300	75			
907	4.5350	76			
908	4.5400	76			
909	4.5450	76			
910	4.5500	77			
911	4.5550	77			
912	4.5600	78			
913	4.5650	78			
914	4.5700	78			
915	4.5750	78			
916	4.5800	78			
917	4.5850	77			
918	4.5900	77			
919	4.5950	77			
920	4.6000	76			
921	4.6050	76			
922	4.6100	75			
923	4.6150	75			
924	4.6200	74			
925	4.6250	73			
926	4.6300	72			
927	4.6350	71			
928	4.6400	70			
929	4.6450	69			
930	4.6500	68			
931	4.6550	67			
932	4.6600	65			
933	4.6650	64			
934	4.6700	63			
935	4.6750	61			
936	4.6800	60			
937	4.6850	58			
938	4.6900	56			
939	4.6950	55			
940	4.7000	53			
941	4.7050	51			
942	4.7100	49			
943	4.7150	47			
944	4.7200	45			
945	4.7250	43			
946	4.7300	41			
947	4.7350	39			
948	4.7400	37			
949	4.7450	35			
950	4.7500	32			
951	4.7550	30			
952	4.7600	28			
953	4.7650	26			
954	4.7700	23			
955	4.7750	21			
956	4.7800	19			
957	4.7850	16			
958	4.7900	14			
959	4.7950	12			
960	4.8000	9			
961	4.8050	6			
962	4.8100	4			
963	4.8150	2			
964	4.8200	-1			
965	4.8250	-3			
966	4.8300	-6			
967	4.8350	-8			
968	4.8400	-10			
969	4.8450	-13			
970	4.8500	-15			
971	4.8550	-18			
972	4.8600	-20			
973	4.8650	-22			
974	4.8700	-25			
975	4.8750	-27			
976	4.8800	-29			
977	4.8850	-32			
978	4.8900	-34			
979	4.8950	-36			
980	4.9000	-38			
981	4.9050	-40			
982	4.9100	-42			
983	4.9150	-44			
984	4.9200	-46			
985	4.9250	-48			
986	4.9300	-50			
987	4.9350	-52			
988	4.9400	-54			
989	4.9450	-56			
990	4.9500	-57			
991	4.9550	-59			
992	4.9600	-60			
993	4.9650	-62			
994	4.9700	-63			
995	4.9750	-64			
996	4.9800	-66			
997	4.9850	-67			
998	4.9900	-68			
999	4.9950	-69			
1000	5.0000	-70			
