#	time(s)	count A	count B	count C	count D
1	0.0050	22		13	
2	0.0100	23		14	
3	0.0150	24		15	
4	0.0200	24		16	
5	0.0250	24		16	
6	0.0300	25		17	
7	0.0350	26		18	
8	0.0400	26		18	
9	0.0450	27		19	
10	0.0500	27		20	
11	0.0550	28		20	
12	0.0600	28		21	
13	0.0650	28		21	
14	0.0700	29		22	
15	0.0750	30		23	
16	0.0800	30		23	
17	0.0850	30		24	
18	0.0900	30		24	
19	0.0950	31		25	
20	0.1000	32		26	
21	0.1050	32		26	
22	0.1100	32		27	
23	0.1150	32		27	
24	0.1200	33		28	
25	0.1250	33		28	
26	0.1300	33		29	
27	0.1350	34		29	
28	0.1400	34		30	
29	0.1450	34		30	
30	0.1500	34		30	
31	0.1550	34		31	
32	0.1600	34		31	
33	0.1650	35		32	
34	0.1700	35		32	
35	0.1750	35		32	
36	0.1800	35		33	
37	0.1850	36		33	
38	0.1900	36		33	
39	0.1950	36		34	
40	0.2000	36		34	
41	0.2050	36		34	
42	0.2100	36		34	
43	0.2150	36		34	
44	0.2200	36		35	
45	0.2250	36		35	
46	0.2300	36		35	
47	0.2350	36		35	
48	0.2400	36		35	
49	0.2450	36		35	
50	0.2500	36		35	
51	0.2550	36		36	
52	0.2600	36		36	
53	0.2650	35		36	
54	0.2700	35		36	
55	0.2750	35		36	
56	0.2800	35		36	
57	0.2850	34		36	
58	0.2900	34		36	
59	0.2950	34		35	
60	0.3000	34		35	
61	0.3050	34		35	
62	0.3100	33		35	
63	0.3150	33		35	
64	0.3200	33		35	
65	0.3250	32		35	
66	0.3300	32		34	
67	0.3350	32		34	
68	0.3400	32		34	
69	0.3450	31		34	
70	0.3500	30		33	
71	0.3550	30		33	
72	0.3600	30		33	
73	0.3650	30		32	
74	0.3700	29		32	
75	0.3750	28		32	
76	0.3800	28		31	
77	0.3850	28		31	
78	0.3900	27		31	
79	0.3950	26		30	
80	0.4000	26		30	
81	0.4050	26		29	
82	0.4100	25		29	
83	0.4150	24		28	
84	0.4200	24		28	
85	0.4250	23		27	
86	0.4300	22		27	
87	0.4350	22		26	
88	0.4400	22		26	
89	0.4450	21		25	
90	0.4500	20		25	
91	0.4550	20		24	
92	0.4600	19		24	
93	0.4650	18		23	
94	0.4700	18		22	
95	0.4750	17		22	
96	0.4800	16		21	
97	0.4850	16		21	
98	0.4900	15		20	
99	0.4950	14		19	
100	0.5000	14		19	
101	0.5050	13		18	
102	0.5100	12		17	
103	0.5150	12		17	
104	0.5200	11		16	
105	0.5250	10		15	
106	0.5300	10		15	
107	0.5350	9		14	
108	0.5400	8		13	
109	0.5450	8		13	
110	0.5500	6		12	
111	0.5550	6		11	
112	0.5600	5		10	
113	0.5650	4		10	
114	0.5700	4		9	
115	0.5750	3		8	
116	0.5800	2		8	
117	0.5850	2		7	
118	0.5900	1		6	
119	0.5950	0		5	
120	0.6000	0		4	
121	0.6050	-1		4	
122	0.6100	-2		3	
123	0.6150	-3		2	
124	0.6200	-4		1	
125	0.6250	-4		1	
126	0.6300	-5		0	
127	0.6350	-6		-1	
128	0.6400	-6		-2	
129	0.6450	-7		-2	
130	0.6500	-8		-3	
131	0.6550	-8		-4	
132	0.6600	-9		-5	
133	0.6650	-10		-5	
134	0.6700	-10		-6	
135	0.6750	-11		-7	
136	0.6800	-12		-8	
137	0.6850	-12		-8	
138	0.6900	-13		-9	
139	0.6950	-14		-10	
140	0.7000	-14		-10	
141	0.7050	-15		-11	
142	0.7100	-15		-12	
143	0.7150	-16		-12	
144	0.7200	-16		-13	
145	0.7250	-17		-14	
146	0.7300	-18		-14	
147	0.7350	-18		-15	
148	0.7400	-18		-16	
149	0.7450	-19		-16	
150	0.7500	-20		-17	
151	0.7550	-20		-18	
152	0.7600	-20		-18	
153	0.7650	-21		-19	
154	0.7700	-22		-19	
155	0.7750	-22		-20	
156	0.7800	-22		-20	
157	0.7850	-23		-21	
158	0.7900	-23		-22	
159	0.7950	-24		-22	
160	0.8000	-24		-23	
161	0.8050	-24		-23	
162	0.8100	-25		-24	
163	0.8150	-25		-24	
164	0.8200	-26		-25	
165	0.8250	-26		-25	
166	0.8300	-26		-26	
167	0.8350	-26		-26	
168	0.8400	-26		-26	
169	0.8450	-27		-27	
170	0.8500	-27		-27	
171	0.8550	-27		-27	
172	0.8600	-28		-28	
173	0.8650	-28		-28	
174	0.8700	-28		-28	
175	0.8750	-28		-29	
176	0.8800	-28		-29	
177	0.8850	-28		-29	
178	0.8900	-28		-30	
179	0.8950	-28		-30	
180	0.9000	-28		-30	
181	0.9050	-28		-30	
182	0.9100	-28		-30	
183	0.9150	-28		-30	
184	0.9200	-28		-31	
185	0.9250	-28		-31	
186	0.9300	-28		-31	
187	0.9350	-28		-31	
188	0.9400	-28		-31	
189	0.9450	-28		-31	
190	0.9500	-28		-31	
191	0.9550	-28		-31	
192	0.9600	-28		-31	
193	0.9650	-28		-31	
194	0.9700	-28		-31	
195	0.9750	-28		-31	
196	0.9800	-27		-31	
197	0.9850	-27		-31	
198	0.9900	-26		-31	
199	0.9950	-26		-31	
200	1.0000	-26		-31	
201	1.0050	-26		-30	
202	1.0100	-25		-30	
203	1.0150	-25		-30	
204	1.0200	-24		-30	
205	1.0250	-24		-30	
206	1.0300	-24		-30	
207	1.0350	-24		-29	
208	1.0400	-23		-29	
209	1.0450	-23		-29	
210	1.0500	-22		-28	
211	1.0550	-22		-28	
212	1.0600	-22		-28	
213	1.0650	-21		-28	
214	1.0700	-20		-27	
215	1.0750	-20		-27	
216	1.0800	-20		-26	
217	1.0850	-19		-26	
218	1.0900	-18		-26	
219	1.0950	-18		-25	
220	1.1000	-17		-25	
221	1.1050	-16		-24	
222	1.1100	-16		-24	
223	1.1150	-16		-23	
224	1.1200	-15		-23	
225	1.1250	-14		-22	
226	1.1300	-14		-22	
227	1.1350	-13		-21	
228	1.1400	-12		-21	
229	1.1450	-12		-20	
230	1.1500	-11		-20	
231	1.1550	-10		-19	
232	1.1600	-10		-18	
233	1.1650	-9		-18	
234	1.1700	-8		-17	
235	1.1750	-8		-17	
236	1.1800	-7		-16	
237	1.1850	-6		-16	
238	1.1900	-6		-15	
239	1.1950	-5		-14	
240	1.2000	-4		-14	
241	1.2050	-3		-13	
242	1.2100	-2		-12	
243	1.2150	-2		-12	
244	1.2200	-1		-11	
245	1.2250	0		-10	
246	1.2300	0		-9	
247	1.2350	1		-9	
248	1.2400	2		-8	
249	1.2450	3		-7	
250	1.2500	4		-7	
251	1.2550	4		-6	
252	1.2600	5		-5	
253	1.2650	6		-4	
254	1.2700	6		-4	
255	1.2750	7		-3	
256	1.2800	8		-2	
257	1.2850	8		-2	
258	1.2900	10		-1	
259	1.2950	10		0	
260	1.3000	11		1	
261	1.3050	12		2	
262	1.3100	12		2	
263	1.3150	13		3	
264	1.3200	14		4	
265	1.3250	14		4	
266	1.3300	15		5	
267	1.3350	16		6	
268	1.3400	16		7	
269	1.3450	17		8	
270	1.3500	18		8	
271	1.3550	18		9	
272	1.3600	19		10	
273	1.3650	20		10	
274	1.3700	20		11	
275	1.3750	21		12	
276	1.3800	22		13	
277	1.3850	22		13	
278	1.3900	23		14	
279	1.3950	24		15	
280	1.4000	24		16	
281	1.4050	24		16	
282	1.4100	25		17	
283	1.4150	26		18	
284	1.4200	26		18	
285	1.4250	27		19	
286	1.4300	27		20	
287	1.4350	28		20	
288	1.4400	28		21	
289	1.4450	28		22	
290	1.4500	29		22	
291	1.4550	30		23	
292	1.4600	30		23	
293	1.4650	30		24	
294	1.4700	30		24	
295	1.4750	31		25	
296	1.4800	32		26	
297	1.4850	32		26	
298	1.4900	32		27	
299	1.4950	32		27	
300	1.5000	33		28	
301	1.5050	33		28	
302	1.5100	33		29	
303	1.5150	34		29	
304	1.5200	34		30	
305	1.5250	34		30	
306	1.5300	34		30	
307	1.5350	34		31	
308	1.5400	34		31	
309	1.5450	35		32	
310	1.5500	35		32	
311	1.5550	35		32	
312	1.5600	35		33	
313	1.5650	36		33	
314	1.5700	36		33	
315	1.5750	36		34	
316	1.5800	36		34	
317	1.5850	36		34	
318	1.5900	36		34	
319	1.5950	36		34	
320	1.6000	36		35	
321	1.6050	36		35	
322	1.6100	36		35	
323	1.6150	36		35	
324	1.6200	36		35	
325	1.6250	36		35	
326	1.6300	36		36	
327	1.6350	36		36	
328	1.6400	36		36	
329	1.6450	35		36	
330	1.6500	35		36	
331	1.6550	35		36	
332	1.6600	35		36	
333	1.6650	34		36	
334	1.6700	34		36	
335	1.6750	34		35	
336	1.6800	34		35	
337	1.6850	34		35	
338	1.6900	33		35	
339	1.6950	33		35	
340	1.7000	33		35	
341	1.7050	32		35	
342	1.7100	32		34	
343	1.7150	32		34	
344	1.7200	32		34	
345	1.7250	31		34	
346	1.7300	30		33	
347	1.7350	30		33	
348	1.7400	30		33	
349	1.7450	29		32	
350	1.7500	29		32	
351	1.7550	28		32	
352	1.7600	28		31	
353	1.7650	28		31	
354	1.7700	27		30	
355	1.7750	26		30	
356	1.7800	26		30	
357	1.7850	26		29	
358	1.7900	25		29	
359	1.7950	24		28	
360	1.8000	24		28	
361	1.8050	23		27	
362	1.8100	22		27	
363	1.8150	22		26	
364	1.8200	22		26	
365	1.8250	21		25	
366	1.8300	20		25	
367	1.8350	20		24	
368	1.8400	19		24	
369	1.8450	18		23	
370	1.8500	18		22	
371	1.8550	17		22	
372	1.8600	16		21	
373	1.8650	16		20	
374	1.8700	15		20	
375	1.8750	14		19	
376	1.8800	14		19	
377	1.8850	13		18	
378	1.8900	12		17	
379	1.8950	12		16	
380	1.9000	11		16	
381	1.9050	10		15	
382	1.9100	10		14	
383	1.9150	8		14	
384	1.9200	8		13	
385	1.9250	7		12	
386	1.9300	6		12	
387	1.9350	6		11	
388	1.9400	5		10	
389	1.9450	4		9	
390	1.9500	4		9	
391	1.9550	3		8	
392	1.9600	2		7	
393	1.9650	2		6	
394	1.9700	1		6	
395	1.9750	0		5	
396	1.9800	0		4	
397	1.9850	-1		3	
398	1.9900	-2		3	
399	1.9950	-3		2	
400	2.0000	-4		1	
401	2.0050	-4		0	
402	2.0100	-5		0	
403	2.0150	-6		-1	
404	2.0200	-6		-2	
405	2.0250	-7		-3	
406	2.0300	-8		-3	
407	2.0350	-8		-4	
408	2.0400	-9		-5	
409	2.0450	-10		-6	
410	2.0500	-10		-6	
411	2.0550	-11		-7	
412	2.0600	-12		-8	
413	2.0650	-12		-8	
414	2.0700	-13		-9	
415	2.0750	-14		-10	
416	2.0800	-14		-11	
417	2.0850	-15		-11	
418	2.0900	-15		-12	
419	2.0950	-16		-13	
420	2.1000	-16		-13	
421	2.1050	-17		-14	
422	2.1100	-18		-15	
423	2.1150	-18		-15	
424	2.1200	-18		-16	
425	2.1250	-19		-17	
426	2.1300	-20		-17	
427	2.1350	-20		-18	
428	2.1400	-20		-18	
429	2.1450	-21		-19	
430	2.1500	-22		-20	
431	2.1550	-22		-20	
432	2.1600	-22		-21	
433	2.1650	-23		-21	
434	2.1700	-23		-22	
435	2.1750	-24		-22	
436	2.1800	-24		-23	
437	2.1850	-24		-23	
438	2.1900	-25		-24	
439	2.1950	-25		-24	
440	2.2000	-26		-25	
441	2.2050	-26		-25	
442	2.2100	-26		-26	
443	2.2150	-26		-26	
444	2.2200	-26		-26	
445	2.2250	-27		-27	
446	2.2300	-27		-27	
447	2.2350	-27		-28	
448	2.2400	-28		-28	
449	2.2450	-28		-28	
450	2.2500	-28		-28	
451	2.2550	-28		-29	
452	2.2600	-28		-29	
453	2.2650	-28		-29	
454	2.2700	-28		-30	
455	2.2750	-28		-30	
456	2.2800	-28		-30	
457	2.2850	-28		-30	
458	2.2900	-28		-30	
459	2.2950	-28		-30	
460	2.3000	-28		-31	
461	2.3050	-28		-31	
462	2.3100	-28		-31	
463	2.3150	-28		-31	
464	2.3200	-28		-31	
465	2.3250	-28		-31	
466	2.3300	-28		-31	
467	2.3350	-28		-31	
468	2.3400	-28		-31	
469	2.3450	-28		-31	
470	2.3500	-28		-31	
471	2.3550	-28		-31	
472	2.3600	-27		-31	
473	2.3650	-27		-31	
474	2.3700	-26		-31	
475	2.3750	-26		-31	
476	2.3800	-26		-31	
477	2.3850	-26		-30	
478	2.3900	-25		-30	
479	2.3950	-25		-30	
480	2.4000	-24		-30	
481	2.4050	-24		-30	
482	2.4100	-24		-29	
483	2.4150	-24		-29	
484	2.4200	-23		-29	
485	2.4250	-23		-29	
486	2.4300	-22		-28	
487	2.4350	-22		-28	
488	2.4400	-22		-28	
489	2.4450	-21		-27	
490	2.4500	-20		-27	
491	2.4550	-20		-27	
492	2.4600	-20		-26	
493	2.4650	-19		-26	
494	2.4700	-18		-25	
495	2.4750	-18		-25	
496	2.4800	-17		-24	
497	2.4850	-16		-24	
498	2.4900	-16		-24	
499	2.4950	-16		-23	
500	2.5000	-15		-23	
501	2.5050	-14		-22	
502	2.5100	-14		-22	
503	2.5150	-13		-21	
504	2.5200	-12		-20	
505	2.5250	-12		-20	
506	2.5300	-11		-19	
507	2.5350	-10		-19	
508	2.5400	-10		-18	
509	2.5450	-9		-18	
510	2.5500	-8		-17	
511	2.5550	-8		-16	
512	2.5600	-7		-16	
513	2.5650	-6		-15	
514	2.5700	-6		-15	
515	2.5750	-4		-14	
516	2.5800	-4		-13	
517	2.5850	-3		-13	
518	2.5900	-2		-12	
519	2.5950	-2		-11	
520	2.6000	-1		-11	
521	2.6050	0		-10	
522	2.6100	0		-9	
523	2.6150	1		-8	
524	2.6200	2		-8	
525	2.6250	3		-7	
526	2.6300	4		-6	
527	2.6350	4		-6	
528	2.6400	5		-5	
529	2.6450	6		-4	
530	2.6500	6		-4	
531	2.6550	7		-3	
532	2.6600	8		-2	
533	2.6650	9		-1	
534	2.6700	10		-1	
535	2.6750	10		0	
536	2.6800	11		1	
537	2.6850	12		2	
538	2.6900	12		2	
539	2.6950	13		3	
540	2.7000	14		4	
541	2.7050	14		5	
542	2.7100	15		5	
543	2.7150	16		6	
544	2.7200	17		7	
545	2.7250	17		8	
546	2.7300	18		8	
547	2.7350	18		9	
548	2.7400	19		10	
549	2.7450	20		10	
550	2.7500	20		11	
551	2.7550	21		12	
552	2.7600	22		13	
553	2.7650	22		13	
554	2.7700	23		14	
555	2.7750	24		15	
556	2.7800	24		16	
557	2.7850	24		16	
558	2.7900	25		17	
559	2.7950	26		18	
560	2.8000	26		18	
561	2.8050	27		19	
562	2.8100	27		20	
563	2.8150	28		20	
564	2.8200	28		21	
565	2.8250	28		22	
566	2.8300	29		22	
567	2.8350	30		23	
568	2.8400	30		23	
569	2.8450	30		24	
570	2.8500	30		24	
571	2.8550	31		25	
572	2.8600	32		26	
573	2.8650	32		26	
574	2.8700	32		27	
575	2.8750	32		27	
576	2.8800	33		28	
577	2.8850	33		28	
578	2.8900	34		28	
579	2.8950	34		29	
580	2.9000	34		29	
581	2.9050	34		30	
582	2.9100	34		30	
583	2.9150	34		31	
584	2.9200	34		31	
585	2.9250	35		32	
586	2.9300	35		32	
587	2.9350	35		32	
588	2.9400	35		32	
589	2.9450	36		33	
590	2.9500	36		33	
591	2.9550	36		33	
592	2.9600	36		34	
593	2.9650	36		34	
594	2.9700	36		34	
595	2.9750	36		34	
596	2.9800	36		34	
597	2.9850	36		35	
598	2.9900	36		35	
599	2.9950	36		35	
600	3.0000	36		35	
601	3.0050	36		35	
602	3.0100	36		35	
603	3.0150	36		35	
604	3.0200	36		35	
605	3.0250	35		35	
606	3.0300	35		35	
607	3.0350	35		35	
608	3.0400	35		35	
609	3.0450	34		35	
610	3.0500	34		35	
611	3.0550	34		35	
612	3.0600	34		35	
613	3.0650	34		35	
614	3.0700	33		35	
615	3.0750	33		35	
616	3.0800	32		34	
617	3.0850	32		34	
618	3.0900	32		34	
619	3.0950	32		34	
620	3.1000	32		34	
621	3.1050	31		33	
622	3.1100	30		33	
623	3.1150	30		33	
624	3.1200	30		32	
625	3.1250	29		32	
626	3.1300	29		32	
627	3.1350	28		31	
628	3.1400	28		31	
629	3.1450	28		31	
630	3.1500	27		30	
631	3.1550	26		30	
632	3.1600	26		30	
633	3.1650	26		29	
634	3.1700	25		29	
635	3.1750	24		28	
636	3.1800	24		28	
637	3.1850	23		27	
638	3.1900	22		27	
639	3.1950	22		26	
640	3.2000	22		26	
641	3.2050	21		25	
642	3.2100	20		24	
643	3.2150	20		24	
644	3.2200	19		23	
645	3.2250	18		23	
646	3.2300	18		22	
647	3.2350	17		22	
648	3.2400	16		21	
649	3.2450	16		20	
650	3.2500	15		20	
651	3.2550	14		19	
652	3.2600	14		18	
653	3.2650	13		18	
654	3.2700	12		17	
655	3.2750	12		16	
656	3.2800	11		16	
657	3.2850	10		15	
658	3.2900	10		14	
659	3.2950	8		14	
660	3.3000	8		13	
661	3.3050	7		12	
662	3.3100	6		12	
663	3.3150	6		11	
664	3.3200	5		10	
665	3.3250	4		9	
666	3.3300	4		9	
667	3.3350	3		8	
668	3.3400	2		7	
669	3.3450	2		6	
670	3.3500	1		6	
671	3.3550	0		5	
672	3.3600	0		4	
673	3.3650	-2		3	
674	3.3700	-2		3	
675	3.3750	-3		2	
676	3.3800	-4		1	
677	3.3850	-4		0	
678	3.3900	-5		0	
679	3.3950	-6		-1	
680	3.4000	-6		-2	
681	3.4050	-7		-3	
682	3.4100	-8		-3	
683	3.4150	-8		-4	
684	3.4200	-9		-5	
685	3.4250	-10		-6	
686	3.4300	-10		-6	
687	3.4350	-11		-7	
688	3.4400	-12		-8	
689	3.4450	-12		-8	
690	3.4500	-13		-9	
691	3.4550	-14		-10	
692	3.4600	-14		-10	
693	3.4650	-15		-11	
694	3.4700	-16		-12	
695	3.4750	-16		-12	
696	3.4800	-16		-13	
697	3.4850	-17		-14	
698	3.4900	-18		-14	
699	3.4950	-18		-15	
700	3.5000	-18		-16	
701	3.5050	-19		-16	
702	3.5100	-20		-17	
703	3.5150	-20		-18	
704	3.5200	-20		-18	
705	3.5250	-21		-19	
706	3.5300	-22		-20	
707	3.5350	-22		-20	
708	3.5400	-22		-21	
709	3.5450	-23		-21	
710	3.5500	-23		-22	
711	3.5550	-24		-22	
712	3.5600	-24		-23	
713	3.5650	-24		-23	
714	3.5700	-25		-24	
715	3.5750	-25		-24	
716	3.5800	-26		-25	
717	3.5850	-26		-25	
718	3.5900	-26		-26	
719	3.5950	-26		-26	
720	3.6000	-26		-26	
721	3.6050	-27		-27	
722	3.6100	-27		-27	
723	3.6150	-27		-28	
724	3.6200	-28		-28	
725	3.6250	-28		-28	
726	3.6300	-28		-28	
727	3.6350	-28		-29	
728	3.6400	-28		-29	
729	3.6450	-28		-29	
730	3.6500	-28		-30	
731	3.6550	-28		-30	
732	3.6600	-28		-30	
733	3.6650	-28		-30	
734	3.6700	-28		-30	
735	3.6750	-28		-30	
736	3.6800	-28		-31	
737	3.6850	-28		-31	
738	3.6900	-28		-31	
739	3.6950	-28		-31	
740	3.7000	-28		-31	
741	3.7050	-28		-31	
742	3.7100	-28		-31	
743	3.7150	-28		-31	
744	3.7200	-28		-31	
745	3.7250	-28		-31	
746	3.7300	-28		-31	
747	3.7350	-27		-31	
748	3.7400	-27		-31	
749	3.7450	-27		-31	
750	3.7500	-26		-31	
751	3.7550	-26		-31	
752	3.7600	-26		-31	
753	3.7650	-26		-31	
754	3.7700	-25		-30	
755	3.7750	-25		-30	
756	3.7800	-24		-30	
757	3.7850	-24		-30	
758	3.7900	-24		-30	
759	3.7950	-24		-29	
760	3.8000	-23		-29	
761	3.8050	-23		-29	
762	3.8100	-22		-28	
763	3.8150	-22		-28	
764	3.8200	-22		-28	
765	3.8250	-21		-28	
766	3.8300	-20		-27	
767	3.8350	-20		-27	
768	3.8400	-20		-26	
769	3.8450	-19		-26	
770	3.8500	-18		-26	
771	3.8550	-18		-25	
772	3.8600	-17		-25	
773	3.8650	-16		-24	
774	3.8700	-16		-24	
775	3.8750	-16		-23	
776	3.8800	-15		-23	
777	3.8850	-14		-22	
778	3.8900	-14		-22	
779	3.8950	-13		-21	
780	3.9000	-12		-21	
781	3.9050	-12		-20	
782	3.9100	-11		-20	
783	3.9150	-10		-19	
784	3.9200	-10		-18	
785	3.9250	-9		-18	
786	3.9300	-8		-17	
787	3.9350	-8		-17	
788	3.9400	-7		-16	
789	3.9450	-6		-16	
790	3.9500	-5		-15	
791	3.9550	-4		-14	
792	3.9600	-4		-14	
793	3.9650	-3		-13	
794	3.9700	-2		-12	
795	3.9750	-2		-12	
796	3.9800	-1		-11	
797	3.9850	0		-10	
798	3.9900	0		-9	
799	3.9950	1		-9	
800	4.0000	2		-8	
801	4.0050	3		-7	
802	4.0100	4		-6	
803	4.0150	4		-6	
804	4.0200	5		-5	
805	4.0250	6		-4	
806	4.0300	6		-4	
807	4.0350	7		-3	
808	4.0400	8		-2	
809	4.0450	9		-1	
810	4.0500	10		-1	
811	4.0550	10		0	
812	4.0600	11		1	
813	4.0650	12		2	
814	4.0700	12		2	
815	4.0750	13		3	
816	4.0800	14		4	
817	4.0850	14		5	
818	4.0900	15		5	
819	4.0950	16		6	
820	4.1000	17		7	
821	4.1050	18		8	
822	4.1100	18		8	
823	4.1150	18		9	
824	4.1200	19		10	
825	4.1250	20		11	
826	4.1300	20		11	
827	4.1350	21		12	
828	4.1400	22		13	
829	4.1450	22		14	
830	4.1500	23		14	
831	4.1550	24		15	
832	4.1600	24		16	
833	4.1650	24		16	
834	4.1700	25		17	
835	4.1750	26		18	
836	4.1800	26		18	
837	4.1850	27		19	
838	4.1900	27		20	
839	4.1950	28		20	
840	4.2000	28		21	
841	4.2050	28		22	
842	4.2100	29		22	
843	4.2150	30		23	
844	4.2200	30		23	
845	4.2250	30		24	
846	4.2300	30		25	
847	4.2350	31		25	
848	4.2400	32		26	
849	4.2450	32		26	
850	4.2500	32		27	
851	4.2550	32		27	
852	4.2600	33		28	
853	4.2650	33		28	
854	4.2700	33		29	
855	4.2750	34		29	
856	4.2800	34		30	
857	4.2850	34		30	
858	4.2900	34		30	
859	4.2950	34		31	
860	4.3000	34		31	
861	4.3050	35		32	
862	4.3100	35		32	
863	4.3150	35		32	
864	4.3200	35		33	
865	4.3250	36		33	
866	4.3300	36		33	
867	4.3350	36		34	
868	4.3400	36		34	
869	4.3450	36		34	
870	4.3500	36		34	
871	4.3550	36		35	
872	4.3600	36		35	
873	4.3650	36		35	
874	4.3700	36		35	
875	4.3750	36		35	
876	4.3800	36		35	
877	4.3850	36		36	
878	4.3900	36		36	
879	4.3950	36		36	
880	4.4000	36		36	
881	4.4050	35		36	
882	4.4100	35		36	
883	4.4150	35		36	
884	4.4200	34		36	
885	4.4250	34		36	
886	4.4300	34		36	
887	4.4350	34		36	
888	4.4400	34		35	
889	4.4450	34		35	
890	4.4500	33		35	
891	4.4550	33		35	
892	4.4600	32		35	
893	4.4650	32		35	
894	4.4700	32		34	
895	4.4750	32		34	
896	4.4800	31		34	
897	4.4850	31		34	
898	4.4900	30		33	
899	4.4950	30		33	
900	4.5000	30		33	
901	4.5050	29		32	
902	4.5100	29		32	
903	4.5150	28		32	
904	4.5200	28		31	
905	4.5250	27		31	
906	4.5300	27		30	
907	4.5350	26		30	
908	4.5400	26		30	
909	4.5450	25		29	
910	4.5500	25		29	
911	4.5550	24		28	
912	4.5600	24		28	
913	4.5650	23		27	
914	4.5700	22		27	
915	4.5750	22		26	
916	4.5800	21		26	
917	4.5850	21		25	
918	4.5900	20		25	
919	4.5950	20		24	
920	4.6000	19		24	
921	4.6050	18		23	
922	4.6100	18		22	
923	4.6150	17		22	
924	4.6200	16		21	
925	4.6250	16		20	
926	4.6300	15		20	
927	4.6350	14		19	
928	4.6400	14		18	
929	4.6450	13		18	
930	4.6500	12		17	
931	4.6550	12		16	
932	4.6600	10		16	
933	4.6650	10		15	
934	4.6700	9		14	
935	4.6750	8		14	
936	4.6800	8		13	
937	4.6850	7		12	
938	4.6900	6		12	
939	4.6950	6		11	
940	4.7000	5		10	
941	4.7050	4		9	
942	4.7100	4		8	
943	4.7150	3		8	
944	4.7200	2		7	
945	4.7250	2		6	
946	4.7300	1		6	
947	4.7350	0		5	
948	4.7400	-1		4	
949	4.7450	-2		3	
950	4.7500	-2		2	
951	4.7550	-3		2	
952	4.7600	-4		1	
953	4.7650	-4		0	
954	4.7700	-5		0	
955	4.7750	-6		-1	
956	4.7800	-6		-2	
957	4.7850	-7		-3	
958	4.7900	-8		-4	
959	4.7950	-8		-4	
960	4.8000	-9		-5	
961	4.8050	-10		-6	
962	4.8100	-10		-6	
963	4.8150	-11		-7	
964	4.8200	-12		-8	
965	4.8250	-12		-9	
966	4.8300	-13		-9	
967	4.8350	-14		-10	
968	4.8400	-14		-11	
969	4.8450	-15		-12	
970	4.8500	-16		-12	
971	4.8550	-16		-13	
972	4.8600	-16		-14	
973	4.8650	-17		-14	
974	4.8700	-18		-15	
975	4.8750	-18		-16	
976	4.8800	-19		-16	
977	4.8850	-19		-17	
978	4.8900	-20		-18	
979	4.8950	-20		-18	
980	4.9000	-20		-19	
981	4.9050	-21		-19	
982	4.9100	-22		-20	
983	4.9150	-22		-20	
984	4.9200	-22		-21	
985	4.9250	-23		-22	
986	4.9300	-23		-22	
987	4.9350	-24		-22	
988	4.9400	-24		-23	
989	4.9450	-24		-24	
990	4.9500	-25		-24	
991	4.9550	-25		-24	
992	4.9600	-26		-25	
993	4.9650	-26		-25	
994	4.9700	-26		-26	
995	4.9750	-26		-26	
996	4.9800	-26		-27	
997	4.9850	-27		-27	
998	4.9900	-27		-27	
999	4.9950	-27		-28	
1000	5.0000	-28		-28	
1001	5.0050	-28		-28	
1002	5.0100	-28		-29	
1003	5.0150	-28		-29	
1004	5.0200	-28		-29	
1005	5.0250	-28		-30	
1006	5.0300	-28		-30	
1007	5.0350	-28		-30	
1008	5.0400	-28		-30	
1009	5.0450	-28		-30	
1010	5.0500	-28		-31	
1011	5.0550	-28		-31	
1012	5.0600	-28		-31	
1013	5.0650	-28		-31	
1014	5.0700	-28		-31	
1015	5.0750	-28		-31	
1016	5.0800	-28		-31	
1017	5.0850	-28		-31	
1018	5.0900	-28		-31	
1019	5.0950	-28		-31	
1020	5.1000	-28		-31	
1021	5.1050	-28		-31	
1022	5.1100	-28		-31	
1023	5.1150	-28		-31	
1024	5.1200	-27		-31	
1025	5.1250	-27		-31	
1026	5.1300	-26		-31	
1027	5.1350	-26		-31	
1028	5.1400	-26		-31	
1029	5.1450	-26		-31	
1030	5.1500	-25		-30	
1031	5.1550	-25		-30	
1032	5.1600	-24		-30	
1033	5.1650	-24		-30	
1034	5.1700	-24		-30	
1035	5.1750	-24		-29	
1036	5.1800	-23		-29	
1037	5.1850	-23		-29	
1038	5.1900	-22		-28	
1039	5.1950	-22		-28	
1040	5.2000	-22		-28	
1041	5.2050	-21		-27	
1042	5.2100	-20		-27	
1043	5.2150	-20		-27	
1044	5.2200	-20		-26	
1045	5.2250	-19		-26	
1046	5.2300	-18		-25	
1047	5.2350	-18		-25	
1048	5.2400	-17		-24	
1049	5.2450	-16		-24	
1050	5.2500	-16		-24	
1051	5.2550	-16		-23	
1052	5.2600	-15		-23	
1053	5.2650	-14		-22	
1054	5.2700	-14		-22	
1055	5.2750	-13		-21	
1056	5.2800	-12		-20	
1057	5.2850	-12		-20	
1058	5.2900	-11		-19	
1059	5.2950	-10		-19	
1060	5.3000	-10		-18	
1061	5.3050	-9		-18	
1062	5.3100	-8		-17	
1063	5.3150	-8		-16	
1064	5.3200	-7		-16	
1065	5.3250	-6		-15	
1066	5.3300	-5		-14	
1067	5.3350	-4		-14	
1068	5.3400	-4		-13	
1069	5.3450	-3		-12	
1070	5.3500	-2		-12	
1071	5.3550	-2		-11	
1072	5.3600	-1		-10	
1073	5.3650	0		-10	
1074	5.3700	0		-9	
1075	5.3750	1		-8	
1076	5.3800	2		-8	
1077	5.3850	3		-7	
1078	5.3900	4		-6	
1079	5.3950	4		-6	
1080	5.4000	5		-5	
1081	5.4050	6		-4	
1082	5.4100	6		-3	
1083	5.4150	8		-2	
1084	5.4200	8		-2	
1085	5.4250	9		-1	
1086	5.4300	10		0	
1087	5.4350	10		0	
1088	5.4400	11		1	
1089	5.4450	12		2	
1090	5.4500	12		3	
1091	5.4550	13		4	
1092	5.4600	14		4	
1093	5.4650	14		5	
1094	5.4700	16		6	
1095	5.4750	16		6	
1096	5.4800	17		7	
1097	5.4850	18		8	
1098	5.4900	18		9	
1099	5.4950	18		9	
1100	5.5000	19		10	
1101	5.5050	20		11	
1102	5.5100	20		12	
1103	5.5150	21		12	
1104	5.5200	22		13	
1105	5.5250	22		14	
1106	5.5300	23		14	
1107	5.5350	24		15	
1108	5.5400	24		16	
1109	5.5450	25		17	
1110	5.5500	25		17	
1111	5.5550	26		18	
1112	5.5600	26		19	
1113	5.5650	27		19	
1114	5.5700	27		20	
1115	5.5750	28		21	
1116	5.5800	28		21	
1117	5.5850	28		22	
1118	5.5900	29		22	
1119	5.5950	30		23	
1120	5.6000	30		24	
1121	5.6050	30		24	
1122	5.6100	31		25	
1123	5.6150	31		25	
1124	5.6200	32		26	
1125	5.6250	32		26	
1126	5.6300	32		27	
1127	5.6350	32		28	
1128	5.6400	33		28	
1129	5.6450	33		28	
1130	5.6500	34		29	
1131	5.6550	34		29	
1132	5.6600	34		30	
1133	5.6650	34		30	
1134	5.6700	34		31	
1135	5.6750	34		31	
1136	5.6800	34		32	
1137	5.6850	35		32	
1138	5.6900	35		32	
1139	5.6950	35		32	
1140	5.7000	35		33	
1141	5.7050	36		33	
1142	5.7100	36		33	
1143	5.7150	36		34	
1144	5.7200	36		34	
1145	5.7250	36		34	
1146	5.7300	36		34	
1147	5.7350	36		35	
1148	5.7400	36		35	
1149	5.7450	36		35	
1150	5.7500	36		35	
1151	5.7550	36		35	
1152	5.7600	36		35	
1153	5.7650	36		35	
1154	5.7700	36		36	
1155	5.7750	36		36	
1156	5.7800	35		36	
1157	5.7850	35		36	
1158	5.7900	35		36	
1159	5.7950	35		36	
1160	5.8000	34		36	
1161	5.8050	34		36	
1162	5.8100	34		35	
1163	5.8150	34		35	
1164	5.8200	34		35	
1165	5.8250	34		35	
1166	5.8300	33		35	
1167	5.8350	33		35	
1168	5.8400	32		35	
1169	5.8450	32		34	
1170	5.8500	32		34	
1171	5.8550	32		34	
1172	5.8600	31		34	
1173	5.8650	31		33	
1174	5.8700	30		33	
1175	5.8750	30		33	
1176	5.8800	30		32	
1177	5.8850	29		32	
1178	5.8900	29		32	
1179	5.8950	28		31	
1180	5.9000	28		31	
1181	5.9050	27		31	
1182	5.9100	27		30	
1183	5.9150	26		30	
1184	5.9200	26		29	
1185	5.9250	25		29	
1186	5.9300	24		28	
1187	5.9350	24		28	
1188	5.9400	24		28	
1189	5.9450	23		27	
1190	5.9500	22		27	
1191	5.9550	22		26	
1192	5.9600	21		26	
1193	5.9650	20		25	
1194	5.9700	20		24	
1195	5.9750	20		24	
1196	5.9800	19		23	
1197	5.9850	18		23	
1198	5.9900	18		22	
1199	5.9950	17		22	
1200	6.0000	16		21	
1201	6.0050	16		20	
1202	6.0100	15		20	
1203	6.0150	14		19	
1204	6.0200	14		18	
1205	6.0250	13		18	
1206	6.0300	12		17	
1207	6.0350	11		16	
1208	6.0400	10		16	
1209	6.0450	10		15	
1210	6.0500	9		14	
1211	6.0550	8		14	
1212	6.0600	8		13	
1213	6.0650	7		12	
1214	6.0700	6		11	
1215	6.0750	6		11	
1216	6.0800	5		10	
1217	6.0850	4		9	
1218	6.0900	4		8	
1219	6.0950	3		8	
1220	6.1000	2		7	
1221	6.1050	2		6	
1222	6.1100	0		5	
1223	6.1150	0		5	
1224	6.1200	-1		4	
1225	6.1250	-2		3	
1226	6.1300	-2		2	
1227	6.1350	-3		2	
1228	6.1400	-4		1	
1229	6.1450	-4		0	
1230	6.1500	-5		0	
1231	6.1550	-6		-1	
1232	6.1600	-6		-2	
1233	6.1650	-7		-3	
1234	6.1700	-8		-4	
1235	6.1750	-8		-4	
1236	6.1800	-9		-5	
1237	6.1850	-10		-6	
1238	6.1900	-10		-6	
1239	6.1950	-11		-7	
1240	6.2000	-12		-8	
1241	6.2050	-12		-9	
1242	6.2100	-13		-9	
1243	6.2150	-14		-10	
1244	6.2200	-14		-11	
1245	6.2250	-15		-11	
1246	6.2300	-16		-12	
1247	6.2350	-16		-13	
1248	6.2400	-16		-13	
1249	6.2450	-17		-14	
1250	6.2500	-18		-15	
1251	6.2550	-18		-15	
1252	6.2600	-19		-16	
1253	6.2650	-19		-17	
1254	6.2700	-20		-17	
1255	6.2750	-20		-18	
1256	6.2800	-21		-18	
1257	6.2850	-21		-19	
1258	6.2900	-22		-20	
1259	6.2950	-22		-20	
1260	6.3000	-22		-21	
1261	6.3050	-23		-21	
1262	6.3100	-24		-22	
1263	6.3150	-24		-22	
1264	6.3200	-24		-23	
1265	6.3250	-24		-23	
1266	6.3300	-25		-24	
1267	6.3350	-25		-24	
1268	6.3400	-26		-25	
1269	6.3450	-26		-25	
1270	6.3500	-26		-26	
1271	6.3550	-26		-26	
1272	6.3600	-26		-26	
1273	6.3650	-27		-27	
1274	6.3700	-27		-27	
1275	6.3750	-27		-27	
1276	6.3800	-28		-28	
1277	6.3850	-28		-28	
1278	6.3900	-28		-28	
1279	6.3950	-28		-29	
1280	6.4000	-28		-29	
1281	6.4050	-28		-29	
1282	6.4100	-28		-30	
1283	6.4150	-28		-30	
1284	6.4200	-28		-30	
1285	6.4250	-28		-30	
1286	6.4300	-28		-30	
1287	6.4350	-28		-30	
1288	6.4400	-28		-30	
1289	6.4450	-28		-31	
1290	6.4500	-28		-31	
1291	6.4550	-28		-31	
1292	6.4600	-28		-31	
1293	6.4650	-28		-31	
1294	6.4700	-28		-31	
1295	6.4750	-28		-31	
1296	6.4800	-28		-31	
1297	6.4850	-28		-31	
1298	6.4900	-28		-31	
1299	6.4950	-28		-31	
1300	6.5000	-27		-31	
1301	6.5050	-27		-31	
1302	6.5100	-26		-31	
1303	6.5150	-26		-31	
1304	6.5200	-26		-30	
1305	6.5250	-26		-30	
1306	6.5300	-25		-30	
1307	6.5350	-25		-30	
1308	6.5400	-24		-30	
1309	6.5450	-24		-30	
1310	6.5500	-24		-29	
1311	6.5550	-24		-29	
1312	6.5600	-23		-29	
1313	6.5650	-23		-28	
1314	6.5700	-22		-28	
1315	6.5750	-22		-28	
1316	6.5800	-22		-28	
1317	6.5850	-21		-27	
1318	6.5900	-20		-27	
1319	6.5950	-20		-26	
1320	6.6000	-19		-26	
1321	6.6050	-19		-26	
1322	6.6100	-18		-25	
1323	6.6150	-18		-25	
1324	6.6200	-17		-24	
1325	6.6250	-16		-24	
1326	6.6300	-16		-23	
1327	6.6350	-15		-23	
1328	6.6400	-15		-22	
1329	6.6450	-14		-22	
1330	6.6500	-14		-22	
1331	6.6550	-13		-21	
1332	6.6600	-12		-20	
1333	6.6650	-12		-20	
1334	6.6700	-11		-19	
1335	6.6750	-10		-19	
1336	6.6800	-10		-18	
1337	6.6850	-9		-18	
1338	6.6900	-8		-17	
1339	6.6950	-8		-16	
1340	6.7000	-7		-16	
1341	6.7050	-6		-15	
1342	6.7100	-5		-14	
1343	6.7150	-4		-14	
1344	6.7200	-4		-13	
1345	6.7250	-3		-12	
1346	6.7300	-2		-12	
1347	6.7350	-2		-11	
1348	6.7400	-1		-10	
1349	6.7450	0		-10	
1350	6.7500	0		-9	
1351	6.7550	2		-8	
1352	6.7600	2		-8	
1353	6.7650	3		-7	
1354	6.7700	4		-6	
1355	6.7750	4		-6	
1356	6.7800	5		-5	
1357	6.7850	6		-4	
1358	6.7900	7		-3	
1359	6.7950	8		-3	
1360	6.8000	8		-2	
1361	6.8050	9		-1	
1362	6.8100	10		0	
1363	6.8150	10		0	
1364	6.8200	11		1	
1365	6.8250	12		2	
1366	6.8300	12		3	
1367	6.8350	13		3	
1368	6.8400	14		4	
1369	6.8450	15		5	
1370	6.8500	16		6	
1371	6.8550	16		6	
1372	6.8600	17		7	
1373	6.8650	18		8	
1374	6.8700	18		8	
1375	6.8750	19		9	
1376	6.8800	19		10	
1377	6.8850	20		11	
1378	6.8900	20		11	
1379	6.8950	21		12	
1380	6.9000	22		13	
1381	6.9050	22		14	
1382	6.9100	23		14	
1383	6.9150	24		15	
1384	6.9200	24		16	
1385	6.9250	25		16	
1386	6.9300	26		17	
1387	6.9350	26		18	
1388	6.9400	26		18	
1389	6.9450	27		19	
1390	6.9500	28		20	
1391	6.9550	28		20	
1392	6.9600	28		21	
1393	6.9650	28		22	
1394	6.9700	29		22	
1395	6.9750	30		23	
1396	6.9800	30		23	
1397	6.9850	30		24	
1398	6.9900	31		25	
1399	6.9950	31		25	
1400	7.0000	32		26	
1401	7.0050	32		26	
1402	7.0100	32		27	
1403	7.0150	32		27	
1404	7.0200	33		28	
1405	7.0250	33		28	
1406	7.0300	34		29	
1407	7.0350	34		29	
1408	7.0400	34		30	
1409	7.0450	34		30	
1410	7.0500	34		31	
1411	7.0550	34		31	
1412	7.0600	34		31	
1413	7.0650	35		32	
1414	7.0700	35		32	
1415	7.0750	35		32	
1416	7.0800	35		33	
1417	7.0850	36		33	
1418	7.0900	36		33	
1419	7.0950	36		34	
1420	7.1000	36		34	
1421	7.1050	36		34	
1422	7.1100	36		34	
1423	7.1150	36		34	
1424	7.1200	36		35	
1425	7.1250	36		35	
1426	7.1300	36		35	
1427	7.1350	36		35	
1428	7.1400	36		35	
1429	7.1450	36		35	
1430	7.1500	36		35	
1431	7.1550	36		36	
1432	7.1600	35		36	
1433	7.1650	35		36	
1434	7.1700	35		36	
1435	7.1750	35		36	
1436	7.1800	34		36	
1437	7.1850	34		36	
1438	7.1900	34		35	
1439	7.1950	34		35	
1440	7.2000	34		35	
1441	7.2050	34		35	
1442	7.2100	33		35	
1443	7.2150	33		35	
1444	7.2200	32		35	
1445	7.2250	32		34	
1446	7.2300	32		34	
1447	7.2350	32		34	
1448	7.2400	31		34	
1449	7.2450	31		34	
1450	7.2500	30		33	
1451	7.2550	30		33	
1452	7.2600	30		32	
1453	7.2650	29		32	
1454	7.2700	29		32	
1455	7.2750	28		32	
1456	7.2800	28		31	
1457	7.2850	27		31	
1458	7.2900	27		30	
1459	7.2950	26		30	
1460	7.3000	26		30	
1461	7.3050	25		29	
1462	7.3100	24		29	
1463	7.3150	24		28	
1464	7.3200	24		28	
1465	7.3250	23		27	
1466	7.3300	22		27	
1467	7.3350	22		26	
1468	7.3400	21		26	
1469	7.3450	20		25	
1470	7.3500	20		24	
1471	7.3550	19		24	
1472	7.3600	18		23	
1473	7.3650	18		23	
1474	7.3700	18		22	
1475	7.3750	17		22	
1476	7.3800	16		21	
1477	7.3850	16		20	
1478	7.3900	15		20	
1479	7.3950	14		19	
1480	7.4000	14		18	
1481	7.4050	12		18	
1482	7.4100	12		17	
1483	7.4150	11		16	
1484	7.4200	10		16	
1485	7.4250	10		15	
1486	7.4300	9		14	
1487	7.4350	8		14	
1488	7.4400	8		13	
1489	7.4450	7		12	
1490	7.4500	6		11	
1491	7.4550	6		11	
1492	7.4600	5		10	
1493	7.4650	4		9	
1494	7.4700	4		8	
1495	7.4750	3		8	
1496	7.4800	2		7	
1497	7.4850	2		6	
1498	7.4900	0		6	
1499	7.4950	0		5	
1500	7.5000	-1		4	
1501	7.5050	-2		3	
1502	7.5100	-2		2	
1503	7.5150	-3		2	
1504	7.5200	-4		1	
1505	7.5250	-4		0	
1506	7.5300	-5		0	
1507	7.5350	-6		-1	
1508	7.5400	-6		-2	
1509	7.5450	-7		-3	
1510	7.5500	-8		-4	
1511	7.5550	-8		-4	
1512	7.5600	-9		-5	
1513	7.5650	-10		-6	
1514	7.5700	-10		-6	
1515	7.5750	-11		-7	
1516	7.5800	-12		-8	
1517	7.5850	-12		-8	
1518	7.5900	-13		-9	
1519	7.5950	-14		-10	
1520	7.6000	-14		-11	
1521	7.6050	-15		-11	
1522	7.6100	-16		-12	
1523	7.6150	-16		-13	
1524	7.6200	-17		-14	
1525	7.6250	-17		-14	
1526	7.6300	-18		-15	
1527	7.6350	-18		-16	
1528	7.6400	-19		-16	
1529	7.6450	-19		-17	
1530	7.6500	-20		-17	
1531	7.6550	-20		-18	
1532	7.6600	-21		-18	
1533	7.6650	-21		-19	
1534	7.6700	-22		-20	
1535	7.6750	-22		-20	
1536	7.6800	-22		-21	
1537	7.6850	-23		-21	
1538	7.6900	-24		-22	
1539	7.6950	-24		-22	
1540	7.7000	-24		-23	
1541	7.7050	-24		-23	
1542	7.7100	-25		-24	
1543	7.7150	-25		-24	
1544	7.7200	-26		-25	
1545	7.7250	-26		-25	
1546	7.7300	-26		-26	
1547	7.7350	-26		-26	
1548	7.7400	-26		-26	
1549	7.7450	-27		-27	
1550	7.7500	-27		-27	
1551	7.7550	-27		-28	
1552	7.7600	-28		-28	
1553	7.7650	-28		-28	
1554	7.7700	-28		-28	
1555	7.7750	-28		-29	
1556	7.7800	-28		-29	
1557	7.7850	-28		-29	
1558	7.7900	-28		-30	
1559	7.7950	-28		-30	
1560	7.8000	-28		-30	
1561	7.8050	-28		-30	
1562	7.8100	-28		-30	
1563	7.8150	-28		-30	
1564	7.8200	-28		-31	
1565	7.8250	-28		-31	
1566	7.8300	-28		-31	
1567	7.8350	-28		-31	
1568	7.8400	-28		-31	
1569	7.8450	-28		-31	
1570	7.8500	-28		-31	
1571	7.8550	-28		-31	
1572	7.8600	-28		-31	
1573	7.8650	-28		-31	
1574	7.8700	-28		-31	
1575	7.8750	-27		-31	
1576	7.8800	-27		-31	
1577	7.8850	-27		-31	
1578	7.8900	-26		-31	
1579	7.8950	-26		-31	
1580	7.9000	-26		-30	
1581	7.9050	-26		-30	
1582	7.9100	-25		-30	
1583	7.9150	-25		-30	
1584	7.9200	-24		-30	
1585	7.9250	-24		-30	
1586	7.9300	-24		-29	
1587	7.9350	-24		-29	
1588	7.9400	-23		-29	
1589	7.9450	-23		-28	
1590	7.9500	-22		-28	
1591	7.9550	-22		-28	
1592	7.9600	-21		-28	
1593	7.9650	-21		-27	
1594	7.9700	-20		-27	
1595	7.9750	-20		-26	
1596	7.9800	-19		-26	
1597	7.9850	-19		-26	
1598	7.9900	-18		-25	
1599	7.9950	-18		-25	
1600	8.0000	-17		-24	
1601	8.0050	-16		-24	
1602	8.0100	-16		-23	
1603	8.0150	-15		-23	
1604	8.0200	-14		-22	
1605	8.0250	-14		-22	
1606	8.0300	-14		-21	
1607	8.0350	-13		-21	
1608	8.0400	-12		-20	
1609	8.0450	-12		-20	
1610	8.0500	-11		-19	
1611	8.0550	-10		-19	
1612	8.0600	-10		-18	
1613	8.0650	-9		-18	
1614	8.0700	-8		-17	
1615	8.0750	-8		-16	
1616	8.0800	-6		-16	
1617	8.0850	-6		-15	
1618	8.0900	-5		-14	
1619	8.0950	-4		-14	
1620	8.1000	-4		-13	
1621	8.1050	-3		-12	
1622	8.1100	-2		-12	
1623	8.1150	-2		-11	
1624	8.1200	-1		-10	
1625	8.1250	0		-10	
1626	8.1300	0		-9	
1627	8.1350	2		-8	
1628	8.1400	2		-8	
1629	8.1450	3		-7	
1630	8.1500	4		-6	
1631	8.1550	4		-6	
1632	8.1600	5		-5	
1633	8.1650	6		-4	
1634	8.1700	7		-3	
1635	8.1750	8		-3	
1636	8.1800	8		-2	
1637	8.1850	9		-1	
1638	8.1900	10		0	
1639	8.1950	10		0	
1640	8.2000	11		1	
1641	8.2050	12		2	
1642	8.2100	12		3	
1643	8.2150	13		3	
1644	8.2200	14		4	
1645	8.2250	15		5	
1646	8.2300	16		6	
1647	8.2350	16		6	
1648	8.2400	17		7	
1649	8.2450	18		8	
1650	8.2500	18		9	
1651	8.2550	19		9	
1652	8.2600	20		10	
1653	8.2650	20		11	
1654	8.2700	20		12	
1655	8.2750	21		12	
1656	8.2800	22		13	
1657	8.2850	22		14	
1658	8.2900	23		14	
1659	8.2950	24		15	
1660	8.3000	24		16	
1661	8.3050	25		16	
1662	8.3100	26		17	
1663	8.3150	26		18	
1664	8.3200	26		18	
1665	8.3250	27		19	
1666	8.3300	28		20	
1667	8.3350	28		20	
1668	8.3400	28		21	
1669	8.3450	29		22	
1670	8.3500	29		22	
1671	8.3550	30		23	
1672	8.3600	30		24	
1673	8.3650	30		24	
1674	8.3700	31		25	
1675	8.3750	31		25	
1676	8.3800	32		26	
1677	8.3850	32		26	
1678	8.3900	32		27	
1679	8.3950	32		27	
1680	8.4000	33		28	
1681	8.4050	33		28	
1682	8.4100	34		29	
1683	8.4150	34		29	
1684	8.4200	34		30	
1685	8.4250	34		30	
1686	8.4300	34		31	
1687	8.4350	34		31	
1688	8.4400	34		31	
1689	8.4450	35		32	
1690	8.4500	35		32	
1691	8.4550	35		32	
1692	8.4600	35		33	
1693	8.4650	36		33	
1694	8.4700	36		33	
1695	8.4750	36		34	
1696	8.4800	36		34	
1697	8.4850	36		34	
1698	8.4900	36		34	
1699	8.4950	36		34	
1700	8.5000	36		35	
1701	8.5050	36		35	
1702	8.5100	36		35	
1703	8.5150	36		35	
1704	8.5200	36		35	
1705	8.5250	36		35	
1706	8.5300	36		35	
1707	8.5350	36		36	
1708	8.5400	35		36	
1709	8.5450	35		36	
1710	8.5500	35		36	
1711	8.5550	35		36	
1712	8.5600	34		36	
1713	8.5650	34		36	
1714	8.5700	34		35	
1715	8.5750	34		35	
1716	8.5800	34		35	
1717	8.5850	34		35	
1718	8.5900	33		35	
1719	8.5950	33		35	
1720	8.6000	32		35	
1721	8.6050	32		34	
1722	8.6100	32		34	
1723	8.6150	32		34	
1724	8.6200	31		34	
1725	8.6250	31		33	
1726	8.6300	30		33	
1727	8.6350	30		33	
1728	8.6400	30		32	
1729	8.6450	29		32	
1730	8.6500	28		32	
1731	8.6550	28		32	
1732	8.6600	28		31	
1733	8.6650	27		31	
1734	8.6700	26		30	
1735	8.6750	26		30	
1736	8.6800	26		30	
1737	8.6850	25		29	
1738	8.6900	24		29	
1739	8.6950	24		28	
1740	8.7000	24		28	
1741	8.7050	23		27	
1742	8.7100	22		27	
1743	8.7150	22		26	
1744	8.7200	21		26	
1745	8.7250	20		25	
1746	8.7300	20		24	
1747	8.7350	19		24	
1748	8.7400	18		23	
1749	8.7450	18		23	
1750	8.7500	17		22	
1751	8.7550	16		22	
1752	8.7600	16		21	
1753	8.7650	16		20	
1754	8.7700	15		20	
1755	8.7750	14		19	
1756	8.7800	14		18	
1757	8.7850	12		18	
1758	8.7900	12		17	
1759	8.7950	11		16	
1760	8.8000	10		16	
1761	8.8050	10		15	
1762	8.8100	9		14	
1763	8.8150	8		14	
1764	8.8200	8		13	
1765	8.8250	7		12	
1766	8.8300	6		11	
1767	8.8350	6		11	
1768	8.8400	5		10	
1769	8.8450	4		9	
1770	8.8500	4		8	
1771	8.8550	2		8	
1772	8.8600	2		7	
1773	8.8650	1		6	
1774	8.8700	0		6	
1775	8.8750	0		5	
1776	8.8800	-1		4	
1777	8.8850	-2		3	
1778	8.8900	-2		2	
1779	8.8950	-3		2	
1780	8.9000	-4		1	
1781	8.9050	-4		0	
1782	8.9100	-5		0	
1783	8.9150	-6		-1	
1784	8.9200	-6		-2	
1785	8.9250	-7		-3	
1786	8.9300	-8		-4	
1787	8.9350	-8		-4	
1788	8.9400	-9		-5	
1789	8.9450	-10		-6	
1790	8.9500	-10		-6	
1791	8.9550	-11		-7	
1792	8.9600	-12		-8	
1793	8.9650	-12		-8	
1794	8.9700	-13		-9	
1795	8.9750	-14		-10	
1796	8.9800	-14		-11	
1797	8.9850	-15		-11	
1798	8.9900	-16		-12	
1799	8.9950	-16		-13	
1800	9.0000	-17		-13	
1801	9.0050	-17		-14	
1802	9.0100	-18		-15	
1803	9.0150	-18		-15	
1804	9.0200	-19		-16	
1805	9.0250	-20		-17	
1806	9.0300	-20		-17	
1807	9.0350	-20		-18	
1808	9.0400	-21		-18	
1809	9.0450	-21		-19	
1810	9.0500	-22		-20	
1811	9.0550	-22		-20	
1812	9.0600	-22		-21	
1813	9.0650	-23		-21	
1814	9.0700	-24		-22	
1815	9.0750	-24		-22	
1816	9.0800	-24		-23	
1817	9.0850	-24		-23	
1818	9.0900	-25		-24	
1819	9.0950	-25		-24	
1820	9.1000	-26		-25	
1821	9.1050	-26		-25	
1822	9.1100	-26		-26	
1823	9.1150	-26		-26	
1824	9.1200	-26		-26	
1825	9.1250	-27		-27	
1826	9.1300	-27		-27	
1827	9.1350	-27		-28	
1828	9.1400	-28		-28	
1829	9.1450	-28		-28	
1830	9.1500	-28		-28	
1831	9.1550	-28		-29	
1832	9.1600	-28		-29	
1833	9.1650	-28		-29	
1834	9.1700	-28		-30	
1835	9.1750	-28		-30	
1836	9.1800	-28		-30	
1837	9.1850	-28		-30	
1838	9.1900	-28		-30	
1839	9.1950	-28		-30	
1840	9.2000	-28		-31	
1841	9.2050	-28		-31	
1842	9.2100	-28		-31	
1843	9.2150	-28		-31	
1844	9.2200	-28		-31	
1845	9.2250	-28		-31	
1846	9.2300	-28		-31	
1847	9.2350	-28		-31	
1848	9.2400	-28		-31	
1849	9.2450	-28		-31	
1850	9.2500	-28		-31	
1851	9.2550	-27		-31	
1852	9.2600	-27		-31	
1853	9.2650	-27		-31	
1854	9.2700	-26		-31	
1855	9.2750	-26		-31	
1856	9.2800	-26		-31	
1857	9.2850	-26		-30	
1858	9.2900	-25		-30	
1859	9.2950	-25		-30	
1860	9.3000	-24		-30	
1861	9.3050	-24		-30	
1862	9.3100	-24		-29	
1863	9.3150	-24		-29	
1864	9.3200	-23		-29	
1865	9.3250	-22		-28	
1866	9.3300	-22		-28	
1867	9.3350	-22		-28	
1868	9.3400	-21		-28	
1869	9.3450	-21		-27	
1870	9.3500	-20		-27	
1871	9.3550	-20		-26	
1872	9.3600	-19		-26	
1873	9.3650	-18		-26	
1874	9.3700	-18		-25	
1875	9.3750	-18		-25	
1876	9.3800	-17		-24	
1877	9.3850	-16		-24	
1878	9.3900	-16		-24	
1879	9.3950	-15		-23	
1880	9.4000	-15		-23	
1881	9.4050	-14		-22	
1882	9.4100	-14		-22	
1883	9.4150	-13		-21	
1884	9.4200	-12		-20	
1885	9.4250	-12		-20	
1886	9.4300	-11		-19	
1887	9.4350	-10		-19	
1888	9.4400	-10		-18	
1889	9.4450	-9		-18	
1890	9.4500	-8		-17	
1891	9.4550	-7		-16	
1892	9.4600	-6		-16	
1893	9.4650	-6		-15	
1894	9.4700	-5		-14	
1895	9.4750	-4		-14	
1896	9.4800	-4		-13	
1897	9.4850	-3		-12	
1898	9.4900	-2		-12	
1899	9.4950	-2		-11	
1900	9.5000	-1		-10	
1901	9.5050	0		-10	
1902	9.5100	1		-9	
1903	9.5150	2		-8	
1904	9.5200	2		-8	
1905	9.5250	3		-7	
1906	9.5300	4		-6	
1907	9.5350	4		-6	
1908	9.5400	6		-5	
1909	9.5450	6		-4	
1910	9.5500	7		-3	
1911	9.5550	8		-3	
1912	9.5600	8		-2	
1913	9.5650	9		-1	
1914	9.5700	10		0	
1915	9.5750	10		0	
1916	9.5800	11		1	
1917	9.5850	12		2	
1918	9.5900	12		3	
1919	9.5950	13		3	
1920	9.6000	14		4	
1921	9.6050	15		5	
1922	9.6100	16		6	
1923	9.6150	16		6	
1924	9.6200	17		7	
1925	9.6250	18		8	
1926	9.6300	18		9	
1927	9.6350	19		9	
1928	9.6400	20		10	
1929	9.6450	20		11	
1930	9.6500	21		12	
1931	9.6550	22		12	
1932	9.6600	22		13	
1933	9.6650	22		14	
1934	9.6700	23		14	
1935	9.6750	24		15	
1936	9.6800	24		16	
1937	9.6850	25		16	
1938	9.6900	26		17	
1939	9.6950	26		18	
1940	9.7000	26		19	
1941	9.7050	27		19	
1942	9.7100	28		20	
1943	9.7150	28		21	
1944	9.7200	28		21	
1945	9.7250	29		22	
1946	9.7300	29		22	
1947	9.7350	30		23	
1948	9.7400	30		24	
1949	9.7450	30		24	
1950	9.7500	31		25	
1951	9.7550	31		25	
1952	9.7600	32		26	
1953	9.7650	32		26	
1954	9.7700	32		27	
1955	9.7750	32		27	
1956	9.7800	33		28	
1957	9.7850	33		28	
1958	9.7900	34		29	
1959	9.7950	34		29	
1960	9.8000	34		30	
1961	9.8050	34		30	
1962	9.8100	34		31	
1963	9.8150	34		31	
1964	9.8200	34		32	
1965	9.8250	35		32	
1966	9.8300	35		32	
1967	9.8350	35		32	
1968	9.8400	35		33	
1969	9.8450	36		33	
1970	9.8500	36		33	
1971	9.8550	36		34	
1972	9.8600	36		34	
1973	9.8650	36		34	
1974	9.8700	36		34	
1975	9.8750	36		35	
1976	9.8800	36		35	
1977	9.8850	36		35	
1978	9.8900	36		35	
1979	9.8950	36		35	
1980	9.9000	36		35	
1981	9.9050	36		36	
1982	9.9100	36		36	
1983	9.9150	36		36	
1984	9.9200	35		36	
1985	9.9250	35		36	
1986	9.9300	35		36	
1987	9.9350	35		36	
1988	9.9400	34		36	
1989	9.9450	34		36	
1990	9.9500	34		36	
1991	9.9550	34		35	
1992	9.9600	34		35	
1993	9.9650	34		35	
1994	9.9700	33		35	
1995	9.9750	33		35	
1996	9.9800	32		35	
1997	9.9850	32		34	
1998	9.9900	32		34	
1999	9.9950	32		34	
2000	10.0000	31		34	
