#	time(s)	count A	count B	count C	count D
1	0.0050	8		1	
2	0.0100	8		0	
3	0.0150	9		0	
4	0.0200	10		0	
5	0.0250	10		-1	
6	0.0300	11		-1	
7	0.0350	12		-2	
8	0.0400	12		-2	
9	0.0450	13		-2	
10	0.0500	13		-3	
11	0.0550	14		-3	
12	0.0600	14		-4	
13	0.0650	15		-4	
14	0.0700	16		-4	
15	0.0750	16		-4	
16	0.0800	16		-4	
17	0.0850	17		-5	
18	0.0900	18		-5	
19	0.0950	18		-5	
20	0.1000	18		-5	
21	0.1050	19		-6	
22	0.1100	19		-6	
23	0.1150	20		-6	
24	0.1200	20		-6	
25	0.1250	20		-6	
26	0.1300	20		-6	
27	0.1350	21		-6	
28	0.1400	21		-6	
29	0.1450	21		-6	
30	0.1500	22		-6	
31	0.1550	22		-6	
32	0.1600	22		-6	
33	0.1650	22		-6	
34	0.1700	22		-6	
35	0.1750	22		-6	
36	0.1800	22		-6	
37	0.1850	22		-6	
38	0.1900	22		-6	
39	0.1950	22		-6	
40	0.2000	22		-5	
41	0.2050	22		-5	
42	0.2100	22		-5	
43	0.2150	22		-5	
44	0.2200	22		-4	
45	0.2250	22		-4	
46	0.2300	22		-4	
47	0.2350	21		-4	
48	0.2400	21		-3	
49	0.2450	21		-3	
50	0.2500	20		-3	
51	0.2550	20		-2	
52	0.2600	20		-2	
53	0.2650	20		-2	
54	0.2700	19		-1	
55	0.2750	19		-1	
56	0.2800	18		0	
57	0.2850	18		0	
58	0.2900	18		0	
59	0.2950	17		1	
60	0.3000	17		1	
61	0.3050	16		2	
62	0.3100	16		2	
63	0.3150	15		3	
64	0.3200	14		3	
65	0.3250	14		4	
66	0.3300	14		4	
67	0.3350	13		4	
68	0.3400	12		5	
69	0.3450	12		6	
70	0.3500	11		6	
71	0.3550	10		6	
72	0.3600	10		7	
73	0.3650	9		7	
74	0.3700	9		8	
75	0.3750	8		8	
76	0.3800	8		9	
77	0.3850	7		9	
78	0.3900	6		10	
79	0.3950	6		10	
80	0.4000	5		10	
81	0.4050	4		11	
82	0.4100	4		11	
83	0.4150	3		12	
84	0.4200	2		12	
85	0.4250	2		12	
86	0.4300	1		13	
87	0.4350	1		13	
88	0.4400	0		14	
89	0.4450	0		14	
90	0.4500	-1		14	
91	0.4550	-1		14	
92	0.4600	-2		14	
93	0.4650	-2		15	
94	0.4700	-3		15	
95	0.4750	-3		15	
96	0.4800	-4		16	
97	0.4850	-4		16	
98	0.4900	-5		16	
99	0.4950	-5		16	
100	0.5000	-6		16	
101	0.5050	-6		16	
102	0.5100	-6		16	
103	0.5150	-6		16	
104	0.5200	-7		16	
105	0.5250	-7		16	
106	0.5300	-7		16	
107	0.5350	-8		16	
108	0.5400	-8		16	
109	0.5450	-8		16	
110	0.5500	-8		16	
111	0.5550	-8		16	
112	0.5600	-8		16	
113	0.5650	-8		16	
114	0.5700	-8		16	
115	0.5750	-8		16	
116	0.5800	-8		16	
117	0.5850	-8		15	
118	0.5900	-8		15	
119	0.5950	-8		15	
120	0.6000	-8		14	
121	0.6050	-8		14	
122	0.6100	-8		14	
123	0.6150	-8		14	
124	0.6200	-8		14	
125	0.6250	-8		13	
126	0.6300	-7		13	
127	0.6350	-7		12	
128	0.6400	-6		12	
129	0.6450	-6		12	
130	0.6500	-6		12	
131	0.6550	-6		11	
132	0.6600	-5		11	
133	0.6650	-5		10	
134	0.6700	-4		10	
135	0.6750	-4		10	
136	0.6800	-3		9	
137	0.6850	-3		9	
138	0.6900	-2		8	
139	0.6950	-2		8	
140	0.7000	-1		7	
141	0.7050	-1		7	
142	0.7100	0		6	
143	0.7150	0		6	
144	0.7200	1		6	
145	0.7250	2		5	
146	0.7300	2		4	
147	0.7350	3		4	
148	0.7400	3		4	
149	0.7450	4		3	
150	0.7500	5		3	
151	0.7550	5		2	
152	0.7600	6		2	
153	0.7650	6		2	
154	0.7700	7		1	
155	0.7750	8		0	
156	0.7800	8		0	
157	0.7850	9		0	
158	0.7900	10		0	
159	0.7950	10		-1	
160	0.8000	11		-2	
161	0.8050	12		-2	
162	0.8100	12		-2	
163	0.8150	13		-2	
164	0.8200	13		-3	
165	0.8250	14		-3	
166	0.8300	14		-4	
167	0.8350	15		-4	
168	0.8400	16		-4	
169	0.8450	16		-4	
170	0.8500	16		-4	
171	0.8550	17		-5	
172	0.8600	18		-5	
173	0.8650	18		-5	
174	0.8700	18		-6	
175	0.8750	18		-6	
176	0.8800	19		-6	
177	0.8850	19		-6	
178	0.8900	20		-6	
179	0.8950	20		-6	
180	0.9000	20		-6	
181	0.9050	21		-6	
182	0.9100	21		-6	
183	0.9150	21		-6	
184	0.9200	22		-6	
185	0.9250	22		-6	
186	0.9300	22		-6	
187	0.9350	22		-6	
188	0.9400	22		-6	
189	0.9450	22		-6	
190	0.9500	22		-6	
191	0.9550	22		-6	
192	0.9600	22		-6	
193	0.9650	22		-6	
194	0.9700	22		-5	
195	0.9750	22		-5	
196	0.9800	22		-5	
197	0.9850	22		-5	
198	0.9900	22		-4	
199	0.9950	22		-4	
200	1.0000	22		-4	
201	1.0050	22		-4	
202	1.0100	21		-3	
203	1.0150	21		-3	
204	1.0200	20		-2	
205	1.0250	20		-2	
206	1.0300	20		-2	
207	1.0350	20		-2	
208	1.0400	19		-1	
209	1.0450	19		-1	
210	1.0500	18		0	
211	1.0550	18		0	
212	1.0600	18		0	
213	1.0650	17		1	
214	1.0700	17		2	
215	1.0750	16		2	
216	1.0800	16		2	
217	1.0850	15		3	
218	1.0900	15		3	
219	1.0950	14		4	
220	1.1000	14		4	
221	1.1050	13		5	
222	1.1100	12		5	
223	1.1150	12		6	
224	1.1200	11		6	
225	1.1250	10		6	
226	1.1300	10		7	
227	1.1350	9		8	
228	1.1400	9		8	
229	1.1450	8		8	
230	1.1500	8		9	
231	1.1550	7		9	
232	1.1600	6		10	
233	1.1650	6		10	
234	1.1700	5		10	
235	1.1750	4		11	
236	1.1800	4		11	
237	1.1850	3		12	
238	1.1900	2		12	
239	1.1950	2		12	
240	1.2000	1		13	
241	1.2050	1		13	
242	1.2100	0		14	
243	1.2150	0		14	
244	1.2200	-1		14	
245	1.2250	-1		14	
246	1.2300	-2		15	
247	1.2350	-2		15	
248	1.2400	-3		15	
249	1.2450	-3		16	
250	1.2500	-4		16	
251	1.2550	-4		16	
252	1.2600	-5		16	
253	1.2650	-5		16	
254	1.2700	-6		16	
255	1.2750	-6		16	
256	1.2800	-6		16	
257	1.2850	-6		16	
258	1.2900	-7		16	
259	1.2950	-7		16	
260	1.3000	-7		16	
261	1.3050	-8		16	
262	1.3100	-8		16	
263	1.3150	-8		16	
264	1.3200	-8		16	
265	1.3250	-8		16	
266	1.3300	-8		16	
267	1.3350	-8		16	
268	1.3400	-8		16	
269	1.3450	-8		16	
270	1.3500	-8		16	
271	1.3550	-8		15	
272	1.3600	-8		15	
273	1.3650	-8		15	
274	1.3700	-8		15	
275	1.3750	-8		14	
276	1.3800	-8		14	
277	1.3850	-8		14	
278	1.3900	-8		14	
279	1.3950	-8		13	
280	1.4000	-7		13	
281	1.4050	-7		12	
282	1.4100	-6		12	
283	1.4150	-6		12	
284	1.4200	-6		12	
285	1.4250	-6		11	
286	1.4300	-5		11	
287	1.4350	-5		10	
288	1.4400	-4		10	
289	1.4450	-4		10	
290	1.4500	-3		9	
291	1.4550	-3		8	
292	1.4600	-2		8	
293	1.4650	-2		8	
294	1.4700	-2		7	
295	1.4750	-1		7	
296	1.4800	0		6	
297	1.4850	0		6	
298	1.4900	1		6	
299	1.4950	2		5	
300	1.5000	2		4	
301	1.5050	3		4	
302	1.5100	3		4	
303	1.5150	4		3	
304	1.5200	4		3	
305	1.5250	5		2	
306	1.5300	6		2	
307	1.5350	6		1	
308	1.5400	7		1	
309	1.5450	8		0	
310	1.5500	8		0	
311	1.5550	9		0	
312	1.5600	10		-1	
313	1.5650	10		-1	
314	1.5700	11		-2	
315	1.5750	11		-2	
316	1.5800	12		-2	
317	1.5850	12		-3	
318	1.5900	13		-3	
319	1.5950	14		-3	
320	1.6000	14		-4	
321	1.6050	15		-4	
322	1.6100	16		-4	
323	1.6150	16		-4	
324	1.6200	16		-5	
325	1.6250	17		-5	
326	1.6300	17		-5	
327	1.6350	18		-6	
328	1.6400	18		-6	
329	1.6450	18		-6	
330	1.6500	19		-6	
331	1.6550	19		-6	
332	1.6600	20		-6	
333	1.6650	20		-6	
334	1.6700	20		-6	
335	1.6750	20		-6	
336	1.6800	21		-6	
337	1.6850	21		-6	
338	1.6900	21		-6	
339	1.6950	22		-6	
340	1.7000	22		-6	
341	1.7050	22		-6	
342	1.7100	22		-6	
343	1.7150	22		-6	
344	1.7200	22		-6	
345	1.7250	22		-6	
346	1.7300	22		-6	
347	1.7350	22		-6	
348	1.7400	22		-6	
349	1.7450	22		-5	
350	1.7500	22		-5	
351	1.7550	22		-5	
352	1.7600	22		-4	
353	1.7650	22		-4	
354	1.7700	22		-4	
355	1.7750	21		-4	
356	1.7800	21		-4	
357	1.7850	21		-3	
358	1.7900	20		-3	
359	1.7950	20		-2	
360	1.8000	20		-2	
361	1.8050	20		-2	
362	1.8100	19		-1	
363	1.8150	19		-1	
364	1.8200	18		0	
365	1.8250	18		0	
366	1.8300	18		0	
367	1.8350	17		1	
368	1.8400	16		1	
369	1.8450	16		2	
370	1.8500	16		2	
371	1.8550	15		3	
372	1.8600	14		3	
373	1.8650	14		4	
374	1.8700	14		4	
375	1.8750	13		4	
376	1.8800	12		5	
377	1.8850	12		6	
378	1.8900	11		6	
379	1.8950	10		6	
380	1.9000	10		7	
381	1.9050	9		8	
382	1.9100	9		8	
383	1.9150	8		8	
384	1.9200	8		9	
385	1.9250	7		9	
386	1.9300	6		10	
387	1.9350	6		10	
388	1.9400	5		10	
389	1.9450	4		11	
390	1.9500	4		12	
391	1.9550	3		12	
392	1.9600	2		12	
393	1.9650	2		12	
394	1.9700	1		13	
395	1.9750	1		13	
396	1.9800	0		14	
397	1.9850	0		14	
398	1.9900	-1		14	
399	1.9950	-1		14	
400	2.0000	-2		15	
401	2.0050	-2		15	
402	2.0100	-3		15	
403	2.0150	-3		16	
404	2.0200	-4		16	
405	2.0250	-4		16	
406	2.0300	-5		16	
407	2.0350	-5		16	
408	2.0400	-6		16	
409	2.0450	-6		16	
410	2.0500	-6		16	
411	2.0550	-6		16	
412	2.0600	-7		16	
413	2.0650	-7		17	
414	2.0700	-8		17	
415	2.0750	-8		17	
416	2.0800	-8		17	
417	2.0850	-8		16	
418	2.0900	-8		16	
419	2.0950	-8		16	
420	2.1000	-8		16	
421	2.1050	-8		16	
422	2.1100	-8		16	
423	2.1150	-8		16	
424	2.1200	-8		16	
425	2.1250	-8		16	
426	2.1300	-8		16	
427	2.1350	-8		15	
428	2.1400	-8		15	
429	2.1450	-8		15	
430	2.1500	-8		14	
431	2.1550	-8		14	
432	2.1600	-8		14	
433	2.1650	-8		14	
434	2.1700	-7		13	
435	2.1750	-7		13	
436	2.1800	-7		12	
437	2.1850	-6		12	
438	2.1900	-6		12	
439	2.1950	-6		12	
440	2.2000	-5		11	
441	2.2050	-5		10	
442	2.2100	-4		10	
443	2.2150	-4		10	
444	2.2200	-4		9	
445	2.2250	-3		9	
446	2.2300	-2		8	
447	2.2350	-2		8	
448	2.2400	-2		8	
449	2.2450	-1		7	
450	2.2500	0		7	
451	2.2550	0		6	
452	2.2600	1		6	
453	2.2650	1		5	
454	2.2700	2		5	
455	2.2750	2		4	
456	2.2800	3		4	
457	2.2850	4		4	
458	2.2900	4		3	
459	2.2950	5		2	
460	2.3000	6		2	
461	2.3050	6		2	
462	2.3100	7		1	
463	2.3150	8		1	
464	2.3200	8		0	
465	2.3250	9		0	
466	2.3300	10		0	
467	2.3350	10		-1	
468	2.3400	11		-1	
469	2.3450	11		-2	
470	2.3500	12		-2	
471	2.3550	12		-2	
472	2.3600	13		-3	
473	2.3650	14		-3	
474	2.3700	14		-4	
475	2.3750	15		-4	
476	2.3800	15		-4	
477	2.3850	16		-4	
478	2.3900	16		-4	
479	2.3950	17		-5	
480	2.4000	17		-5	
481	2.4050	18		-5	
482	2.4100	18		-6	
483	2.4150	18		-6	
484	2.4200	19		-6	
485	2.4250	19		-6	
486	2.4300	20		-6	
487	2.4350	20		-6	
488	2.4400	20		-6	
489	2.4450	20		-6	
490	2.4500	21		-6	
491	2.4550	21		-6	
492	2.4600	22		-6	
493	2.4650	22		-6	
494	2.4700	22		-6	
495	2.4750	22		-6	
496	2.4800	22		-6	
497	2.4850	22		-6	
498	2.4900	22		-6	
499	2.4950	22		-6	
500	2.5000	22		-6	
501	2.5050	22		-6	
502	2.5100	22		-6	
503	2.5150	22		-5	
504	2.5200	22		-5	
505	2.5250	22		-5	
506	2.5300	22		-4	
507	2.5350	22		-4	
508	2.5400	22		-4	
509	2.5450	22		-4	
510	2.5500	21		-4	
511	2.5550	21		-3	
512	2.5600	20		-3	
513	2.5650	20		-2	
514	2.5700	20		-2	
515	2.5750	20		-2	
516	2.5800	19		-1	
517	2.5850	19		-1	
518	2.5900	18		0	
519	2.5950	18		0	
520	2.6000	18		0	
521	2.6050	17		1	
522	2.6100	17		1	
523	2.6150	16		2	
524	2.6200	16		2	
525	2.6250	15		2	
526	2.6300	15		3	
527	2.6350	14		4	
528	2.6400	14		4	
529	2.6450	13		4	
530	2.6500	12		5	
531	2.6550	12		6	
532	2.6600	11		6	
533	2.6650	10		6	
534	2.6700	10		7	
535	2.6750	10		7	
536	2.6800	9		8	
537	2.6850	8		8	
538	2.6900	8		8	
539	2.6950	7		9	
540	2.7000	6		10	
541	2.7050	6		10	
542	2.7100	5		10	
543	2.7150	4		11	
544	2.7200	4		11	
545	2.7250	3		12	
546	2.7300	2		12	
547	2.7350	2		12	
548	2.7400	2		13	
549	2.7450	1		13	
550	2.7500	0		14	
551	2.7550	0		14	
552	2.7600	-1		14	
553	2.7650	-1		14	
554	2.7700	-2		14	
555	2.7750	-2		15	
556	2.7800	-3		15	
557	2.7850	-3		15	
558	2.7900	-4		16	
559	2.7950	-4		16	
560	2.8000	-5		16	
561	2.8050	-5		16	
562	2.8100	-6		16	
563	2.8150	-6		16	
564	2.8200	-6		16	
565	2.8250	-6		16	
566	2.8300	-7		16	
567	2.8350	-7		16	
568	2.8400	-8		16	
569	2.8450	-8		16	
570	2.8500	-8		16	
571	2.8550	-8		16	
572	2.8600	-8		16	
573	2.8650	-8		16	
574	2.8700	-8		16	
575	2.8750	-8		16	
576	2.8800	-8		16	
577	2.8850	-8		16	
578	2.8900	-8		16	
579	2.8950	-8		16	
580	2.9000	-8		15	
581	2.9050	-8		15	
582	2.9100	-8		15	
583	2.9150	-8		14	
584	2.9200	-8		14	
585	2.9250	-8		14	
586	2.9300	-8		14	
587	2.9350	-8		14	
588	2.9400	-7		13	
589	2.9450	-7		13	
590	2.9500	-7		12	
591	2.9550	-6		12	
592	2.9600	-6		12	
593	2.9650	-6		11	
594	2.9700	-5		11	
595	2.9750	-5		10	
596	2.9800	-4		10	
597	2.9850	-4		10	
598	2.9900	-4		9	
599	2.9950	-3		9	
600	3.0000	-2		8	
601	3.0050	-2		8	
602	3.0100	-2		8	
603	3.0150	-1		7	
604	3.0200	0		6	
605	3.0250	0		6	
606	3.0300	1		6	
607	3.0350	2		5	
608	3.0400	2		5	
609	3.0450	2		4	
610	3.0500	3		4	
611	3.0550	4		4	
612	3.0600	4		3	
613	3.0650	5		2	
614	3.0700	6		2	
615	3.0750	6		2	
616	3.0800	7		1	
617	3.0850	8		1	
618	3.0900	8		0	
619	3.0950	9		0	
620	3.1000	10		0	
621	3.1050	10		-1	
622	3.1100	11		-1	
623	3.1150	11		-2	
624	3.1200	12		-2	
625	3.1250	12		-2	
626	3.1300	13		-3	
627	3.1350	14		-3	
628	3.1400	14		-4	
629	3.1450	15		-4	
630	3.1500	15		-4	
631	3.1550	16		-4	
632	3.1600	16		-4	
633	3.1650	17		-5	
634	3.1700	17		-5	
635	3.1750	18		-5	
636	3.1800	18		-6	
637	3.1850	18		-6	
638	3.1900	19		-6	
639	3.1950	19		-6	
640	3.2000	20		-6	
641	3.2050	20		-6	
642	3.2100	20		-6	
643	3.2150	20		-6	
644	3.2200	21		-6	
645	3.2250	21		-6	
646	3.2300	22		-6	
647	3.2350	22		-6	
648	3.2400	22		-6	
649	3.2450	22		-6	
650	3.2500	22		-6	
651	3.2550	22		-6	
652	3.2600	22		-6	
653	3.2650	22		-6	
654	3.2700	22		-6	
655	3.2750	22		-6	
656	3.2800	22		-6	
657	3.2850	22		-5	
658	3.2900	22		-5	
659	3.2950	22		-5	
660	3.3000	22		-4	
661	3.3050	22		-4	
662	3.3100	22		-4	
663	3.3150	22		-4	
664	3.3200	21		-3	
665	3.3250	21		-3	
666	3.3300	20		-3	
667	3.3350	20		-2	
668	3.3400	20		-2	
669	3.3450	20		-2	
670	3.3500	19		-1	
671	3.3550	19		-1	
672	3.3600	18		0	
673	3.3650	18		0	
674	3.3700	18		0	
675	3.3750	17		1	
676	3.3800	17		1	
677	3.3850	16		2	
678	3.3900	16		2	
679	3.3950	15		3	
680	3.4000	15		3	
681	3.4050	14		4	
682	3.4100	14		4	
683	3.4150	13		4	
684	3.4200	12		5	
685	3.4250	12		6	
686	3.4300	11		6	
687	3.4350	10		6	
688	3.4400	10		7	
689	3.4450	10		8	
690	3.4500	9		8	
691	3.4550	8		8	
692	3.4600	8		9	
693	3.4650	7		9	
694	3.4700	6		10	
695	3.4750	6		10	
696	3.4800	5		10	
697	3.4850	4		11	
698	3.4900	4		11	
699	3.4950	3		12	
700	3.5000	3		12	
701	3.5050	2		12	
702	3.5100	1		13	
703	3.5150	1		13	
704	3.5200	0		14	
705	3.5250	0		14	
706	3.5300	-1		14	
707	3.5350	-1		14	
708	3.5400	-2		15	
709	3.5450	-2		15	
710	3.5500	-3		15	
711	3.5550	-3		16	
712	3.5600	-4		16	
713	3.5650	-4		16	
714	3.5700	-5		16	
715	3.5750	-5		16	
716	3.5800	-6		16	
717	3.5850	-6		16	
718	3.5900	-6		16	
719	3.5950	-6		16	
720	3.6000	-7		16	
721	3.6050	-7		16	
722	3.6100	-7		16	
723	3.6150	-8		16	
724	3.6200	-8		16	
725	3.6250	-8		16	
726	3.6300	-8		16	
727	3.6350	-8		16	
728	3.6400	-8		16	
729	3.6450	-8		16	
730	3.6500	-8		16	
731	3.6550	-8		16	
732	3.6600	-8		16	
733	3.6650	-8		16	
734	3.6700	-8		15	
735	3.6750	-8		15	
736	3.6800	-8		15	
737	3.6850	-8		14	
738	3.6900	-8		14	
739	3.6950	-8		14	
740	3.7000	-8		14	
741	3.7050	-8		14	
742	3.7100	-7		13	
743	3.7150	-7		13	
744	3.7200	-7		12	
745	3.7250	-6		12	
746	3.7300	-6		12	
747	3.7350	-6		11	
748	3.7400	-5		11	
749	3.7450	-5		10	
750	3.7500	-4		10	
751	3.7550	-4		10	
752	3.7600	-4		9	
753	3.7650	-3		9	
754	3.7700	-2		8	
755	3.7750	-2		8	
756	3.7800	-2		8	
757	3.7850	-1		7	
758	3.7900	0		6	
759	3.7950	0		6	
760	3.8000	1		6	
761	3.8050	1		5	
762	3.8100	2		5	
763	3.8150	2		4	
764	3.8200	3		4	
765	3.8250	4		3	
766	3.8300	4		3	
767	3.8350	5		2	
768	3.8400	6		2	
769	3.8450	6		2	
770	3.8500	7		1	
771	3.8550	8		1	
772	3.8600	8		0	
773	3.8650	9		0	
774	3.8700	10		0	
775	3.8750	10		-1	
776	3.8800	10		-1	
777	3.8850	11		-2	
778	3.8900	12		-2	
779	3.8950	12		-2	
780	3.9000	13		-3	
781	3.9050	14		-3	
782	3.9100	14		-4	
783	3.9150	15		-4	
784	3.9200	15		-4	
785	3.9250	16		-4	
786	3.9300	16		-4	
787	3.9350	17		-5	
788	3.9400	17		-5	
789	3.9450	18		-5	
790	3.9500	18		-6	
791	3.9550	18		-6	
792	3.9600	19		-6	
793	3.9650	19		-6	
794	3.9700	20		-6	
795	3.9750	20		-6	
796	3.9800	20		-6	
797	3.9850	20		-6	
798	3.9900	21		-6	
799	3.9950	21		-6	
800	4.0000	21		-6	
801	4.0050	22		-6	
802	4.0100	22		-6	
803	4.0150	22		-6	
804	4.0200	22		-6	
805	4.0250	22		-6	
806	4.0300	22		-6	
807	4.0350	22		-6	
808	4.0400	22		-6	
809	4.0450	22		-6	
810	4.0500	22		-6	
811	4.0550	22		-5	
812	4.0600	22		-5	
813	4.0650	22		-5	
814	4.0700	22		-4	
815	4.0750	22		-4	
816	4.0800	22		-4	
817	4.0850	22		-4	
818	4.0900	21		-4	
819	4.0950	21		-3	
820	4.1000	20		-3	
821	4.1050	20		-2	
822	4.1100	20		-2	
823	4.1150	20		-2	
824	4.1200	19		-1	
825	4.1250	19		-1	
826	4.1300	18		0	
827	4.1350	18		0	
828	4.1400	18		0	
829	4.1450	17		1	
830	4.1500	17		1	
831	4.1550	16		2	
832	4.1600	16		2	
833	4.1650	15		3	
834	4.1700	15		3	
835	4.1750	14		4	
836	4.1800	14		4	
837	4.1850	13		4	
838	4.1900	12		5	
839	4.1950	12		6	
840	4.2000	11		6	
841	4.2050	10		6	
842	4.2100	10		7	
843	4.2150	10		8	
844	4.2200	9		8	
845	4.2250	8		8	
846	4.2300	8		9	
847	4.2350	7		9	
848	4.2400	6		10	
849	4.2450	6		10	
850	4.2500	5		10	
851	4.2550	4		11	
852	4.2600	4		11	
853	4.2650	3		12	
854	4.2700	3		12	
855	4.2750	2		12	
856	4.2800	2		13	
857	4.2850	1		13	
858	4.2900	0		14	
859	4.2950	0		14	
860	4.3000	-1		14	
861	4.3050	-1		14	
862	4.3100	-2		15	
863	4.3150	-2		15	
864	4.3200	-3		15	
865	4.3250	-3		16	
866	4.3300	-4		16	
867	4.3350	-4		16	
868	4.3400	-5		16	
869	4.3450	-5		16	
870	4.3500	-6		16	
871	4.3550	-6		16	
872	4.3600	-6		16	
873	4.3650	-6		16	
874	4.3700	-7		16	
875	4.3750	-7		17	
876	4.3800	-7		17	
877	4.3850	-8		17	
878	4.3900	-8		17	
879	4.3950	-8		16	
880	4.4000	-8		16	
881	4.4050	-8		16	
882	4.4100	-8		16	
883	4.4150	-8		16	
884	4.4200	-8		16	
885	4.4250	-8		16	
886	4.4300	-8		16	
887	4.4350	-8		16	
888	4.4400	-8		16	
889	4.4450	-8		15	
890	4.4500	-8		15	
891	4.4550	-8		15	
892	4.4600	-8		14	
893	4.4650	-8		14	
894	4.4700	-8		14	
895	4.4750	-8		14	
896	4.4800	-7		13	
897	4.4850	-7		13	
898	4.4900	-7		12	
899	4.4950	-6		12	
900	4.5000	-6		12	
901	4.5050	-6		12	
902	4.5100	-5		11	
903	4.5150	-5		11	
904	4.5200	-4		10	
905	4.5250	-4		10	
906	4.5300	-4		10	
907	4.5350	-3		9	
908	4.5400	-2		8	
909	4.5450	-2		8	
910	4.5500	-2		8	
911	4.5550	-1		7	
912	4.5600	0		7	
913	4.5650	0		6	
914	4.5700	1		6	
915	4.5750	1		6	
916	4.5800	2		5	
917	4.5850	2		4	
918	4.5900	3		4	
919	4.5950	4		4	
920	4.6000	4		3	
921	4.6050	5		2	
922	4.6100	6		2	
923	4.6150	6		2	
924	4.6200	7		1	
925	4.6250	8		1	
926	4.6300	8		0	
927	4.6350	9		0	
928	4.6400	10		0	
929	4.6450	10		-1	
930	4.6500	10		-1	
931	4.6550	11		-2	
932	4.6600	12		-2	
933	4.6650	12		-2	
934	4.6700	13		-3	
935	4.6750	14		-3	
936	4.6800	14		-3	
937	4.6850	15		-4	
938	4.6900	15		-4	
939	4.6950	16		-4	
940	4.7000	16		-4	
941	4.7050	17		-5	
942	4.7100	17		-5	
943	4.7150	18		-5	
944	4.7200	18		-6	
945	4.7250	18		-6	
946	4.7300	19		-6	
947	4.7350	19		-6	
948	4.7400	20		-6	
949	4.7450	20		-6	
950	4.7500	20		-6	
951	4.7550	20		-6	
952	4.7600	21		-6	
953	4.7650	21		-6	
954	4.7700	21		-6	
955	4.7750	22		-6	
956	4.7800	22		-6	
957	4.7850	22		-6	
958	4.7900	22		-6	
959	4.7950	22		-6	
960	4.8000	22		-6	
961	4.8050	22		-6	
962	4.8100	22		-6	
963	4.8150	22		-6	
964	4.8200	22		-6	
965	4.8250	22		-5	
966	4.8300	22		-5	
967	4.8350	22		-5	
968	4.8400	22		-4	
969	4.8450	22		-4	
970	4.8500	22		-4	
971	4.8550	22		-4	
972	4.8600	21		-4	
973	4.8650	21		-3	
974	4.8700	20		-3	
975	4.8750	20		-2	
976	4.8800	20		-2	
977	4.8850	20		-2	
978	4.8900	19		-1	
979	4.8950	19		-1	
980	4.9000	18		0	
981	4.9050	18		0	
982	4.9100	18		0	
983	4.9150	17		1	
984	4.9200	17		1	
985	4.9250	16		2	
986	4.9300	16		2	
987	4.9350	15		2	
988	4.9400	15		3	
989	4.9450	14		4	
990	4.9500	14		4	
991	4.9550	13		4	
992	4.9600	12		5	
993	4.9650	12		5	
994	4.9700	11		6	
995	4.9750	11		6	
996	4.9800	10		7	
997	4.9850	10		7	
998	4.9900	9		8	
999	4.9950	8		8	
1000	5.0000	8		8	
1001	5.0050	7		9	
1002	5.0100	6		10	
1003	5.0150	6		10	
1004	5.0200	5		10	
1005	5.0250	4		11	
1006	5.0300	4		11	
1007	5.0350	3		12	
1008	5.0400	3		12	
1009	5.0450	2		12	
1010	5.0500	2		13	
1011	5.0550	1		13	
1012	5.0600	0		14	
1013	5.0650	0		14	
1014	5.0700	-1		14	
1015	5.0750	-1		14	
1016	5.0800	-2		14	
1017	5.0850	-2		15	
1018	5.0900	-3		15	
1019	5.0950	-3		15	
1020	5.1000	-4		16	
1021	5.1050	-4		16	
1022	5.1100	-5		16	
1023	5.1150	-5		16	
1024	5.1200	-6		16	
1025	5.1250	-6		16	
1026	5.1300	-6		16	
1027	5.1350	-6		16	
1028	5.1400	-7		16	
1029	5.1450	-7		16	
1030	5.1500	-7		16	
1031	5.1550	-8		16	
1032	5.1600	-8		16	
1033	5.1650	-8		16	
1034	5.1700	-8		16	
1035	5.1750	-8		16	
1036	5.1800	-8		16	
1037	5.1850	-8		16	
1038	5.1900	-8		16	
1039	5.1950	-8		16	
1040	5.2000	-8		16	
1041	5.2050	-8		16	
1042	5.2100	-8		15	
1043	5.2150	-8		15	
1044	5.2200	-8		15	
1045	5.2250	-8		14	
1046	5.2300	-8		14	
1047	5.2350	-8		14	
1048	5.2400	-8		14	
1049	5.2450	-8		14	
1050	5.2500	-7		13	
1051	5.2550	-7		13	
1052	5.2600	-7		12	
1053	5.2650	-6		12	
1054	5.2700	-6		12	
1055	5.2750	-6		12	
1056	5.2800	-5		11	
1057	5.2850	-5		10	
1058	5.2900	-4		10	
1059	5.2950	-4		10	
1060	5.3000	-4		10	
1061	5.3050	-3		9	
1062	5.3100	-2		8	
1063	5.3150	-2		8	
1064	5.3200	-2		8	
1065	5.3250	-1		7	
1066	5.3300	0		7	
1067	5.3350	0		6	
1068	5.3400	1		6	
1069	5.3450	1		5	
1070	5.3500	2		5	
1071	5.3550	2		4	
1072	5.3600	3		4	
1073	5.3650	4		4	
1074	5.3700	4		3	
1075	5.3750	5		2	
1076	5.3800	6		2	
1077	5.3850	6		2	
1078	5.3900	7		1	
1079	5.3950	8		1	
1080	5.4000	8		0	
1081	5.4050	9		0	
1082	5.4100	10		0	
1083	5.4150	10		-1	
1084	5.4200	10		-1	
1085	5.4250	11		-2	
1086	5.4300	12		-2	
1087	5.4350	12		-2	
1088	5.4400	13		-3	
1089	5.4450	14		-3	
1090	5.4500	14		-3	
1091	5.4550	15		-4	
1092	5.4600	15		-4	
1093	5.4650	16		-4	
1094	5.4700	16		-4	
1095	5.4750	17		-5	
1096	5.4800	17		-5	
1097	5.4850	18		-5	
1098	5.4900	18		-5	
1099	5.4950	18		-6	
1100	5.5000	19		-6	
1101	5.5050	19		-6	
1102	5.5100	20		-6	
1103	5.5150	20		-6	
1104	5.5200	20		-6	
1105	5.5250	20		-6	
1106	5.5300	21		-6	
1107	5.5350	21		-6	
1108	5.5400	21		-6	
1109	5.5450	22		-6	
1110	5.5500	22		-6	
1111	5.5550	22		-6	
1112	5.5600	22		-6	
1113	5.5650	22		-6	
1114	5.5700	22		-6	
1115	5.5750	22		-6	
1116	5.5800	22		-6	
1117	5.5850	22		-6	
1118	5.5900	22		-6	
1119	5.5950	22		-5	
1120	5.6000	22		-5	
1121	5.6050	22		-5	
1122	5.6100	22		-4	
1123	5.6150	22		-4	
1124	5.6200	22		-4	
1125	5.6250	22		-4	
1126	5.6300	21		-3	
1127	5.6350	21		-3	
1128	5.6400	20		-3	
1129	5.6450	20		-2	
1130	5.6500	20		-2	
1131	5.6550	20		-2	
1132	5.6600	19		-1	
1133	5.6650	19		-1	
1134	5.6700	18		0	
1135	5.6750	18		0	
1136	5.6800	18		0	
1137	5.6850	17		1	
1138	5.6900	17		1	
1139	5.6950	16		2	
1140	5.7000	16		2	
1141	5.7050	15		3	
1142	5.7100	15		3	
1143	5.7150	14		4	
1144	5.7200	14		4	
1145	5.7250	13		4	
1146	5.7300	12		5	
1147	5.7350	12		6	
1148	5.7400	11		6	
1149	5.7450	11		6	
1150	5.7500	10		7	
1151	5.7550	10		7	
1152	5.7600	9		8	
1153	5.7650	8		8	
1154	5.7700	8		8	
1155	5.7750	7		9	
1156	5.7800	6		10	
1157	5.7850	6		10	
1158	5.7900	5		10	
1159	5.7950	4		11	
1160	5.8000	4		11	
1161	5.8050	3		12	
1162	5.8100	3		12	
1163	5.8150	2		12	
1164	5.8200	2		13	
1165	5.8250	1		13	
1166	5.8300	0		14	
1167	5.8350	0		14	
1168	5.8400	-1		14	
1169	5.8450	-1		14	
1170	5.8500	-2		14	
1171	5.8550	-2		15	
1172	5.8600	-3		15	
1173	5.8650	-3		15	
1174	5.8700	-4		16	
1175	5.8750	-4		16	
1176	5.8800	-4		16	
1177	5.8850	-5		16	
1178	5.8900	-6		16	
1179	5.8950	-6		16	
1180	5.9000	-6		16	
1181	5.9050	-6		16	
1182	5.9100	-7		16	
1183	5.9150	-7		16	
1184	5.9200	-7		16	
1185	5.9250	-8		16	
1186	5.9300	-8		16	
1187	5.9350	-8		16	
1188	5.9400	-8		16	
1189	5.9450	-8		16	
1190	5.9500	-8		16	
1191	5.9550	-8		16	
1192	5.9600	-8		16	
1193	5.9650	-8		16	
1194	5.9700	-8		16	
1195	5.9750	-8		16	
1196	5.9800	-8		15	
1197	5.9850	-8		15	
1198	5.9900	-8		15	
1199	5.9950	-8		14	
1200	6.0000	-8		14	
1201	6.0050	-8		14	
1202	6.0100	-8		14	
1203	6.0150	-8		14	
1204	6.0200	-7		13	
1205	6.0250	-7		13	
1206	6.0300	-7		12	
1207	6.0350	-6		12	
1208	6.0400	-6		12	
1209	6.0450	-6		12	
1210	6.0500	-5		11	
1211	6.0550	-5		10	
1212	6.0600	-4		10	
1213	6.0650	-4		10	
1214	6.0700	-4		9	
1215	6.0750	-3		9	
1216	6.0800	-2		8	
1217	6.0850	-2		8	
1218	6.0900	-2		8	
1219	6.0950	-1		7	
1220	6.1000	0		7	
1221	6.1050	0		6	
1222	6.1100	1		6	
1223	6.1150	1		5	
1224	6.1200	2		5	
1225	6.1250	2		4	
1226	6.1300	3		4	
1227	6.1350	4		4	
1228	6.1400	4		3	
1229	6.1450	5		2	
1230	6.1500	6		2	
1231	6.1550	6		2	
1232	6.1600	7		1	
1233	6.1650	8		1	
1234	6.1700	8		0	
1235	6.1750	9		0	
1236	6.1800	9		0	
1237	6.1850	10		-1	
1238	6.1900	10		-1	
1239	6.1950	11		-2	
1240	6.2000	12		-2	
1241	6.2050	12		-2	
1242	6.2100	13		-3	
1243	6.2150	14		-3	
1244	6.2200	14		-4	
1245	6.2250	15		-4	
1246	6.2300	15		-4	
1247	6.2350	16		-4	
1248	6.2400	16		-4	
1249	6.2450	17		-5	
1250	6.2500	17		-5	
1251	6.2550	18		-5	
1252	6.2600	18		-6	
1253	6.2650	18		-6	
1254	6.2700	19		-6	
1255	6.2750	19		-6	
1256	6.2800	20		-6	
1257	6.2850	20		-6	
1258	6.2900	20		-6	
1259	6.2950	20		-6	
1260	6.3000	21		-6	
1261	6.3050	21		-6	
1262	6.3100	21		-6	
1263	6.3150	22		-6	
1264	6.3200	22		-6	
1265	6.3250	22		-6	
1266	6.3300	22		-6	
1267	6.3350	22		-6	
1268	6.3400	22		-6	
1269	6.3450	22		-6	
1270	6.3500	22		-6	
1271	6.3550	22		-6	
1272	6.3600	22		-6	
1273	6.3650	22		-5	
1274	6.3700	22		-5	
1275	6.3750	22		-5	
1276	6.3800	22		-4	
1277	6.3850	22		-4	
1278	6.3900	22		-4	
1279	6.3950	22		-4	
1280	6.4000	21		-4	
1281	6.4050	21		-3	
1282	6.4100	20		-3	
1283	6.4150	20		-2	
1284	6.4200	20		-2	
1285	6.4250	20		-2	
1286	6.4300	19		-1	
1287	6.4350	19		-1	
1288	6.4400	18		0	
1289	6.4450	18		0	
1290	6.4500	18		0	
1291	6.4550	17		1	
1292	6.4600	17		1	
1293	6.4650	16		2	
1294	6.4700	16		2	
1295	6.4750	15		3	
1296	6.4800	15		3	
1297	6.4850	14		4	
1298	6.4900	14		4	
1299	6.4950	13		4	
1300	6.5000	12		5	
1301	6.5050	12		6	
1302	6.5100	11		6	
1303	6.5150	11		6	
1304	6.5200	10		7	
1305	6.5250	10		8	
1306	6.5300	9		8	
1307	6.5350	8		8	
1308	6.5400	8		9	
1309	6.5450	7		9	
1310	6.5500	6		10	
1311	6.5550	6		10	
1312	6.5600	5		10	
1313	6.5650	4		11	
1314	6.5700	4		11	
1315	6.5750	3		12	
1316	6.5800	3		12	
1317	6.5850	2		12	
1318	6.5900	2		13	
1319	6.5950	1		13	
1320	6.6000	0		14	
1321	6.6050	0		14	
1322	6.6100	-1		14	
1323	6.6150	-1		14	
1324	6.6200	-2		15	
1325	6.6250	-2		15	
1326	6.6300	-3		15	
1327	6.6350	-3		16	
1328	6.6400	-4		16	
1329	6.6450	-4		16	
1330	6.6500	-4		16	
1331	6.6550	-5		16	
1332	6.6600	-5		16	
1333	6.6650	-6		16	
1334	6.6700	-6		16	
1335	6.6750	-6		16	
1336	6.6800	-7		16	
1337	6.6850	-7		17	
1338	6.6900	-7		17	
1339	6.6950	-8		17	
1340	6.7000	-8		17	
1341	6.7050	-8		16	
1342	6.7100	-8		16	
1343	6.7150	-8		16	
1344	6.7200	-8		16	
1345	6.7250	-8		16	
1346	6.7300	-8		16	
1347	6.7350	-8		16	
1348	6.7400	-8		16	
1349	6.7450	-8		16	
1350	6.7500	-8		16	
1351	6.7550	-8		15	
1352	6.7600	-8		15	
1353	6.7650	-8		15	
1354	6.7700	-8		14	
1355	6.7750	-8		14	
1356	6.7800	-8		14	
1357	6.7850	-8		14	
1358	6.7900	-7		13	
1359	6.7950	-7		13	
1360	6.8000	-7		12	
1361	6.8050	-6		12	
1362	6.8100	-6		12	
1363	6.8150	-6		12	
1364	6.8200	-5		11	
1365	6.8250	-5		11	
1366	6.8300	-4		10	
1367	6.8350	-4		10	
1368	6.8400	-4		10	
1369	6.8450	-3		9	
1370	6.8500	-2		8	
1371	6.8550	-2		8	
1372	6.8600	-2		8	
1373	6.8650	-1		7	
1374	6.8700	0		7	
1375	6.8750	0		6	
1376	6.8800	0		6	
1377	6.8850	1		5	
1378	6.8900	2		5	
1379	6.8950	2		4	
1380	6.9000	3		4	
1381	6.9050	4		4	
1382	6.9100	4		3	
1383	6.9150	5		2	
1384	6.9200	6		2	
1385	6.9250	6		2	
1386	6.9300	7		1	
1387	6.9350	8		1	
1388	6.9400	8		0	
1389	6.9450	9		0	
1390	6.9500	9		0	
1391	6.9550	10		-1	
1392	6.9600	10		-1	
1393	6.9650	11		-2	
1394	6.9700	12		-2	
1395	6.9750	12		-2	
1396	6.9800	13		-3	
1397	6.9850	14		-3	
1398	6.9900	14		-4	
1399	6.9950	14		-4	
1400	7.0000	15		-4	
1401	7.0050	16		-4	
1402	7.0100	16		-4	
1403	7.0150	17		-5	
1404	7.0200	17		-5	
1405	7.0250	18		-5	
1406	7.0300	18		-6	
1407	7.0350	18		-6	
1408	7.0400	19		-6	
1409	7.0450	19		-6	
1410	7.0500	20		-6	
1411	7.0550	20		-6	
1412	7.0600	20		-6	
1413	7.0650	20		-6	
1414	7.0700	21		-6	
1415	7.0750	21		-6	
1416	7.0800	21		-6	
1417	7.0850	22		-6	
1418	7.0900	22		-6	
1419	7.0950	22		-6	
1420	7.1000	22		-6	
1421	7.1050	22		-6	
1422	7.1100	22		-6	
1423	7.1150	22		-6	
1424	7.1200	22		-6	
1425	7.1250	22		-6	
1426	7.1300	22		-6	
1427	7.1350	22		-5	
1428	7.1400	22		-5	
1429	7.1450	22		-5	
1430	7.1500	22		-5	
1431	7.1550	22		-4	
1432	7.1600	22		-4	
1433	7.1650	22		-4	
1434	7.1700	21		-4	
1435	7.1750	21		-3	
1436	7.1800	21		-3	
1437	7.1850	20		-2	
1438	7.1900	20		-2	
1439	7.1950	20		-2	
1440	7.2000	19		-2	
1441	7.2050	19		-1	
1442	7.2100	18		0	
1443	7.2150	18		0	
1444	7.2200	18		0	
1445	7.2250	17		1	
1446	7.2300	17		1	
1447	7.2350	16		2	
1448	7.2400	16		2	
1449	7.2450	15		2	
1450	7.2500	15		3	
1451	7.2550	14		4	
1452	7.2600	14		4	
1453	7.2650	13		4	
1454	7.2700	12		5	
1455	7.2750	12		5	
1456	7.2800	11		6	
1457	7.2850	11		6	
1458	7.2900	10		7	
1459	7.2950	10		7	
1460	7.3000	9		8	
1461	7.3050	8		8	
1462	7.3100	8		9	
1463	7.3150	7		9	
1464	7.3200	6		10	
1465	7.3250	6		10	
1466	7.3300	5		10	
1467	7.3350	5		11	
1468	7.3400	4		11	
1469	7.3450	3		12	
1470	7.3500	3		12	
1471	7.3550	2		12	
1472	7.3600	2		13	
1473	7.3650	1		13	
1474	7.3700	0		14	
1475	7.3750	0		14	
1476	7.3800	-1		14	
1477	7.3850	-1		14	
1478	7.3900	-2		15	
1479	7.3950	-2		15	
1480	7.4000	-3		15	
1481	7.4050	-3		16	
1482	7.4100	-4		16	
1483	7.4150	-4		16	
1484	7.4200	-4		16	
1485	7.4250	-5		16	
1486	7.4300	-5		16	
1487	7.4350	-6		16	
1488	7.4400	-6		16	
1489	7.4450	-6		16	
1490	7.4500	-7		17	
1491	7.4550	-7		17	
1492	7.4600	-7		17	
1493	7.4650	-8		17	
1494	7.4700	-8		17	
1495	7.4750	-8		17	
1496	7.4800	-8		16	
1497	7.4850	-8		16	
1498	7.4900	-8		16	
1499	7.4950	-8		16	
1500	7.5000	-8		16	
1501	7.5050	-8		16	
1502	7.5100	-8		16	
1503	7.5150	-8		16	
1504	7.5200	-8		16	
1505	7.5250	-8		15	
1506	7.5300	-8		15	
1507	7.5350	-8		15	
1508	7.5400	-8		14	
1509	7.5450	-8		14	
1510	7.5500	-8		14	
1511	7.5550	-8		14	
1512	7.5600	-7		13	
1513	7.5650	-7		13	
1514	7.5700	-7		13	
1515	7.5750	-6		12	
1516	7.5800	-6		12	
1517	7.5850	-6		12	
1518	7.5900	-5		11	
1519	7.5950	-5		11	
1520	7.6000	-4		10	
1521	7.6050	-4		10	
1522	7.6100	-4		10	
1523	7.6150	-3		9	
1524	7.6200	-2		8	
1525	7.6250	-2		8	
1526	7.6300	-2		8	
1527	7.6350	-1		7	
1528	7.6400	0		7	
1529	7.6450	0		6	
1530	7.6500	0		6	
1531	7.6550	1		6	
1532	7.6600	2		5	
1533	7.6650	2		4	
1534	7.6700	3		4	
1535	7.6750	4		4	
1536	7.6800	4		3	
1537	7.6850	5		3	
1538	7.6900	6		2	
1539	7.6950	6		2	
1540	7.7000	7		1	
1541	7.7050	8		1	
1542	7.7100	8		0	
1543	7.7150	9		0	
1544	7.7200	9		0	
1545	7.7250	10		-1	
1546	7.7300	10		-1	
1547	7.7350	11		-2	
1548	7.7400	12		-2	
1549	7.7450	12		-2	
1550	7.7500	13		-3	
1551	7.7550	14		-3	
1552	7.7600	14		-4	
1553	7.7650	14		-4	
1554	7.7700	15		-4	
1555	7.7750	16		-4	
1556	7.7800	16		-4	
1557	7.7850	17		-5	
1558	7.7900	17		-5	
1559	7.7950	18		-5	
1560	7.8000	18		-6	
1561	7.8050	18		-6	
1562	7.8100	19		-6	
1563	7.8150	19		-6	
1564	7.8200	20		-6	
1565	7.8250	20		-6	
1566	7.8300	20		-6	
1567	7.8350	20		-6	
1568	7.8400	21		-6	
1569	7.8450	21		-6	
1570	7.8500	21		-6	
1571	7.8550	22		-6	
1572	7.8600	22		-6	
1573	7.8650	22		-6	
1574	7.8700	22		-6	
1575	7.8750	22		-6	
1576	7.8800	22		-6	
1577	7.8850	22		-6	
1578	7.8900	22		-6	
1579	7.8950	22		-6	
1580	7.9000	22		-6	
1581	7.9050	22		-6	
1582	7.9100	22		-5	
1583	7.9150	22		-5	
1584	7.9200	22		-5	
1585	7.9250	22		-4	
1586	7.9300	22		-4	
1587	7.9350	22		-4	
1588	7.9400	21		-4	
1589	7.9450	21		-3	
1590	7.9500	21		-3	
1591	7.9550	20		-3	
1592	7.9600	20		-2	
1593	7.9650	20		-2	
1594	7.9700	19		-2	
1595	7.9750	19		-1	
1596	7.9800	18		-1	
1597	7.9850	18		0	
1598	7.9900	18		0	
1599	7.9950	17		0	
1600	8.0000	17		1	
1601	8.0050	16		2	
1602	8.0100	16		2	
1603	8.0150	15		2	
1604	8.0200	15		3	
1605	8.0250	14		3	
1606	8.0300	14		4	
1607	8.0350	13		4	
1608	8.0400	12		5	
1609	8.0450	12		5	
1610	8.0500	11		6	
1611	8.0550	11		6	
1612	8.0600	10		6	
1613	8.0650	10		7	
1614	8.0700	9		8	
1615	8.0750	8		8	
1616	8.0800	8		8	
1617	8.0850	7		9	
1618	8.0900	6		10	
1619	8.0950	6		10	
1620	8.1000	5		10	
1621	8.1050	5		11	
1622	8.1100	4		11	
1623	8.1150	3		12	
1624	8.1200	3		12	
1625	8.1250	2		12	
1626	8.1300	2		13	
1627	8.1350	1		13	
1628	8.1400	0		13	
1629	8.1450	0		14	
1630	8.1500	-1		14	
1631	8.1550	-1		14	
1632	8.1600	-2		14	
1633	8.1650	-2		15	
1634	8.1700	-3		15	
1635	8.1750	-3		15	
1636	8.1800	-4		16	
1637	8.1850	-4		16	
1638	8.1900	-4		16	
1639	8.1950	-5		16	
1640	8.2000	-5		16	
1641	8.2050	-6		16	
1642	8.2100	-6		16	
1643	8.2150	-6		16	
1644	8.2200	-7		16	
1645	8.2250	-7		16	
1646	8.2300	-7		16	
1647	8.2350	-8		17	
1648	8.2400	-8		17	
1649	8.2450	-8		16	
1650	8.2500	-8		16	
1651	8.2550	-8		16	
1652	8.2600	-8		16	
1653	8.2650	-8		16	
1654	8.2700	-8		16	
1655	8.2750	-8		16	
1656	8.2800	-8		16	
1657	8.2850	-8		16	
1658	8.2900	-8		16	
1659	8.2950	-8		15	
1660	8.3000	-8		15	
1661	8.3050	-8		15	
1662	8.3100	-8		14	
1663	8.3150	-8		14	
1664	8.3200	-8		14	
1665	8.3250	-8		14	
1666	8.3300	-7		14	
1667	8.3350	-7		13	
1668	8.3400	-7		13	
1669	8.3450	-6		12	
1670	8.3500	-6		12	
1671	8.3550	-6		12	
1672	8.3600	-5		11	
1673	8.3650	-5		11	
1674	8.3700	-4		10	
1675	8.3750	-4		10	
1676	8.3800	-4		10	
1677	8.3850	-3		9	
1678	8.3900	-2		9	
1679	8.3950	-2		8	
1680	8.4000	-2		8	
1681	8.4050	-1		8	
1682	8.4100	0		7	
1683	8.4150	0		6	
1684	8.4200	0		6	
1685	8.4250	1		6	
1686	8.4300	2		5	
1687	8.4350	2		4	
1688	8.4400	3		4	
1689	8.4450	4		4	
1690	8.4500	4		3	
1691	8.4550	5		3	
1692	8.4600	6		2	
1693	8.4650	6		2	
1694	8.4700	7		2	
1695	8.4750	8		1	
1696	8.4800	8		0	
1697	8.4850	9		0	
1698	8.4900	9		0	
1699	8.4950	10		-1	
1700	8.5000	10		-1	
1701	8.5050	11		-2	
1702	8.5100	12		-2	
1703	8.5150	12		-2	
1704	8.5200	13		-2	
1705	8.5250	14		-3	
1706	8.5300	14		-3	
1707	8.5350	14		-4	
1708	8.5400	15		-4	
1709	8.5450	16		-4	
1710	8.5500	16		-4	
1711	8.5550	17		-4	
1712	8.5600	17		-5	
1713	8.5650	18		-5	
1714	8.5700	18		-5	
1715	8.5750	18		-6	
1716	8.5800	19		-6	
1717	8.5850	19		-6	
1718	8.5900	20		-6	
1719	8.5950	20		-6	
1720	8.6000	20		-6	
1721	8.6050	20		-6	
1722	8.6100	21		-6	
1723	8.6150	21		-6	
1724	8.6200	21		-6	
1725	8.6250	22		-6	
1726	8.6300	22		-6	
1727	8.6350	22		-6	
1728	8.6400	22		-6	
1729	8.6450	22		-6	
1730	8.6500	22		-6	
1731	8.6550	22		-6	
1732	8.6600	22		-6	
1733	8.6650	22		-6	
1734	8.6700	22		-6	
1735	8.6750	22		-6	
1736	8.6800	22		-5	
1737	8.6850	22		-5	
1738	8.6900	22		-5	
1739	8.6950	22		-4	
1740	8.7000	22		-4	
1741	8.7050	22		-4	
1742	8.7100	21		-4	
1743	8.7150	21		-3	
1744	8.7200	21		-3	
1745	8.7250	20		-2	
1746	8.7300	20		-2	
1747	8.7350	20		-2	
1748	8.7400	19		-2	
1749	8.7450	19		-1	
1750	8.7500	18		-1	
1751	8.7550	18		0	
1752	8.7600	18		0	
1753	8.7650	17		0	
1754	8.7700	17		1	
1755	8.7750	16		2	
1756	8.7800	16		2	
1757	8.7850	15		2	
1758	8.7900	15		3	
1759	8.7950	14		3	
1760	8.8000	14		4	
1761	8.8050	13		4	
1762	8.8100	12		5	
1763	8.8150	12		5	
1764	8.8200	11		6	
1765	8.8250	11		6	
1766	8.8300	10		6	
1767	8.8350	10		7	
1768	8.8400	9		8	
1769	8.8450	8		8	
1770	8.8500	8		8	
1771	8.8550	7		9	
1772	8.8600	6		9	
1773	8.8650	6		10	
1774	8.8700	5		10	
1775	8.8750	5		10	
1776	8.8800	4		11	
1777	8.8850	4		11	
1778	8.8900	3		12	
1779	8.8950	2		12	
1780	8.9000	2		12	
1781	8.9050	1		13	
1782	8.9100	0		13	
1783	8.9150	0		14	
1784	8.9200	-1		14	
1785	8.9250	-1		14	
1786	8.9300	-2		14	
1787	8.9350	-2		14	
1788	8.9400	-3		15	
1789	8.9450	-3		15	
1790	8.9500	-4		15	
1791	8.9550	-4		16	
1792	8.9600	-4		16	
1793	8.9650	-5		16	
1794	8.9700	-5		16	
1795	8.9750	-6		16	
1796	8.9800	-6		16	
1797	8.9850	-6		16	
1798	8.9900	-7		16	
1799	8.9950	-7		16	
1800	9.0000	-7		16	
1801	9.0050	-8		16	
1802	9.0100	-8		16	
1803	9.0150	-8		16	
1804	9.0200	-8		16	
1805	9.0250	-8		16	
1806	9.0300	-8		16	
1807	9.0350	-8		16	
1808	9.0400	-8		16	
1809	9.0450	-8		16	
1810	9.0500	-8		16	
1811	9.0550	-8		16	
1812	9.0600	-8		15	
1813	9.0650	-8		15	
1814	9.0700	-8		15	
1815	9.0750	-8		14	
1816	9.0800	-8		14	
1817	9.0850	-8		14	
1818	9.0900	-8		14	
1819	9.0950	-8		14	
1820	9.1000	-7		13	
1821	9.1050	-7		13	
1822	9.1100	-7		12	
1823	9.1150	-6		12	
1824	9.1200	-6		12	
1825	9.1250	-6		11	
1826	9.1300	-5		11	
1827	9.1350	-5		10	
1828	9.1400	-4		10	
1829	9.1450	-4		10	
1830	9.1500	-4		9	
1831	9.1550	-3		9	
1832	9.1600	-3		8	
1833	9.1650	-2		8	
1834	9.1700	-2		8	
1835	9.1750	-1		7	
1836	9.1800	0		7	
1837	9.1850	0		6	
1838	9.1900	0		6	
1839	9.1950	1		6	
1840	9.2000	2		5	
1841	9.2050	2		4	
1842	9.2100	3		4	
1843	9.2150	4		4	
1844	9.2200	4		3	
1845	9.2250	5		3	
1846	9.2300	6		2	
1847	9.2350	6		2	
1848	9.2400	7		1	
1849	9.2450	8		1	
1850	9.2500	8		0	
1851	9.2550	9		0	
1852	9.2600	9		0	
1853	9.2650	10		-1	
1854	9.2700	10		-1	
1855	9.2750	11		-2	
1856	9.2800	12		-2	
1857	9.2850	12		-2	
1858	9.2900	13		-2	
1859	9.2950	14		-3	
1860	9.3000	14		-3	
1861	9.3050	14		-4	
1862	9.3100	15		-4	
1863	9.3150	16		-4	
1864	9.3200	16		-4	
1865	9.3250	17		-4	
1866	9.3300	17		-5	
1867	9.3350	18		-5	
1868	9.3400	18		-5	
1869	9.3450	18		-6	
1870	9.3500	19		-6	
1871	9.3550	19		-6	
1872	9.3600	20		-6	
1873	9.3650	20		-6	
1874	9.3700	20		-6	
1875	9.3750	20		-6	
1876	9.3800	21		-6	
1877	9.3850	21		-6	
1878	9.3900	21		-6	
1879	9.3950	22		-6	
1880	9.4000	22		-6	
1881	9.4050	22		-6	
1882	9.4100	22		-6	
1883	9.4150	22		-6	
1884	9.4200	22		-6	
1885	9.4250	22		-6	
1886	9.4300	22		-6	
1887	9.4350	22		-6	
1888	9.4400	22		-6	
1889	9.4450	22		-5	
1890	9.4500	22		-5	
1891	9.4550	22		-5	
1892	9.4600	22		-4	
1893	9.4650	22		-4	
1894	9.4700	22		-4	
1895	9.4750	22		-4	
1896	9.4800	21		-4	
1897	9.4850	21		-3	
1898	9.4900	21		-3	
1899	9.4950	20		-2	
1900	9.5000	20		-2	
1901	9.5050	20		-2	
1902	9.5100	19		-1	
1903	9.5150	19		-1	
1904	9.5200	18		0	
1905	9.5250	18		0	
1906	9.5300	18		0	
1907	9.5350	17		1	
1908	9.5400	17		1	
1909	9.5450	16		2	
1910	9.5500	16		2	
1911	9.5550	15		2	
1912	9.5600	15		3	
1913	9.5650	14		4	
1914	9.5700	14		4	
1915	9.5750	13		4	
1916	9.5800	12		5	
1917	9.5850	12		5	
1918	9.5900	11		6	
1919	9.5950	11		6	
1920	9.6000	10		7	
1921	9.6050	10		7	
1922	9.6100	9		8	
1923	9.6150	8		8	
1924	9.6200	8		8	
1925	9.6250	7		9	
1926	9.6300	6		10	
1927	9.6350	6		10	
1928	9.6400	5		10	
1929	9.6450	5		11	
1930	9.6500	4		11	
1931	9.6550	4		12	
1932	9.6600	3		12	
1933	9.6650	2		12	
1934	9.6700	2		12	
1935	9.6750	1		13	
1936	9.6800	0		13	
1937	9.6850	0		14	
1938	9.6900	-1		14	
1939	9.6950	-1		14	
1940	9.7000	-2		14	
1941	9.7050	-2		15	
1942	9.7100	-3		15	
1943	9.7150	-3		15	
1944	9.7200	-4		16	
1945	9.7250	-4		16	
1946	9.7300	-4		16	
1947	9.7350	-5		16	
1948	9.7400	-5		16	
1949	9.7450	-6		16	
1950	9.7500	-6		16	
1951	9.7550	-6		16	
1952	9.7600	-7		16	
1953	9.7650	-7		16	
1954	9.7700	-7		16	
1955	9.7750	-8		16	
1956	9.7800	-8		16	
1957	9.7850	-8		16	
1958	9.7900	-8		16	
1959	9.7950	-8		16	
1960	9.8000	-8		16	
1961	9.8050	-8		16	
1962	9.8100	-8		16	
1963	9.8150	-8		16	
1964	9.8200	-8		16	
1965	9.8250	-8		16	
1966	9.8300	-8		15	
1967	9.8350	-8		15	
1968	9.8400	-8		15	
1969	9.8450	-8		14	
1970	9.8500	-8		14	
1971	9.8550	-8		14	
1972	9.8600	-8		14	
1973	9.8650	-8		14	
1974	9.8700	-8		13	
1975	9.8750	-7		13	
1976	9.8800	-7		12	
1977	9.8850	-6		12	
1978	9.8900	-6		12	
1979	9.8950	-6		12	
1980	9.9000	-5		11	
1981	9.9050	-5		10	
1982	9.9100	-4		10	
1983	9.9150	-4		10	
1984	9.9200	-4		9	
1985	9.9250	-3		9	
1986	9.9300	-3		8	
1987	9.9350	-2		8	
1988	9.9400	-2		8	
1989	9.9450	-1		7	
1990	9.9500	0		7	
1991	9.9550	0		6	
1992	9.9600	0		6	
1993	9.9650	1		5	
1994	9.9700	2		5	
1995	9.9750	2		4	
1996	9.9800	3		4	
1997	9.9850	4		4	
1998	9.9900	4		3	
1999	9.9950	5		3	
2000	10.0000	6		2	
