#	time(s)	count A	count B	count C	count D
1	0.0050	-8		10	
2	0.0100	-8		9	
3	0.0150	-8		8	
4	0.0200	-8		7	
5	0.0250	-7		6	
6	0.0300	-7		5	
7	0.0350	-7		4	
8	0.0400	-6		2	
9	0.0450	-6		1	
10	0.0500	-6		0	
11	0.0550	-6		-1	
12	0.0600	-6		-2	
13	0.0650	-5		-3	
14	0.0700	-5		-4	
15	0.0750	-4		-6	
16	0.0800	-4		-6	
17	0.0850	-4		-8	
18	0.0900	-4		-9	
19	0.0950	-3		-10	
20	0.1000	-3		-11	
21	0.1050	-2		-12	
22	0.1100	-2		-13	
23	0.1150	-2		-14	
24	0.1200	-1		-15	
25	0.1250	-1		-16	
26	0.1300	0		-17	
27	0.1350	0		-18	
28	0.1400	1		-19	
29	0.1450	1		-20	
30	0.1500	2		-21	
31	0.1550	2		-22	
32	0.1600	2		-22	
33	0.1650	3		-24	
34	0.1700	4		-24	
35	0.1750	4		-25	
36	0.1800	4		-26	
37	0.1850	5		-26	
38	0.1900	5		-27	
39	0.1950	6		-28	
40	0.2000	6		-28	
41	0.2050	7		-29	
42	0.2100	7		-29	
43	0.2150	8		-30	
44	0.2200	8		-30	
45	0.2250	9		-30	
46	0.2300	9		-31	
47	0.2350	10		-31	
48	0.2400	10		-32	
49	0.2450	11		-32	
50	0.2500	11		-32	
51	0.2550	12		-32	
52	0.2600	12		-32	
53	0.2650	12		-32	
54	0.2700	13		-32	
55	0.2750	14		-33	
56	0.2800	14		-33	
57	0.2850	14		-32	
58	0.2900	14		-32	
59	0.2950	15		-32	
60	0.3000	16		-32	
61	0.3050	16		-32	
62	0.3100	16		-32	
63	0.3150	17		-32	
64	0.3200	17		-31	
65	0.3250	18		-31	
66	0.3300	18		-30	
67	0.3350	18		-30	
68	0.3400	18		-29	
69	0.3450	19		-29	
70	0.3500	19		-28	
71	0.3550	19		-28	
72	0.3600	20		-27	
73	0.3650	20		-26	
74	0.3700	20		-26	
75	0.3750	20		-25	
76	0.3800	20		-24	
77	0.3850	21		-24	
78	0.3900	21		-22	
79	0.3950	21		-22	
80	0.4000	21		-21	
81	0.4050	22		-20	
82	0.4100	22		-19	
83	0.4150	22		-18	
84	0.4200	22		-17	
85	0.4250	22		-16	
86	0.4300	22		-15	
87	0.4350	22		-14	
88	0.4400	22		-13	
89	0.4450	22		-12	
90	0.4500	22		-10	
91	0.4550	22		-10	
92	0.4600	22		-8	
93	0.4650	22		-7	
94	0.4700	22		-6	
95	0.4750	22		-5	
96	0.4800	22		-4	
97	0.4850	22		-2	
98	0.4900	22		-1	
99	0.4950	22		0	
100	0.5000	21		1	
101	0.5050	21		3	
102	0.5100	21		4	
103	0.5150	21		5	
104	0.5200	20		6	
105	0.5250	20		8	
106	0.5300	20		9	
107	0.5350	20		10	
108	0.5400	20		12	
109	0.5450	19		13	
110	0.5500	19		14	
111	0.5550	19		15	
112	0.5600	18		16	
113	0.5650	18		18	
114	0.5700	18		19	
115	0.5750	18		20	
116	0.5800	17		22	
117	0.5850	17		22	
118	0.5900	16		24	
119	0.5950	16		25	
120	0.6000	16		26	
121	0.6050	15		27	
122	0.6100	15		28	
123	0.6150	14		29	
124	0.6200	14		30	
125	0.6250	14		31	
126	0.6300	13		32	
127	0.6350	12		33	
128	0.6400	12		34	
129	0.6450	12		34	
130	0.6500	11		36	
131	0.6550	11		36	
132	0.6600	10		37	
133	0.6650	10		38	
134	0.6700	10		38	
135	0.6750	9		39	
136	0.6800	8		40	
137	0.6850	8		40	
138	0.6900	8		40	
139	0.6950	7		41	
140	0.7000	6		41	
141	0.7050	6		42	
142	0.7100	6		42	
143	0.7150	5		42	
144	0.7200	4		42	
145	0.7250	4		42	
146	0.7300	4		43	
147	0.7350	3		43	
148	0.7400	3		43	
149	0.7450	2		43	
150	0.7500	2		43	
151	0.7550	1		42	
152	0.7600	1		42	
153	0.7650	0		42	
154	0.7700	0		42	
155	0.7750	0		42	
156	0.7800	-1		42	
157	0.7850	-1		42	
158	0.7900	-2		41	
159	0.7950	-2		41	
160	0.8000	-2		40	
161	0.8050	-3		40	
162	0.8100	-3		40	
163	0.8150	-4		39	
164	0.8200	-4		39	
165	0.8250	-4		38	
166	0.8300	-4		38	
167	0.8350	-5		37	
168	0.8400	-5		37	
169	0.8450	-6		36	
170	0.8500	-6		36	
171	0.8550	-6		35	
172	0.8600	-6		34	
173	0.8650	-6		34	
174	0.8700	-7		33	
175	0.8750	-7		32	
176	0.8800	-7		31	
177	0.8850	-8		30	
178	0.8900	-8		30	
179	0.8950	-8		29	
180	0.9000	-8		28	
181	0.9050	-8		27	
182	0.9100	-8		26	
183	0.9150	-8		25	
184	0.9200	-8		24	
185	0.9250	-8		24	
186	0.9300	-8		22	
187	0.9350	-8		22	
188	0.9400	-8		20	
189	0.9450	-8		20	
190	0.9500	-8		18	
191	0.9550	-8		18	
192	0.9600	-8		16	
193	0.9650	-8		15	
194	0.9700	-8		14	
195	0.9750	-8		13	
196	0.9800	-8		12	
197	0.9850	-8		11	
198	0.9900	-8		10	
199	0.9950	-8		8	
200	1.0000	-8		7	
201	1.0050	-8		6	
202	1.0100	-7		5	
203	1.0150	-7		4	
204	1.0200	-7		3	
205	1.0250	-6		2	
206	1.0300	-6		0	
207	1.0350	-6		-1	
208	1.0400	-6		-2	
209	1.0450	-5		-3	
210	1.0500	-5		-4	
211	1.0550	-5		-6	
212	1.0600	-4		-6	
213	1.0650	-4		-8	
214	1.0700	-4		-9	
215	1.0750	-3		-10	
216	1.0800	-3		-11	
217	1.0850	-2		-12	
218	1.0900	-2		-13	
219	1.0950	-2		-14	
220	1.1000	-1		-15	
221	1.1050	-1		-16	
222	1.1100	0		-17	
223	1.1150	0		-18	
224	1.1200	0		-19	
225	1.1250	1		-20	
226	1.1300	1		-21	
227	1.1350	2		-22	
228	1.1400	2		-22	
229	1.1450	3		-23	
230	1.1500	3		-24	
231	1.1550	4		-25	
232	1.1600	4		-26	
233	1.1650	5		-26	
234	1.1700	5		-27	
235	1.1750	6		-28	
236	1.1800	6		-28	
237	1.1850	6		-29	
238	1.1900	7		-29	
239	1.1950	8		-30	
240	1.2000	8		-30	
241	1.2050	8		-30	
242	1.2100	9		-31	
243	1.2150	10		-31	
244	1.2200	10		-32	
245	1.2250	10		-32	
246	1.2300	11		-32	
247	1.2350	12		-32	
248	1.2400	12		-32	
249	1.2450	12		-32	
250	1.2500	13		-33	
251	1.2550	13		-33	
252	1.2600	14		-33	
253	1.2650	14		-33	
254	1.2700	14		-32	
255	1.2750	15		-32	
256	1.2800	15		-32	
257	1.2850	16		-32	
258	1.2900	16		-32	
259	1.2950	16		-32	
260	1.3000	17		-31	
261	1.3050	17		-31	
262	1.3100	18		-30	
263	1.3150	18		-30	
264	1.3200	18		-30	
265	1.3250	18		-29	
266	1.3300	19		-28	
267	1.3350	19		-28	
268	1.3400	20		-27	
269	1.3450	20		-26	
270	1.3500	20		-26	
271	1.3550	20		-25	
272	1.3600	20		-24	
273	1.3650	20		-24	
274	1.3700	21		-23	
275	1.3750	21		-22	
276	1.3800	21		-21	
277	1.3850	21		-20	
278	1.3900	22		-19	
279	1.3950	22		-18	
280	1.4000	22		-18	
281	1.4050	22		-16	
282	1.4100	22		-15	
283	1.4150	22		-14	
284	1.4200	22		-13	
285	1.4250	22		-12	
286	1.4300	22		-11	
287	1.4350	22		-10	
288	1.4400	22		-9	
289	1.4450	22		-8	
290	1.4500	22		-6	
291	1.4550	22		-5	
292	1.4600	22		-4	
293	1.4650	22		-3	
294	1.4700	22		-2	
295	1.4750	22		0	
296	1.4800	22		1	
297	1.4850	21		2	
298	1.4900	21		4	
299	1.4950	21		5	
300	1.5000	21		6	
301	1.5050	20		8	
302	1.5100	20		9	
303	1.5150	20		10	
304	1.5200	20		11	
305	1.5250	20		12	
306	1.5300	19		14	
307	1.5350	19		15	
308	1.5400	18		16	
309	1.5450	18		18	
310	1.5500	18		19	
311	1.5550	18		20	
312	1.5600	17		21	
313	1.5650	17		22	
314	1.5700	16		24	
315	1.5750	16		24	
316	1.5800	16		26	
317	1.5850	15		27	
318	1.5900	15		28	
319	1.5950	14		29	
320	1.6000	14		30	
321	1.6050	14		31	
322	1.6100	13		32	
323	1.6150	13		33	
324	1.6200	12		34	
325	1.6250	12		34	
326	1.6300	12		35	
327	1.6350	11		36	
328	1.6400	10		37	
329	1.6450	10		38	
330	1.6500	10		38	
331	1.6550	9		39	
332	1.6600	9		40	
333	1.6650	8		40	
334	1.6700	8		40	
335	1.6750	7		41	
336	1.6800	7		42	
337	1.6850	6		42	
338	1.6900	6		42	
339	1.6950	5		42	
340	1.7000	5		42	
341	1.7050	4		43	
342	1.7100	4		43	
343	1.7150	3		43	
344	1.7200	3		43	
345	1.7250	2		43	
346	1.7300	2		43	
347	1.7350	2		43	
348	1.7400	1		43	
349	1.7450	0		42	
350	1.7500	0		42	
351	1.7550	0		42	
352	1.7600	-1		42	
353	1.7650	-1		42	
354	1.7700	-2		42	
355	1.7750	-2		41	
356	1.7800	-2		41	
357	1.7850	-3		40	
358	1.7900	-3		40	
359	1.7950	-4		40	
360	1.8000	-4		39	
361	1.8050	-4		39	
362	1.8100	-4		38	
363	1.8150	-5		38	
364	1.8200	-5		37	
365	1.8250	-5		36	
366	1.8300	-6		36	
367	1.8350	-6		35	
368	1.8400	-6		35	
369	1.8450	-6		34	
370	1.8500	-7		33	
371	1.8550	-7		33	
372	1.8600	-7		32	
373	1.8650	-8		31	
374	1.8700	-8		30	
375	1.8750	-8		30	
376	1.8800	-8		29	
377	1.8850	-8		28	
378	1.8900	-8		27	
379	1.8950	-8		26	
380	1.9000	-8		25	
381	1.9050	-8		24	
382	1.9100	-8		23	
383	1.9150	-8		22	
384	1.9200	-8		21	
385	1.9250	-8		20	
386	1.9300	-8		19	
387	1.9350	-8		18	
388	1.9400	-8		17	
389	1.9450	-8		16	
390	1.9500	-8		15	
391	1.9550	-8		14	
392	1.9600	-8		13	
393	1.9650	-8		12	
394	1.9700	-8		10	
395	1.9750	-8		9	
396	1.9800	-8		8	
397	1.9850	-8		7	
398	1.9900	-7		6	
399	1.9950	-7		5	
400	2.0000	-7		4	
401	2.0050	-6		2	
402	2.0100	-6		1	
403	2.0150	-6		0	
404	2.0200	-6		-1	
405	2.0250	-6		-2	
406	2.0300	-5		-4	
407	2.0350	-5		-5	
408	2.0400	-4		-6	
409	2.0450	-4		-7	
410	2.0500	-4		-8	
411	2.0550	-4		-9	
412	2.0600	-3		-10	
413	2.0650	-3		-11	
414	2.0700	-2		-12	
415	2.0750	-2		-14	
416	2.0800	-2		-14	
417	2.0850	-1		-16	
418	2.0900	-1		-16	
419	2.0950	0		-18	
420	2.1000	0		-18	
421	2.1050	1		-19	
422	2.1100	1		-20	
423	2.1150	2		-21	
424	2.1200	2		-22	
425	2.1250	2		-23	
426	2.1300	3		-24	
427	2.1350	4		-24	
428	2.1400	4		-25	
429	2.1450	4		-26	
430	2.1500	5		-26	
431	2.1550	6		-27	
432	2.1600	6		-28	
433	2.1650	6		-28	
434	2.1700	7		-29	
435	2.1750	7		-30	
436	2.1800	8		-30	
437	2.1850	8		-30	
438	2.1900	9		-31	
439	2.1950	9		-31	
440	2.2000	10		-32	
441	2.2050	10		-32	
442	2.2100	11		-32	
443	2.2150	11		-32	
444	2.2200	12		-32	
445	2.2250	12		-32	
446	2.2300	13		-33	
447	2.2350	13		-33	
448	2.2400	14		-33	
449	2.2450	14		-33	
450	2.2500	14		-33	
451	2.2550	15		-32	
452	2.2600	15		-32	
453	2.2650	16		-32	
454	2.2700	16		-32	
455	2.2750	16		-32	
456	2.2800	17		-32	
457	2.2850	17		-31	
458	2.2900	18		-31	
459	2.2950	18		-30	
460	2.3000	18		-30	
461	2.3050	18		-30	
462	2.3100	19		-29	
463	2.3150	19		-28	
464	2.3200	19		-28	
465	2.3250	20		-27	
466	2.3300	20		-26	
467	2.3350	20		-26	
468	2.3400	20		-25	
469	2.3450	20		-24	
470	2.3500	21		-24	
471	2.3550	21		-22	
472	2.3600	21		-22	
473	2.3650	21		-21	
474	2.3700	22		-20	
475	2.3750	22		-19	
476	2.3800	22		-18	
477	2.3850	22		-17	
478	2.3900	22		-16	
479	2.3950	22		-15	
480	2.4000	22		-14	
481	2.4050	22		-13	
482	2.4100	22		-12	
483	2.4150	22		-10	
484	2.4200	22		-10	
485	2.4250	22		-8	
486	2.4300	22		-7	
487	2.4350	22		-6	
488	2.4400	22		-4	
489	2.4450	22		-4	
490	2.4500	22		-2	
491	2.4550	22		-1	
492	2.4600	22		0	
493	2.4650	21		2	
494	2.4700	21		3	
495	2.4750	21		4	
496	2.4800	21		5	
497	2.4850	20		6	
498	2.4900	20		8	
499	2.4950	20		9	
500	2.5000	20		10	
501	2.5050	20		12	
502	2.5100	19		13	
503	2.5150	19		14	
504	2.5200	19		16	
505	2.5250	18		17	
506	2.5300	18		18	
507	2.5350	18		19	
508	2.5400	18		20	
509	2.5450	17		22	
510	2.5500	17		23	
511	2.5550	16		24	
512	2.5600	16		25	
513	2.5650	16		26	
514	2.5700	15		27	
515	2.5750	15		28	
516	2.5800	14		29	
517	2.5850	14		30	
518	2.5900	14		31	
519	2.5950	13		32	
520	2.6000	12		33	
521	2.6050	12		34	
522	2.6100	12		35	
523	2.6150	11		36	
524	2.6200	11		36	
525	2.6250	10		37	
526	2.6300	10		38	
527	2.6350	10		38	
528	2.6400	9		39	
529	2.6450	8		40	
530	2.6500	8		40	
531	2.6550	8		41	
532	2.6600	7		41	
533	2.6650	6		42	
534	2.6700	6		42	
535	2.6750	6		42	
536	2.6800	5		42	
537	2.6850	4		42	
538	2.6900	4		43	
539	2.6950	4		43	
540	2.7000	3		43	
541	2.7050	2		43	
542	2.7100	2		43	
543	2.7150	2		43	
544	2.7200	1		43	
545	2.7250	1		42	
546	2.7300	0		42	
547	2.7350	0		42	
548	2.7400	0		42	
549	2.7450	-1		42	
550	2.7500	-1		42	
551	2.7550	-2		41	
552	2.7600	-2		41	
553	2.7650	-2		40	
554	2.7700	-3		40	
555	2.7750	-3		40	
556	2.7800	-4		40	
557	2.7850	-4		39	
558	2.7900	-4		38	
559	2.7950	-4		38	
560	2.8000	-5		38	
561	2.8050	-5		37	
562	2.8100	-6		36	
563	2.8150	-6		36	
564	2.8200	-6		35	
565	2.8250	-6		34	
566	2.8300	-7		34	
567	2.8350	-7		33	
568	2.8400	-7		32	
569	2.8450	-7		32	
570	2.8500	-8		31	
571	2.8550	-8		30	
572	2.8600	-8		29	
573	2.8650	-8		28	
574	2.8700	-8		27	
575	2.8750	-8		26	
576	2.8800	-8		26	
577	2.8850	-8		24	
578	2.8900	-8		24	
579	2.8950	-8		22	
580	2.9000	-8		22	
581	2.9050	-8		20	
582	2.9100	-8		20	
583	2.9150	-8		18	
584	2.9200	-8		18	
585	2.9250	-8		16	
586	2.9300	-8		15	
587	2.9350	-8		14	
588	2.9400	-8		13	
589	2.9450	-8		12	
590	2.9500	-8		11	
591	2.9550	-8		10	
592	2.9600	-8		8	
593	2.9650	-8		8	
594	2.9700	-8		6	
595	2.9750	-7		5	
596	2.9800	-7		4	
597	2.9850	-7		3	
598	2.9900	-6		2	
599	2.9950	-6		0	
600	3.0000	-6		-1	
601	3.0050	-6		-2	
602	3.0100	-5		-3	
603	3.0150	-5		-4	
604	3.0200	-5		-6	
605	3.0250	-4		-6	
606	3.0300	-4		-8	
607	3.0350	-4		-9	
608	3.0400	-3		-10	
609	3.0450	-3		-11	
610	3.0500	-2		-12	
611	3.0550	-2		-13	
612	3.0600	-2		-14	
613	3.0650	-1		-15	
614	3.0700	-1		-16	
615	3.0750	0		-17	
616	3.0800	0		-18	
617	3.0850	0		-19	
618	3.0900	1		-20	
619	3.0950	2		-21	
620	3.1000	2		-22	
621	3.1050	2		-22	
622	3.1100	3		-23	
623	3.1150	3		-24	
624	3.1200	4		-25	
625	3.1250	4		-26	
626	3.1300	5		-26	
627	3.1350	5		-27	
628	3.1400	6		-28	
629	3.1450	6		-28	
630	3.1500	7		-29	
631	3.1550	7		-29	
632	3.1600	8		-30	
633	3.1650	8		-30	
634	3.1700	9		-30	
635	3.1750	9		-31	
636	3.1800	10		-31	
637	3.1850	10		-32	
638	3.1900	10		-32	
639	3.1950	11		-32	
640	3.2000	12		-32	
641	3.2050	12		-32	
642	3.2100	12		-33	
643	3.2150	13		-33	
644	3.2200	13		-33	
645	3.2250	14		-33	
646	3.2300	14		-33	
647	3.2350	14		-33	
648	3.2400	15		-32	
649	3.2450	16		-32	
650	3.2500	16		-32	
651	3.2550	16		-32	
652	3.2600	16		-32	
653	3.2650	17		-31	
654	3.2700	17		-31	
655	3.2750	18		-30	
656	3.2800	18		-30	
657	3.2850	18		-30	
658	3.2900	18		-29	
659	3.2950	19		-28	
660	3.3000	19		-28	
661	3.3050	20		-27	
662	3.3100	20		-27	
663	3.3150	20		-26	
664	3.3200	20		-25	
665	3.3250	20		-24	
666	3.3300	21		-24	
667	3.3350	21		-23	
668	3.3400	21		-22	
669	3.3450	21		-21	
670	3.3500	21		-20	
671	3.3550	22		-20	
672	3.3600	22		-18	
673	3.3650	22		-18	
674	3.3700	22		-16	
675	3.3750	22		-16	
676	3.3800	22		-14	
677	3.3850	22		-13	
678	3.3900	22		-12	
679	3.3950	22		-11	
680	3.4000	22		-10	
681	3.4050	22		-9	
682	3.4100	22		-8	
683	3.4150	22		-6	
684	3.4200	22		-5	
685	3.4250	22		-4	
686	3.4300	22		-3	
687	3.4350	22		-2	
688	3.4400	22		0	
689	3.4450	22		1	
690	3.4500	21		2	
691	3.4550	21		4	
692	3.4600	21		5	
693	3.4650	20		6	
694	3.4700	20		7	
695	3.4750	20		8	
696	3.4800	20		10	
697	3.4850	20		11	
698	3.4900	19		12	
699	3.4950	19		14	
700	3.5000	19		15	
701	3.5050	18		16	
702	3.5100	18		18	
703	3.5150	18		19	
704	3.5200	18		20	
705	3.5250	17		21	
706	3.5300	17		22	
707	3.5350	16		24	
708	3.5400	16		24	
709	3.5450	16		26	
710	3.5500	15		27	
711	3.5550	15		28	
712	3.5600	14		29	
713	3.5650	14		30	
714	3.5700	14		31	
715	3.5750	13		32	
716	3.5800	13		33	
717	3.5850	12		34	
718	3.5900	12		34	
719	3.5950	12		35	
720	3.6000	11		36	
721	3.6050	10		37	
722	3.6100	10		38	
723	3.6150	10		38	
724	3.6200	9		39	
725	3.6250	8		40	
726	3.6300	8		40	
727	3.6350	8		40	
728	3.6400	7		41	
729	3.6450	7		42	
730	3.6500	6		42	
731	3.6550	6		42	
732	3.6600	5		42	
733	3.6650	5		42	
734	3.6700	4		43	
735	3.6750	4		43	
736	3.6800	3		43	
737	3.6850	3		43	
738	3.6900	2		43	
739	3.6950	2		43	
740	3.7000	2		43	
741	3.7050	1		43	
742	3.7100	0		42	
743	3.7150	0		42	
744	3.7200	0		42	
745	3.7250	-1		42	
746	3.7300	-1		42	
747	3.7350	-2		42	
748	3.7400	-2		41	
749	3.7450	-2		41	
750	3.7500	-3		40	
751	3.7550	-3		40	
752	3.7600	-4		40	
753	3.7650	-4		39	
754	3.7700	-4		38	
755	3.7750	-4		38	
756	3.7800	-5		38	
757	3.7850	-5		37	
758	3.7900	-5		36	
759	3.7950	-6		36	
760	3.8000	-6		35	
761	3.8050	-6		34	
762	3.8100	-6		34	
763	3.8150	-7		33	
764	3.8200	-7		32	
765	3.8250	-7		32	
766	3.8300	-8		31	
767	3.8350	-8		30	
768	3.8400	-8		29	
769	3.8450	-8		28	
770	3.8500	-8		28	
771	3.8550	-8		26	
772	3.8600	-8		26	
773	3.8650	-8		25	
774	3.8700	-8		24	
775	3.8750	-8		23	
776	3.8800	-8		22	
777	3.8850	-8		21	
778	3.8900	-8		20	
779	3.8950	-8		19	
780	3.9000	-8		18	
781	3.9050	-8		16	
782	3.9100	-8		16	
783	3.9150	-8		14	
784	3.9200	-8		14	
785	3.9250	-8		12	
786	3.9300	-8		11	
787	3.9350	-8		10	
788	3.9400	-8		9	
789	3.9450	-8		8	
790	3.9500	-8		6	
791	3.9550	-7		6	
792	3.9600	-7		4	
793	3.9650	-7		3	
794	3.9700	-6		2	
795	3.9750	-6		1	
796	3.9800	-6		0	
797	3.9850	-6		-2	
798	3.9900	-6		-3	
799	3.9950	-5		-4	
800	4.0000	-5		-5	
801	4.0050	-4		-6	
802	4.0100	-4		-7	
803	4.0150	-4		-8	
804	4.0200	-4		-10	
805	4.0250	-3		-11	
806	4.0300	-3		-12	
807	4.0350	-2		-13	
808	4.0400	-2		-14	
809	4.0450	-2		-15	
810	4.0500	-1		-16	
811	4.0550	0		-17	
812	4.0600	0		-18	
813	4.0650	0		-19	
814	4.0700	1		-20	
815	4.0750	1		-20	
816	4.0800	2		-22	
817	4.0850	2		-22	
818	4.0900	2		-23	
819	4.0950	3		-24	
820	4.1000	4		-25	
821	4.1050	4		-26	
822	4.1100	4		-26	
823	4.1150	5		-27	
824	4.1200	6		-28	
825	4.1250	6		-28	
826	4.1300	6		-29	
827	4.1350	7		-29	
828	4.1400	8		-30	
829	4.1450	8		-30	
830	4.1500	8		-30	
831	4.1550	9		-31	
832	4.1600	10		-32	
833	4.1650	10		-32	
834	4.1700	10		-32	
835	4.1750	11		-32	
836	4.1800	11		-32	
837	4.1850	12		-33	
838	4.1900	12		-33	
839	4.1950	13		-33	
840	4.2000	13		-33	
841	4.2050	14		-33	
842	4.2100	14		-33	
843	4.2150	14		-33	
844	4.2200	15		-33	
845	4.2250	15		-32	
846	4.2300	16		-32	
847	4.2350	16		-32	
848	4.2400	16		-32	
849	4.2450	17		-32	
850	4.2500	17		-31	
851	4.2550	18		-31	
852	4.2600	18		-30	
853	4.2650	18		-30	
854	4.2700	18		-30	
855	4.2750	19		-29	
856	4.2800	19		-28	
857	4.2850	19		-28	
858	4.2900	20		-27	
859	4.2950	20		-26	
860	4.3000	20		-26	
861	4.3050	20		-25	
862	4.3100	20		-24	
863	4.3150	21		-23	
864	4.3200	21		-22	
865	4.3250	21		-22	
866	4.3300	21		-21	
867	4.3350	22		-20	
868	4.3400	22		-19	
869	4.3450	22		-18	
870	4.3500	22		-17	
871	4.3550	22		-16	
872	4.3600	22		-15	
873	4.3650	22		-14	
874	4.3700	22		-12	
875	4.3750	22		-12	
876	4.3800	22		-10	
877	4.3850	22		-9	
878	4.3900	22		-8	
879	4.3950	22		-7	
880	4.4000	22		-6	
881	4.4050	22		-4	
882	4.4100	22		-3	
883	4.4150	22		-2	
884	4.4200	22		-1	
885	4.4250	22		0	
886	4.4300	21		2	
887	4.4350	21		3	
888	4.4400	21		4	
889	4.4450	21		6	
890	4.4500	20		7	
891	4.4550	20		8	
892	4.4600	20		10	
893	4.4650	20		11	
894	4.4700	20		12	
895	4.4750	19		13	
896	4.4800	19		14	
897	4.4850	19		16	
898	4.4900	18		17	
899	4.4950	18		18	
900	4.5000	18		20	
901	4.5050	17		21	
902	4.5100	17		22	
903	4.5150	17		23	
904	4.5200	16		24	
905	4.5250	16		25	
906	4.5300	16		26	
907	4.5350	15		28	
908	4.5400	15		28	
909	4.5450	14		30	
910	4.5500	14		30	
911	4.5550	13		32	
912	4.5600	13		32	
913	4.5650	12		34	
914	4.5700	12		34	
915	4.5750	12		35	
916	4.5800	11		36	
917	4.5850	11		37	
918	4.5900	10		38	
919	4.5950	10		38	
920	4.6000	9		39	
921	4.6050	9		40	
922	4.6100	8		40	
923	4.6150	8		40	
924	4.6200	7		41	
925	4.6250	7		42	
926	4.6300	6		42	
927	4.6350	6		42	
928	4.6400	6		42	
929	4.6450	5		42	
930	4.6500	4		43	
931	4.6550	4		43	
932	4.6600	4		43	
933	4.6650	3		43	
934	4.6700	2		43	
935	4.6750	2		43	
936	4.6800	2		43	
937	4.6850	1		43	
938	4.6900	1		43	
939	4.6950	0		42	
940	4.7000	0		42	
941	4.7050	0		42	
942	4.7100	-1		42	
943	4.7150	-2		42	
944	4.7200	-2		41	
945	4.7250	-2		41	
946	4.7300	-3		40	
947	4.7350	-3		40	
948	4.7400	-4		40	
949	4.7450	-4		39	
950	4.7500	-4		39	
951	4.7550	-4		38	
952	4.7600	-5		38	
953	4.7650	-5		37	
954	4.7700	-5		37	
955	4.7750	-6		36	
956	4.7800	-6		36	
957	4.7850	-6		35	
958	4.7900	-6		34	
959	4.7950	-7		34	
960	4.8000	-7		33	
961	4.8050	-7		32	
962	4.8100	-7		31	
963	4.8150	-8		30	
964	4.8200	-8		30	
965	4.8250	-8		29	
966	4.8300	-8		28	
967	4.8350	-8		27	
968	4.8400	-8		26	
969	4.8450	-8		25	
970	4.8500	-8		24	
971	4.8550	-8		23	
972	4.8600	-8		22	
973	4.8650	-8		22	
974	4.8700	-8		20	
975	4.8750	-8		20	
976	4.8800	-8		18	
977	4.8850	-8		17	
978	4.8900	-8		16	
979	4.8950	-8		15	
980	4.9000	-8		14	
981	4.9050	-8		13	
982	4.9100	-8		12	
983	4.9150	-8		10	
984	4.9200	-8		9	
985	4.9250	-8		8	
986	4.9300	-8		7	
987	4.9350	-7		6	
988	4.9400	-7		5	
989	4.9450	-7		4	
990	4.9500	-7		2	
991	4.9550	-6		1	
992	4.9600	-6		0	
993	4.9650	-6		-1	
994	4.9700	-6		-2	
995	4.9750	-5		-4	
996	4.9800	-5		-4	
997	4.9850	-4		-6	
998	4.9900	-4		-7	
999	4.9950	-4		-8	
1000	5.0000	-4		-9	
1001	5.0050	-3		-10	
1002	5.0100	-3		-11	
1003	5.0150	-2		-12	
1004	5.0200	-2		-14	
1005	5.0250	-2		-14	
1006	5.0300	-1		-16	
1007	5.0350	-1		-16	
1008	5.0400	0		-18	
1009	5.0450	0		-18	
1010	5.0500	0		-19	
1011	5.0550	1		-20	
1012	5.0600	2		-21	
1013	5.0650	2		-22	
1014	5.0700	2		-23	
1015	5.0750	3		-24	
1016	5.0800	3		-24	
1017	5.0850	4		-25	
1018	5.0900	4		-26	
1019	5.0950	5		-26	
1020	5.1000	5		-27	
1021	5.1050	6		-28	
1022	5.1100	6		-28	
1023	5.1150	7		-29	
1024	5.1200	7		-30	
1025	5.1250	8		-30	
1026	5.1300	8		-30	
1027	5.1350	9		-31	
1028	5.1400	9		-31	
1029	5.1450	10		-32	
1030	5.1500	10		-32	
1031	5.1550	11		-32	
1032	5.1600	11		-32	
1033	5.1650	12		-32	
1034	5.1700	12		-33	
1035	5.1750	12		-33	
1036	5.1800	13		-33	
1037	5.1850	13		-33	
1038	5.1900	14		-33	
1039	5.1950	14		-33	
1040	5.2000	14		-33	
1041	5.2050	15		-33	
1042	5.2100	16		-32	
1043	5.2150	16		-32	
1044	5.2200	16		-32	
1045	5.2250	17		-32	
1046	5.2300	17		-32	
1047	5.2350	17		-31	
1048	5.2400	18		-30	
1049	5.2450	18		-30	
1050	5.2500	18		-30	
1051	5.2550	19		-29	
1052	5.2600	19		-28	
1053	5.2650	19		-28	
1054	5.2700	20		-28	
1055	5.2750	20		-27	
1056	5.2800	20		-26	
1057	5.2850	20		-25	
1058	5.2900	20		-24	
1059	5.2950	21		-24	
1060	5.3000	21		-23	
1061	5.3050	21		-22	
1062	5.3100	21		-21	
1063	5.3150	21		-20	
1064	5.3200	22		-19	
1065	5.3250	22		-18	
1066	5.3300	22		-17	
1067	5.3350	22		-16	
1068	5.3400	22		-15	
1069	5.3450	22		-14	
1070	5.3500	22		-13	
1071	5.3550	22		-12	
1072	5.3600	22		-11	
1073	5.3650	22		-10	
1074	5.3700	22		-8	
1075	5.3750	22		-8	
1076	5.3800	22		-6	
1077	5.3850	22		-5	
1078	5.3900	22		-4	
1079	5.3950	22		-2	
1080	5.4000	22		-1	
1081	5.4050	22		0	
1082	5.4100	21		1	
1083	5.4150	21		2	
1084	5.4200	21		4	
1085	5.4250	21		5	
1086	5.4300	20		6	
1087	5.4350	20		8	
1088	5.4400	20		9	
1089	5.4450	20		10	
1090	5.4500	20		12	
1091	5.4550	19		13	
1092	5.4600	19		14	
1093	5.4650	19		15	
1094	5.4700	18		16	
1095	5.4750	18		18	
1096	5.4800	18		19	
1097	5.4850	18		20	
1098	5.4900	17		21	
1099	5.4950	17		22	
1100	5.5000	16		24	
1101	5.5050	16		25	
1102	5.5100	16		26	
1103	5.5150	15		27	
1104	5.5200	15		28	
1105	5.5250	14		29	
1106	5.5300	14		30	
1107	5.5350	14		31	
1108	5.5400	13		32	
1109	5.5450	13		33	
1110	5.5500	12		34	
1111	5.5550	12		35	
1112	5.5600	12		36	
1113	5.5650	11		36	
1114	5.5700	10		37	
1115	5.5750	10		38	
1116	5.5800	10		38	
1117	5.5850	9		39	
1118	5.5900	8		40	
1119	5.5950	8		40	
1120	5.6000	8		41	
1121	5.6050	7		41	
1122	5.6100	6		42	
1123	5.6150	6		42	
1124	5.6200	6		42	
1125	5.6250	5		42	
1126	5.6300	5		43	
1127	5.6350	4		43	
1128	5.6400	4		43	
1129	5.6450	3		43	
1130	5.6500	3		43	
1131	5.6550	2		43	
1132	5.6600	2		43	
1133	5.6650	2		43	
1134	5.6700	1		43	
1135	5.6750	0		42	
1136	5.6800	0		42	
1137	5.6850	0		42	
1138	5.6900	-1		42	
1139	5.6950	-1		42	
1140	5.7000	-2		42	
1141	5.7050	-2		41	
1142	5.7100	-2		41	
1143	5.7150	-3		40	
1144	5.7200	-3		40	
1145	5.7250	-4		40	
1146	5.7300	-4		39	
1147	5.7350	-4		39	
1148	5.7400	-4		38	
1149	5.7450	-5		38	
1150	5.7500	-5		37	
1151	5.7550	-6		36	
1152	5.7600	-6		36	
1153	5.7650	-6		35	
1154	5.7700	-6		34	
1155	5.7750	-6		34	
1156	5.7800	-7		33	
1157	5.7850	-7		32	
1158	5.7900	-7		32	
1159	5.7950	-8		31	
1160	5.8000	-8		30	
1161	5.8050	-8		29	
1162	5.8100	-8		28	
1163	5.8150	-8		28	
1164	5.8200	-8		26	
1165	5.8250	-8		26	
1166	5.8300	-8		25	
1167	5.8350	-8		24	
1168	5.8400	-8		23	
1169	5.8450	-8		22	
1170	5.8500	-8		21	
1171	5.8550	-8		20	
1172	5.8600	-8		19	
1173	5.8650	-8		18	
1174	5.8700	-8		16	
1175	5.8750	-8		16	
1176	5.8800	-8		14	
1177	5.8850	-8		13	
1178	5.8900	-8		12	
1179	5.8950	-8		11	
1180	5.9000	-8		10	
1181	5.9050	-8		8	
1182	5.9100	-8		8	
1183	5.9150	-8		6	
1184	5.9200	-7		5	
1185	5.9250	-7		4	
1186	5.9300	-7		3	
1187	5.9350	-6		2	
1188	5.9400	-6		0	
1189	5.9450	-6		-1	
1190	5.9500	-6		-2	
1191	5.9550	-5		-3	
1192	5.9600	-5		-4	
1193	5.9650	-5		-5	
1194	5.9700	-4		-6	
1195	5.9750	-4		-8	
1196	5.9800	-4		-9	
1197	5.9850	-4		-10	
1198	5.9900	-3		-11	
1199	5.9950	-3		-12	
1200	6.0000	-2		-13	
1201	6.0050	-2		-14	
1202	6.0100	-2		-15	
1203	6.0150	-1		-16	
1204	6.0200	0		-17	
1205	6.0250	0		-18	
1206	6.0300	0		-19	
1207	6.0350	1		-20	
1208	6.0400	1		-21	
1209	6.0450	2		-22	
1210	6.0500	2		-23	
1211	6.0550	3		-24	
1212	6.0600	3		-24	
1213	6.0650	4		-25	
1214	6.0700	4		-26	
1215	6.0750	4		-26	
1216	6.0800	5		-27	
1217	6.0850	6		-28	
1218	6.0900	6		-28	
1219	6.0950	6		-29	
1220	6.1000	7		-30	
1221	6.1050	8		-30	
1222	6.1100	8		-30	
1223	6.1150	8		-31	
1224	6.1200	9		-31	
1225	6.1250	10		-32	
1226	6.1300	10		-32	
1227	6.1350	10		-32	
1228	6.1400	11		-32	
1229	6.1450	12		-33	
1230	6.1500	12		-33	
1231	6.1550	12		-33	
1232	6.1600	13		-33	
1233	6.1650	13		-33	
1234	6.1700	14		-33	
1235	6.1750	14		-33	
1236	6.1800	14		-33	
1237	6.1850	15		-33	
1238	6.1900	15		-33	
1239	6.1950	16		-32	
1240	6.2000	16		-32	
1241	6.2050	16		-32	
1242	6.2100	17		-32	
1243	6.2150	17		-31	
1244	6.2200	18		-31	
1245	6.2250	18		-30	
1246	6.2300	18		-30	
1247	6.2350	18		-30	
1248	6.2400	19		-29	
1249	6.2450	19		-28	
1250	6.2500	20		-28	
1251	6.2550	20		-27	
1252	6.2600	20		-26	
1253	6.2650	20		-26	
1254	6.2700	20		-25	
1255	6.2750	20		-24	
1256	6.2800	21		-23	
1257	6.2850	21		-22	
1258	6.2900	21		-22	
1259	6.2950	21		-21	
1260	6.3000	22		-20	
1261	6.3050	22		-19	
1262	6.3100	22		-18	
1263	6.3150	22		-17	
1264	6.3200	22		-16	
1265	6.3250	22		-15	
1266	6.3300	22		-14	
1267	6.3350	22		-12	
1268	6.3400	22		-12	
1269	6.3450	22		-10	
1270	6.3500	22		-9	
1271	6.3550	22		-8	
1272	6.3600	22		-7	
1273	6.3650	22		-6	
1274	6.3700	22		-4	
1275	6.3750	22		-3	
1276	6.3800	22		-2	
1277	6.3850	22		0	
1278	6.3900	22		0	
1279	6.3950	21		2	
1280	6.4000	21		3	
1281	6.4050	21		4	
1282	6.4100	21		6	
1283	6.4150	20		7	
1284	6.4200	20		8	
1285	6.4250	20		10	
1286	6.4300	20		11	
1287	6.4350	20		12	
1288	6.4400	19		14	
1289	6.4450	19		15	
1290	6.4500	19		16	
1291	6.4550	18		17	
1292	6.4600	18		18	
1293	6.4650	18		20	
1294	6.4700	17		21	
1295	6.4750	17		22	
1296	6.4800	16		23	
1297	6.4850	16		24	
1298	6.4900	16		26	
1299	6.4950	16		26	
1300	6.5000	15		28	
1301	6.5050	14		29	
1302	6.5100	14		30	
1303	6.5150	14		31	
1304	6.5200	13		32	
1305	6.5250	13		33	
1306	6.5300	12		34	
1307	6.5350	12		34	
1308	6.5400	12		35	
1309	6.5450	11		36	
1310	6.5500	11		37	
1311	6.5550	10		38	
1312	6.5600	10		38	
1313	6.5650	9		39	
1314	6.5700	9		40	
1315	6.5750	8		40	
1316	6.5800	8		40	
1317	6.5850	7		41	
1318	6.5900	7		42	
1319	6.5950	6		42	
1320	6.6000	6		42	
1321	6.6050	5		42	
1322	6.6100	5		43	
1323	6.6150	4		43	
1324	6.6200	4		43	
1325	6.6250	4		43	
1326	6.6300	3		43	
1327	6.6350	2		43	
1328	6.6400	2		43	
1329	6.6450	2		43	
1330	6.6500	1		43	
1331	6.6550	1		43	
1332	6.6600	0		42	
1333	6.6650	0		42	
1334	6.6700	-1		42	
1335	6.6750	-1		42	
1336	6.6800	-2		42	
1337	6.6850	-2		42	
1338	6.6900	-2		41	
1339	6.6950	-3		41	
1340	6.7000	-3		40	
1341	6.7050	-4		40	
1342	6.7100	-4		40	
1343	6.7150	-4		39	
1344	6.7200	-4		38	
1345	6.7250	-5		38	
1346	6.7300	-5		38	
1347	6.7350	-5		37	
1348	6.7400	-6		36	
1349	6.7450	-6		36	
1350	6.7500	-6		35	
1351	6.7550	-6		34	
1352	6.7600	-7		34	
1353	6.7650	-7		33	
1354	6.7700	-7		32	
1355	6.7750	-7		32	
1356	6.7800	-8		30	
1357	6.7850	-8		30	
1358	6.7900	-8		29	
1359	6.7950	-8		28	
1360	6.8000	-8		27	
1361	6.8050	-8		26	
1362	6.8100	-8		25	
1363	6.8150	-8		24	
1364	6.8200	-8		24	
1365	6.8250	-8		22	
1366	6.8300	-8		22	
1367	6.8350	-8		20	
1368	6.8400	-8		20	
1369	6.8450	-8		18	
1370	6.8500	-8		17	
1371	6.8550	-8		16	
1372	6.8600	-8		15	
1373	6.8650	-8		14	
1374	6.8700	-8		13	
1375	6.8750	-8		12	
1376	6.8800	-8		10	
1377	6.8850	-8		10	
1378	6.8900	-8		8	
1379	6.8950	-8		7	
1380	6.9000	-7		6	
1381	6.9050	-7		5	
1382	6.9100	-7		4	
1383	6.9150	-6		2	
1384	6.9200	-6		1	
1385	6.9250	-6		0	
1386	6.9300	-6		-1	
1387	6.9350	-6		-2	
1388	6.9400	-5		-4	
1389	6.9450	-5		-4	
1390	6.9500	-4		-6	
1391	6.9550	-4		-7	
1392	6.9600	-4		-8	
1393	6.9650	-4		-9	
1394	6.9700	-3		-10	
1395	6.9750	-3		-11	
1396	6.9800	-2		-12	
1397	6.9850	-2		-14	
1398	6.9900	-2		-14	
1399	6.9950	-1		-16	
1400	7.0000	-1		-16	
1401	7.0050	0		-18	
1402	7.0100	0		-18	
1403	7.0150	1		-20	
1404	7.0200	1		-20	
1405	7.0250	2		-21	
1406	7.0300	2		-22	
1407	7.0350	2		-23	
1408	7.0400	3		-24	
1409	7.0450	4		-24	
1410	7.0500	4		-25	
1411	7.0550	4		-26	
1412	7.0600	5		-26	
1413	7.0650	5		-27	
1414	7.0700	6		-28	
1415	7.0750	6		-28	
1416	7.0800	7		-29	
1417	7.0850	7		-30	
1418	7.0900	8		-30	
1419	7.0950	8		-30	
1420	7.1000	9		-31	
1421	7.1050	9		-32	
1422	7.1100	10		-32	
1423	7.1150	10		-32	
1424	7.1200	11		-32	
1425	7.1250	11		-32	
1426	7.1300	12		-33	
1427	7.1350	12		-33	
1428	7.1400	12		-33	
1429	7.1450	13		-33	
1430	7.1500	14		-33	
1431	7.1550	14		-33	
1432	7.1600	14		-33	
1433	7.1650	14		-33	
1434	7.1700	15		-33	
1435	7.1750	16		-32	
1436	7.1800	16		-32	
1437	7.1850	16		-32	
1438	7.1900	17		-32	
1439	7.1950	17		-32	
1440	7.2000	17		-31	
1441	7.2050	18		-31	
1442	7.2100	18		-30	
1443	7.2150	18		-30	
1444	7.2200	19		-29	
1445	7.2250	19		-29	
1446	7.2300	19		-28	
1447	7.2350	20		-28	
1448	7.2400	20		-27	
1449	7.2450	20		-26	
1450	7.2500	20		-26	
1451	7.2550	20		-24	
1452	7.2600	21		-24	
1453	7.2650	21		-23	
1454	7.2700	21		-22	
1455	7.2750	21		-21	
1456	7.2800	22		-20	
1457	7.2850	22		-20	
1458	7.2900	22		-18	
1459	7.2950	22		-18	
1460	7.3000	22		-16	
1461	7.3050	22		-15	
1462	7.3100	22		-14	
1463	7.3150	22		-13	
1464	7.3200	22		-12	
1465	7.3250	22		-11	
1466	7.3300	22		-10	
1467	7.3350	22		-8	
1468	7.3400	22		-8	
1469	7.3450	22		-6	
1470	7.3500	22		-5	
1471	7.3550	22		-4	
1472	7.3600	22		-2	
1473	7.3650	22		-2	
1474	7.3700	22		0	
1475	7.3750	21		1	
1476	7.3800	21		2	
1477	7.3850	21		4	
1478	7.3900	21		5	
1479	7.3950	20		6	
1480	7.4000	20		8	
1481	7.4050	20		9	
1482	7.4100	20		10	
1483	7.4150	20		12	
1484	7.4200	19		13	
1485	7.4250	19		14	
1486	7.4300	19		15	
1487	7.4350	18		16	
1488	7.4400	18		18	
1489	7.4450	18		19	
1490	7.4500	18		20	
1491	7.4550	17		21	
1492	7.4600	17		22	
1493	7.4650	16		24	
1494	7.4700	16		25	
1495	7.4750	16		26	
1496	7.4800	15		27	
1497	7.4850	15		28	
1498	7.4900	14		29	
1499	7.4950	14		30	
1500	7.5000	14		31	
1501	7.5050	13		32	
1502	7.5100	12		33	
1503	7.5150	12		34	
1504	7.5200	12		35	
1505	7.5250	11		36	
1506	7.5300	11		36	
1507	7.5350	10		37	
1508	7.5400	10		38	
1509	7.5450	10		38	
1510	7.5500	9		39	
1511	7.5550	8		40	
1512	7.5600	8		40	
1513	7.5650	8		41	
1514	7.5700	7		41	
1515	7.5750	6		42	
1516	7.5800	6		42	
1517	7.5850	6		42	
1518	7.5900	5		42	
1519	7.5950	4		43	
1520	7.6000	4		43	
1521	7.6050	4		43	
1522	7.6100	3		43	
1523	7.6150	3		43	
1524	7.6200	2		43	
1525	7.6250	2		43	
1526	7.6300	1		43	
1527	7.6350	1		43	
1528	7.6400	0		42	
1529	7.6450	0		42	
1530	7.6500	0		42	
1531	7.6550	-1		42	
1532	7.6600	-1		42	
1533	7.6650	-2		42	
1534	7.6700	-2		41	
1535	7.6750	-2		41	
1536	7.6800	-3		40	
1537	7.6850	-3		40	
1538	7.6900	-4		40	
1539	7.6950	-4		39	
1540	7.7000	-4		39	
1541	7.7050	-4		38	
1542	7.7100	-5		38	
1543	7.7150	-5		37	
1544	7.7200	-6		36	
1545	7.7250	-6		36	
1546	7.7300	-6		35	
1547	7.7350	-6		34	
1548	7.7400	-7		34	
1549	7.7450	-7		33	
1550	7.7500	-7		32	
1551	7.7550	-7		32	
1552	7.7600	-8		31	
1553	7.7650	-8		30	
1554	7.7700	-8		29	
1555	7.7750	-8		28	
1556	7.7800	-8		28	
1557	7.7850	-8		27	
1558	7.7900	-8		26	
1559	7.7950	-8		25	
1560	7.8000	-8		24	
1561	7.8050	-8		23	
1562	7.8100	-8		22	
1563	7.8150	-8		21	
1564	7.8200	-8		20	
1565	7.8250	-8		19	
1566	7.8300	-8		18	
1567	7.8350	-8		17	
1568	7.8400	-8		16	
1569	7.8450	-8		14	
1570	7.8500	-8		14	
1571	7.8550	-8		12	
1572	7.8600	-8		11	
1573	7.8650	-8		10	
1574	7.8700	-8		9	
1575	7.8750	-8		8	
1576	7.8800	-8		7	
1577	7.8850	-7		6	
1578	7.8900	-7		4	
1579	7.8950	-7		3	
1580	7.9000	-6		2	
1581	7.9050	-6		1	
1582	7.9100	-6		0	
1583	7.9150	-6		-2	
1584	7.9200	-5		-3	
1585	7.9250	-5		-4	
1586	7.9300	-5		-5	
1587	7.9350	-4		-6	
1588	7.9400	-4		-7	
1589	7.9450	-4		-8	
1590	7.9500	-3		-10	
1591	7.9550	-3		-10	
1592	7.9600	-2		-12	
1593	7.9650	-2		-13	
1594	7.9700	-2		-14	
1595	7.9750	-1		-15	
1596	7.9800	-1		-16	
1597	7.9850	0		-17	
1598	7.9900	0		-18	
1599	7.9950	0		-18	
1600	8.0000	1		-20	
1601	8.0050	1		-20	
1602	8.0100	2		-22	
1603	8.0150	2		-22	
1604	8.0200	3		-23	
1605	8.0250	3		-24	
1606	8.0300	4		-24	
1607	8.0350	4		-26	
1608	8.0400	5		-26	
1609	8.0450	5		-27	
1610	8.0500	6		-28	
1611	8.0550	6		-28	
1612	8.0600	6		-28	
1613	8.0650	7		-29	
1614	8.0700	8		-30	
1615	8.0750	8		-30	
1616	8.0800	8		-30	
1617	8.0850	9		-31	
1618	8.0900	10		-31	
1619	8.0950	10		-32	
1620	8.1000	10		-32	
1621	8.1050	11		-32	
1622	8.1100	12		-32	
1623	8.1150	12		-32	
1624	8.1200	12		-33	
1625	8.1250	13		-33	
1626	8.1300	13		-33	
1627	8.1350	14		-33	
1628	8.1400	14		-33	
1629	8.1450	14		-33	
1630	8.1500	15		-33	
1631	8.1550	15		-32	
1632	8.1600	16		-32	
1633	8.1650	16		-32	
1634	8.1700	16		-32	
1635	8.1750	17		-32	
1636	8.1800	17		-31	
1637	8.1850	18		-31	
1638	8.1900	18		-30	
1639	8.1950	18		-30	
1640	8.2000	18		-30	
1641	8.2050	19		-29	
1642	8.2100	19		-28	
1643	8.2150	20		-28	
1644	8.2200	20		-27	
1645	8.2250	20		-26	
1646	8.2300	20		-26	
1647	8.2350	20		-25	
1648	8.2400	20		-24	
1649	8.2450	21		-23	
1650	8.2500	21		-22	
1651	8.2550	21		-22	
1652	8.2600	21		-21	
1653	8.2650	22		-20	
1654	8.2700	22		-19	
1655	8.2750	22		-18	
1656	8.2800	22		-17	
1657	8.2850	22		-16	
1658	8.2900	22		-15	
1659	8.2950	22		-14	
1660	8.3000	22		-12	
1661	8.3050	22		-12	
1662	8.3100	22		-10	
1663	8.3150	22		-9	
1664	8.3200	22		-8	
1665	8.3250	22		-7	
1666	8.3300	22		-6	
1667	8.3350	22		-4	
1668	8.3400	22		-3	
1669	8.3450	22		-2	
1670	8.3500	22		-1	
1671	8.3550	22		0	
1672	8.3600	21		2	
1673	8.3650	21		3	
1674	8.3700	21		4	
1675	8.3750	21		6	
1676	8.3800	20		7	
1677	8.3850	20		8	
1678	8.3900	20		10	
1679	8.3950	20		11	
1680	8.4000	20		12	
1681	8.4050	19		13	
1682	8.4100	19		14	
1683	8.4150	18		16	
1684	8.4200	18		17	
1685	8.4250	18		18	
1686	8.4300	18		20	
1687	8.4350	17		21	
1688	8.4400	17		22	
1689	8.4450	16		23	
1690	8.4500	16		24	
1691	8.4550	16		25	
1692	8.4600	15		26	
1693	8.4650	15		28	
1694	8.4700	14		28	
1695	8.4750	14		30	
1696	8.4800	14		30	
1697	8.4850	13		32	
1698	8.4900	13		32	
1699	8.4950	12		33	
1700	8.5000	12		34	
1701	8.5050	12		35	
1702	8.5100	11		36	
1703	8.5150	10		36	
1704	8.5200	10		37	
1705	8.5250	10		38	
1706	8.5300	9		39	
1707	8.5350	9		39	
1708	8.5400	8		40	
1709	8.5450	8		40	
1710	8.5500	7		41	
1711	8.5550	7		41	
1712	8.5600	6		42	
1713	8.5650	6		42	
1714	8.5700	5		42	
1715	8.5750	5		42	
1716	8.5800	4		43	
1717	8.5850	4		43	
1718	8.5900	3		43	
1719	8.5950	3		43	
1720	8.6000	2		43	
1721	8.6050	2		43	
1722	8.6100	2		43	
1723	8.6150	1		43	
1724	8.6200	0		42	
1725	8.6250	0		42	
1726	8.6300	0		42	
1727	8.6350	-1		42	
1728	8.6400	-1		42	
1729	8.6450	-2		42	
1730	8.6500	-2		41	
1731	8.6550	-2		41	
1732	8.6600	-3		40	
1733	8.6650	-3		40	
1734	8.6700	-4		40	
1735	8.6750	-4		39	
1736	8.6800	-4		39	
1737	8.6850	-4		38	
1738	8.6900	-5		38	
1739	8.6950	-5		37	
1740	8.7000	-5		37	
1741	8.7050	-6		36	
1742	8.7100	-6		36	
1743	8.7150	-6		35	
1744	8.7200	-6		34	
1745	8.7250	-7		34	
1746	8.7300	-7		33	
1747	8.7350	-7		32	
1748	8.7400	-8		31	
1749	8.7450	-8		30	
1750	8.7500	-8		30	
1751	8.7550	-8		29	
1752	8.7600	-8		28	
1753	8.7650	-8		27	
1754	8.7700	-8		26	
1755	8.7750	-8		25	
1756	8.7800	-8		24	
1757	8.7850	-8		24	
1758	8.7900	-8		22	
1759	8.7950	-8		22	
1760	8.8000	-8		20	
1761	8.8050	-8		19	
1762	8.8100	-8		18	
1763	8.8150	-8		17	
1764	8.8200	-8		16	
1765	8.8250	-8		15	
1766	8.8300	-8		14	
1767	8.8350	-8		13	
1768	8.8400	-8		12	
1769	8.8450	-8		10	
1770	8.8500	-8		10	
1771	8.8550	-8		8	
1772	8.8600	-8		7	
1773	8.8650	-7		6	
1774	8.8700	-7		5	
1775	8.8750	-7		4	
1776	8.8800	-6		2	
1777	8.8850	-6		1	
1778	8.8900	-6		0	
1779	8.8950	-6		-1	
1780	8.9000	-6		-2	
1781	8.9050	-5		-4	
1782	8.9100	-5		-4	
1783	8.9150	-4		-6	
1784	8.9200	-4		-7	
1785	8.9250	-4		-8	
1786	8.9300	-4		-9	
1787	8.9350	-3		-10	
1788	8.9400	-3		-11	
1789	8.9450	-2		-12	
1790	8.9500	-2		-13	
1791	8.9550	-2		-14	
1792	8.9600	-1		-16	
1793	8.9650	-1		-16	
1794	8.9700	0		-17	
1795	8.9750	0		-18	
1796	8.9800	1		-19	
1797	8.9850	1		-20	
1798	8.9900	2		-21	
1799	8.9950	2		-22	
1800	9.0000	2		-23	
1801	9.0050	3		-24	
1802	9.0100	4		-24	
1803	9.0150	4		-25	
1804	9.0200	4		-26	
1805	9.0250	5		-26	
1806	9.0300	6		-27	
1807	9.0350	6		-28	
1808	9.0400	6		-28	
1809	9.0450	7		-29	
1810	9.0500	8		-30	
1811	9.0550	8		-30	
1812	9.0600	8		-30	
1813	9.0650	9		-31	
1814	9.0700	9		-31	
1815	9.0750	10		-32	
1816	9.0800	10		-32	
1817	9.0850	11		-32	
1818	9.0900	11		-32	
1819	9.0950	12		-32	
1820	9.1000	12		-33	
1821	9.1050	13		-33	
1822	9.1100	13		-33	
1823	9.1150	14		-33	
1824	9.1200	14		-33	
1825	9.1250	14		-33	
1826	9.1300	15		-33	
1827	9.1350	15		-32	
1828	9.1400	16		-32	
1829	9.1450	16		-32	
1830	9.1500	16		-32	
1831	9.1550	17		-32	
1832	9.1600	17		-31	
1833	9.1650	18		-31	
1834	9.1700	18		-30	
1835	9.1750	18		-30	
1836	9.1800	18		-30	
1837	9.1850	19		-29	
1838	9.1900	19		-28	
1839	9.1950	19		-28	
1840	9.2000	20		-27	
1841	9.2050	20		-27	
1842	9.2100	20		-26	
1843	9.2150	20		-25	
1844	9.2200	20		-24	
1845	9.2250	21		-24	
1846	9.2300	21		-23	
1847	9.2350	21		-22	
1848	9.2400	21		-21	
1849	9.2450	22		-20	
1850	9.2500	22		-19	
1851	9.2550	22		-18	
1852	9.2600	22		-17	
1853	9.2650	22		-16	
1854	9.2700	22		-15	
1855	9.2750	22		-14	
1856	9.2800	22		-13	
1857	9.2850	22		-12	
1858	9.2900	22		-11	
1859	9.2950	22		-10	
1860	9.3000	22		-8	
1861	9.3050	22		-7	
1862	9.3100	22		-6	
1863	9.3150	22		-5	
1864	9.3200	22		-4	
1865	9.3250	22		-2	
1866	9.3300	22		-1	
1867	9.3350	22		0	
1868	9.3400	21		1	
1869	9.3450	21		2	
1870	9.3500	21		4	
1871	9.3550	21		5	
1872	9.3600	20		6	
1873	9.3650	20		8	
1874	9.3700	20		9	
1875	9.3750	20		10	
1876	9.3800	20		11	
1877	9.3850	19		12	
1878	9.3900	19		14	
1879	9.3950	19		15	
1880	9.4000	18		16	
1881	9.4050	18		18	
1882	9.4100	18		19	
1883	9.4150	18		20	
1884	9.4200	17		21	
1885	9.4250	17		22	
1886	9.4300	16		24	
1887	9.4350	16		25	
1888	9.4400	16		26	
1889	9.4450	15		27	
1890	9.4500	15		28	
1891	9.4550	14		29	
1892	9.4600	14		30	
1893	9.4650	14		31	
1894	9.4700	13		32	
1895	9.4750	12		33	
1896	9.4800	12		34	
1897	9.4850	12		34	
1898	9.4900	11		35	
1899	9.4950	11		36	
1900	9.5000	10		37	
1901	9.5050	10		38	
1902	9.5100	10		38	
1903	9.5150	9		39	
1904	9.5200	8		40	
1905	9.5250	8		40	
1906	9.5300	8		40	
1907	9.5350	7		41	
1908	9.5400	6		41	
1909	9.5450	6		42	
1910	9.5500	6		42	
1911	9.5550	5		42	
1912	9.5600	4		42	
1913	9.5650	4		42	
1914	9.5700	4		43	
1915	9.5750	3		43	
1916	9.5800	3		43	
1917	9.5850	2		43	
1918	9.5900	2		43	
1919	9.5950	1		42	
1920	9.6000	1		42	
1921	9.6050	0		42	
1922	9.6100	0		42	
1923	9.6150	0		42	
1924	9.6200	-1		42	
1925	9.6250	-1		42	
1926	9.6300	-2		41	
1927	9.6350	-2		41	
1928	9.6400	-2		40	
1929	9.6450	-3		40	
1930	9.6500	-3		40	
1931	9.6550	-4		39	
1932	9.6600	-4		39	
1933	9.6650	-4		38	
1934	9.6700	-5		38	
1935	9.6750	-5		38	
1936	9.6800	-5		37	
1937	9.6850	-6		36	
1938	9.6900	-6		36	
1939	9.6950	-6		35	
1940	9.7000	-6		34	
1941	9.7050	-7		34	
1942	9.7100	-7		33	
1943	9.7150	-7		32	
1944	9.7200	-7		32	
1945	9.7250	-8		31	
1946	9.7300	-8		30	
1947	9.7350	-8		29	
1948	9.7400	-8		28	
1949	9.7450	-8		27	
1950	9.7500	-8		26	
1951	9.7550	-8		26	
1952	9.7600	-8		24	
1953	9.7650	-8		24	
1954	9.7700	-8		23	
1955	9.7750	-8		22	
1956	9.7800	-8		21	
1957	9.7850	-8		20	
1958	9.7900	-8		19	
1959	9.7950	-8		18	
1960	9.8000	-8		16	
1961	9.8050	-8		15	
1962	9.8100	-8		14	
1963	9.8150	-8		13	
1964	9.8200	-8		12	
1965	9.8250	-8		11	
1966	9.8300	-8		10	
1967	9.8350	-8		8	
1968	9.8400	-8		8	
1969	9.8450	-8		6	
1970	9.8500	-7		5	
1971	9.8550	-7		4	
1972	9.8600	-7		3	
1973	9.8650	-6		2	
1974	9.8700	-6		0	
1975	9.8750	-6		-1	
1976	9.8800	-6		-2	
1977	9.8850	-5		-3	
1978	9.8900	-5		-4	
1979	9.8950	-5		-5	
1980	9.9000	-4		-6	
1981	9.9050	-4		-8	
1982	9.9100	-4		-8	
1983	9.9150	-3		-10	
1984	9.9200	-3		-11	
1985	9.9250	-2		-12	
1986	9.9300	-2		-13	
1987	9.9350	-2		-14	
1988	9.9400	-1		-15	
1989	9.9450	-1		-16	
1990	9.9500	0		-17	
1991	9.9550	0		-18	
1992	9.9600	0		-19	
1993	9.9650	1		-20	
1994	9.9700	2		-21	
1995	9.9750	2		-22	
1996	9.9800	2		-22	
1997	9.9850	3		-23	
1998	9.9900	3		-24	
1999	9.9950	4		-25	
2000	10.0000	4		-26	
