#	time(s)	count A	count B	count C	count D
1	0.0050	6		69	
2	0.0100	4		67	
3	0.0150	4		64	
4	0.0200	3		62	
5	0.0250	2		59	
6	0.0300	1		56	
7	0.0350	0		54	
8	0.0400	-1		51	
9	0.0450	-2		48	
10	0.0500	-3		45	
11	0.0550	-4		42	
12	0.0600	-4		39	
13	0.0650	-6		36	
14	0.0700	-6		33	
15	0.0750	-7		30	
16	0.0800	-8		26	
17	0.0850	-9		23	
18	0.0900	-10		20	
19	0.0950	-10		16	
20	0.1000	-12		13	
21	0.1050	-12		10	
22	0.1100	-13		6	
23	0.1150	-14		3	
24	0.1200	-15		-1	
25	0.1250	-16		-4	
26	0.1300	-16		-8	
27	0.1350	-17		-11	
28	0.1400	-18		-14	
29	0.1450	-18		-18	
30	0.1500	-19		-21	
31	0.1550	-20		-25	
32	0.1600	-20		-28	
33	0.1650	-21		-32	
34	0.1700	-22		-35	
35	0.1750	-22		-38	
36	0.1800	-23		-42	
37	0.1850	-24		-45	
38	0.1900	-24		-48	
39	0.1950	-24		-52	
40	0.2000	-25		-55	
41	0.2050	-26		-58	
42	0.2100	-26		-62	
43	0.2150	-26		-65	
44	0.2200	-26		-68	
45	0.2250	-27		-71	
46	0.2300	-27		-74	
47	0.2350	-28		-77	
48	0.2400	-28		-80	
49	0.2450	-28		-83	
50	0.2500	-28		-86	
51	0.2550	-28		-88	
52	0.2600	-28		-91	
53	0.2650	-28		-94	
54	0.2700	-28		-96	
55	0.2750	-28		-99	
56	0.2800	-29		-101	
57	0.2850	-29		-104	
58	0.2900	-29		-106	
59	0.2950	-29		-108	
60	0.3000	-29		-110	
61	0.3050	-29		-112	
62	0.3100	-28		-114	
63	0.3150	-28		-116	
64	0.3200	-28		-118	
65	0.3250	-28		-120	
66	0.3300	-28		-122	
67	0.3350	-28		-123	
68	0.3400	-27		-124	
69	0.3450	-27		-126	
70	0.3500	-26		-127	
71	0.3550	-26		-128	
72	0.3600	-26		-129	
73	0.3650	-25		-130	
74	0.3700	-24		-131	
75	0.3750	-24		-132	
76	0.3800	-24		-132	
77	0.3850	-23		-133	
78	0.3900	-22		-134	
79	0.3950	-22		-134	
80	0.4000	-21		-134	
81	0.4050	-20		-134	
82	0.4100	-20		-134	
83	0.4150	-20		-134	
84	0.4200	-19		-134	
85	0.4250	-18		-134	
86	0.4300	-18		-134	
87	0.4350	-17		-133	
88	0.4400	-16		-132	
89	0.4450	-15		-132	
90	0.4500	-14		-131	
91	0.4550	-14		-130	
92	0.4600	-12		-129	
93	0.4650	-12		-128	
94	0.4700	-11		-127	
95	0.4750	-10		-126	
96	0.4800	-9		-124	
97	0.4850	-8		-123	
98	0.4900	-7		-122	
99	0.4950	-6		-120	
100	0.5000	-6		-118	
101	0.5050	-4		-116	
102	0.5100	-4		-114	
103	0.5150	-3		-112	
104	0.5200	-2		-110	
105	0.5250	-1		-108	
106	0.5300	0		-106	
107	0.5350	1		-104	
108	0.5400	2		-101	
109	0.5450	3		-99	
110	0.5500	4		-96	
111	0.5550	5		-94	
112	0.5600	6		-91	
113	0.5650	7		-88	
114	0.5700	8		-86	
115	0.5750	9		-83	
116	0.5800	10		-80	
117	0.5850	10		-77	
118	0.5900	12		-74	
119	0.5950	12		-71	
120	0.6000	13		-68	
121	0.6050	14		-64	
122	0.6100	15		-61	
123	0.6150	16		-58	
124	0.6200	17		-55	
125	0.6250	18		-52	
126	0.6300	19		-48	
127	0.6350	20		-45	
128	0.6400	20		-42	
129	0.6450	22		-38	
130	0.6500	22		-35	
131	0.6550	23		-31	
132	0.6600	24		-28	
133	0.6650	24		-24	
134	0.6700	25		-21	
135	0.6750	26		-17	
136	0.6800	26		-14	
137	0.6850	27		-10	
138	0.6900	28		-7	
139	0.6950	28		-3	
140	0.7000	29		0	
141	0.7050	30		4	
142	0.7100	30		7	
143	0.7150	31		11	
144	0.7200	32		14	
145	0.7250	32		18	
146	0.7300	32		21	
147	0.7350	33		24	
148	0.7400	33		28	
149	0.7450	34		31	
150	0.7500	34		34	
151	0.7550	34		37	
152	0.7600	34		40	
153	0.7650	34		43	
154	0.7700	35		46	
155	0.7750	35		49	
156	0.7800	35		52	
157	0.7850	36		55	
158	0.7900	36		58	
159	0.7950	36		61	
160	0.8000	36		63	
161	0.8050	36		66	
162	0.8100	36		69	
163	0.8150	36		71	
164	0.8200	36		74	
165	0.8250	36		76	
166	0.8300	36		78	
167	0.8350	36		80	
168	0.8400	36		82	
169	0.8450	36		84	
170	0.8500	36		86	
171	0.8550	35		88	
172	0.8600	35		90	
173	0.8650	35		91	
174	0.8700	34		93	
175	0.8750	34		94	
176	0.8800	34		95	
177	0.8850	34		96	
178	0.8900	33		97	
179	0.8950	33		98	
180	0.9000	32		99	
181	0.9050	32		100	
182	0.9100	32		100	
183	0.9150	31		100	
184	0.9200	30		100	
185	0.9250	30		100	
186	0.9300	30		100	
187	0.9350	29		100	
188	0.9400	28		100	
189	0.9450	28		100	
190	0.9500	27		100	
191	0.9550	26		100	
192	0.9600	26		100	
193	0.9650	25		100	
194	0.9700	24		100	
195	0.9750	24		100	
196	0.9800	23		100	
197	0.9850	22		100	
198	0.9900	22		99	
199	0.9950	20		98	
200	1.0000	20		97	
201	1.0050	19		96	
202	1.0100	18		95	
203	1.0150	17		93	
204	1.0200	16		92	
205	1.0250	16		90	
206	1.0300	14		89	
207	1.0350	14		87	
208	1.0400	12		85	
209	1.0450	12		84	
210	1.0500	11		82	
211	1.0550	10		80	
212	1.0600	9		77	
213	1.0650	8		75	
214	1.0700	7		73	
215	1.0750	6		71	
216	1.0800	6		68	
217	1.0850	4		66	
218	1.0900	4		63	
219	1.0950	2		61	
220	1.1000	2		58	
221	1.1050	1		55	
222	1.1100	0		52	
223	1.1150	-1		49	
224	1.1200	-2		46	
225	1.1250	-3		43	
226	1.1300	-4		40	
227	1.1350	-5		37	
228	1.1400	-6		34	
229	1.1450	-6		31	
230	1.1500	-8		28	
231	1.1550	-8		25	
232	1.1600	-9		21	
233	1.1650	-10		18	
234	1.1700	-11		15	
235	1.1750	-12		12	
236	1.1800	-12		8	
237	1.1850	-14		5	
238	1.1900	-14		1	
239	1.1950	-15		-2	
240	1.2000	-16		-5	
241	1.2050	-16		-9	
242	1.2100	-18		-13	
243	1.2150	-18		-16	
244	1.2200	-19		-20	
245	1.2250	-20		-23	
246	1.2300	-20		-26	
247	1.2350	-20		-30	
248	1.2400	-21		-33	
249	1.2450	-22		-37	
250	1.2500	-22		-40	
251	1.2550	-23		-43	
252	1.2600	-24		-47	
253	1.2650	-24		-50	
254	1.2700	-24		-53	
255	1.2750	-25		-57	
256	1.2800	-25		-60	
257	1.2850	-26		-63	
258	1.2900	-26		-66	
259	1.2950	-26		-69	
260	1.3000	-27		-72	
261	1.3050	-27		-76	
262	1.3100	-28		-79	
263	1.3150	-28		-82	
264	1.3200	-28		-84	
265	1.3250	-28		-87	
266	1.3300	-28		-90	
267	1.3350	-28		-93	
268	1.3400	-28		-95	
269	1.3450	-28		-98	
270	1.3500	-29		-100	
271	1.3550	-29		-103	
272	1.3600	-29		-105	
273	1.3650	-29		-108	
274	1.3700	-29		-110	
275	1.3750	-29		-112	
276	1.3800	-28		-114	
277	1.3850	-28		-116	
278	1.3900	-28		-118	
279	1.3950	-28		-119	
280	1.4000	-28		-121	
281	1.4050	-28		-123	
282	1.4100	-28		-124	
283	1.4150	-27		-126	
284	1.4200	-27		-127	
285	1.4250	-26		-128	
286	1.4300	-26		-130	
287	1.4350	-26		-131	
288	1.4400	-25		-132	
289	1.4450	-24		-132	
290	1.4500	-24		-133	
291	1.4550	-24		-134	
292	1.4600	-23		-134	
293	1.4650	-22		-135	
294	1.4700	-22		-135	
295	1.4750	-21		-135	
296	1.4800	-21		-136	
297	1.4850	-20		-136	
298	1.4900	-20		-136	
299	1.4950	-19		-135	
300	1.5000	-18		-135	
301	1.5050	-17		-135	
302	1.5100	-16		-134	
303	1.5150	-16		-134	
304	1.5200	-15		-133	
305	1.5250	-14		-132	
306	1.5300	-13		-131	
307	1.5350	-12		-130	
308	1.5400	-12		-129	
309	1.5450	-10		-128	
310	1.5500	-10		-127	
311	1.5550	-9		-125	
312	1.5600	-8		-124	
313	1.5650	-7		-122	
314	1.5700	-6		-121	
315	1.5750	-6		-119	
316	1.5800	-4		-117	
317	1.5850	-4		-115	
318	1.5900	-2		-113	
319	1.5950	-2		-111	
320	1.6000	-1		-109	
321	1.6050	0		-107	
322	1.6100	2		-104	
323	1.6150	2		-102	
324	1.6200	4		-100	
325	1.6250	4		-97	
326	1.6300	6		-94	
327	1.6350	6		-92	
328	1.6400	8		-89	
329	1.6450	8		-86	
330	1.6500	9		-83	
331	1.6550	10		-80	
332	1.6600	11		-78	
333	1.6650	12		-74	
334	1.6700	13		-72	
335	1.6750	14		-68	
336	1.6800	15		-65	
337	1.6850	16		-62	
338	1.6900	16		-59	
339	1.6950	18		-56	
340	1.7000	18		-52	
341	1.7050	20		-49	
342	1.7100	20		-45	
343	1.7150	21		-42	
344	1.7200	22		-38	
345	1.7250	22		-35	
346	1.7300	23		-32	
347	1.7350	24		-28	
348	1.7400	25		-25	
349	1.7450	26		-21	
350	1.7500	26		-18	
351	1.7550	26		-14	
352	1.7600	27		-11	
353	1.7650	28		-7	
354	1.7700	28		-4	
355	1.7750	29		0	
356	1.7800	30		3	
357	1.7850	30		7	
358	1.7900	31		10	
359	1.7950	32		14	
360	1.8000	32		17	
361	1.8050	32		21	
362	1.8100	33		24	
363	1.8150	33		27	
364	1.8200	34		31	
365	1.8250	34		34	
366	1.8300	34		37	
367	1.8350	34		40	
368	1.8400	34		43	
369	1.8450	35		46	
370	1.8500	35		49	
371	1.8550	35		52	
372	1.8600	36		55	
373	1.8650	36		58	
374	1.8700	36		60	
375	1.8750	36		63	
376	1.8800	36		66	
377	1.8850	36		68	
378	1.8900	36		71	
379	1.8950	36		73	
380	1.9000	36		75	
381	1.9050	36		78	
382	1.9100	36		80	
383	1.9150	36		82	
384	1.9200	36		84	
385	1.9250	36		86	
386	1.9300	35		88	
387	1.9350	35		89	
388	1.9400	35		91	
389	1.9450	34		92	
390	1.9500	34		94	
391	1.9550	34		94	
392	1.9600	34		96	
393	1.9650	33		97	
394	1.9700	33		98	
395	1.9750	32		99	
396	1.9800	32		99	
397	1.9850	32		98	
398	1.9900	31		99	
399	1.9950	30		98	
400	2.0000	30		99	
401	2.0050	29		98	
402	2.0100	29		99	
403	2.0150	28		99	
404	2.0200	28		99	
405	2.0250	27		99	
406	2.0300	26		98	
407	2.0350	26		99	
408	2.0400	25		99	
409	2.0450	24		98	
410	2.0500	23		99	
411	2.0550	22		99	
412	2.0600	22		98	
413	2.0650	21		98	
414	2.0700	20		97	
415	2.0750	20		96	
416	2.0800	19		95	
417	2.0850	18		94	
418	2.0900	17		92	
419	2.0950	16		91	
420	2.1000	16		89	
421	2.1050	14		88	
422	2.1100	14		86	
423	2.1150	13		84	
424	2.1200	12		82	
425	2.1250	11		80	
426	2.1300	10		78	
427	2.1350	9		76	
428	2.1400	8		74	
429	2.1450	7		72	
430	2.1500	6		69	
431	2.1550	6		67	
432	2.1600	4		64	
433	2.1650	4		62	
434	2.1700	2		59	
435	2.1750	2		56	
436	2.1800	0		54	
437	2.1850	0		51	
438	2.1900	-2		48	
439	2.1950	-2		45	
440	2.2000	-3		42	
441	2.2050	-4		39	
442	2.2100	-5		36	
443	2.2150	-6		33	
444	2.2200	-6		30	
445	2.2250	-8		26	
446	2.2300	-8		23	
447	2.2350	-9		20	
448	2.2400	-10		16	
449	2.2450	-11		13	
450	2.2500	-12		10	
451	2.2550	-12		6	
452	2.2600	-14		3	
453	2.2650	-14		0	
454	2.2700	-15		-4	
455	2.2750	-16		-7	
456	2.2800	-16		-11	
457	2.2850	-17		-14	
458	2.2900	-18		-18	
459	2.2950	-19		-21	
460	2.3000	-20		-24	
461	2.3050	-20		-28	
462	2.3100	-21		-32	
463	2.3150	-21		-35	
464	2.3200	-22		-38	
465	2.3250	-22		-42	
466	2.3300	-23		-45	
467	2.3350	-24		-49	
468	2.3400	-24		-52	
469	2.3450	-24		-55	
470	2.3500	-25		-58	
471	2.3550	-26		-62	
472	2.3600	-26		-65	
473	2.3650	-26		-68	
474	2.3700	-26		-71	
475	2.3750	-27		-74	
476	2.3800	-27		-77	
477	2.3850	-28		-80	
478	2.3900	-28		-83	
479	2.3950	-28		-86	
480	2.4000	-28		-89	
481	2.4050	-28		-92	
482	2.4100	-28		-95	
483	2.4150	-28		-97	
484	2.4200	-28		-100	
485	2.4250	-28		-102	
486	2.4300	-29		-105	
487	2.4350	-29		-107	
488	2.4400	-29		-109	
489	2.4450	-29		-111	
490	2.4500	-28		-114	
491	2.4550	-28		-116	
492	2.4600	-28		-117	
493	2.4650	-28		-119	
494	2.4700	-28		-121	
495	2.4750	-28		-123	
496	2.4800	-28		-124	
497	2.4850	-28		-126	
498	2.4900	-27		-127	
499	2.4950	-26		-129	
500	2.5000	-26		-130	
501	2.5050	-26		-131	
502	2.5100	-25		-132	
503	2.5150	-25		-133	
504	2.5200	-24		-134	
505	2.5250	-24		-134	
506	2.5300	-23		-135	
507	2.5350	-23		-136	
508	2.5400	-22		-136	
509	2.5450	-22		-136	
510	2.5500	-21		-137	
511	2.5550	-20		-137	
512	2.5600	-20		-137	
513	2.5650	-19		-137	
514	2.5700	-18		-136	
515	2.5750	-18		-136	
516	2.5800	-17		-136	
517	2.5850	-16		-135	
518	2.5900	-16		-135	
519	2.5950	-15		-134	
520	2.6000	-14		-133	
521	2.6050	-13		-132	
522	2.6100	-12		-131	
523	2.6150	-11		-130	
524	2.6200	-10		-129	
525	2.6250	-10		-128	
526	2.6300	-8		-126	
527	2.6350	-8		-125	
528	2.6400	-7		-123	
529	2.6450	-6		-121	
530	2.6500	-5		-120	
531	2.6550	-4		-118	
532	2.6600	-3		-116	
533	2.6650	-2		-114	
534	2.6700	-1		-112	
535	2.6750	0		-110	
536	2.6800	0		-107	
537	2.6850	2		-105	
538	2.6900	3		-103	
539	2.6950	4		-100	
540	2.7000	5		-98	
541	2.7050	6		-95	
542	2.7100	7		-92	
543	2.7150	8		-90	
544	2.7200	8		-87	
545	2.7250	10		-84	
546	2.7300	10		-81	
547	2.7350	11		-78	
548	2.7400	12		-75	
549	2.7450	13		-72	
550	2.7500	14		-69	
551	2.7550	15		-66	
552	2.7600	16		-62	
553	2.7650	17		-59	
554	2.7700	18		-56	
555	2.7750	18		-52	
556	2.7800	20		-49	
557	2.7850	20		-46	
558	2.7900	21		-42	
559	2.7950	22		-39	
560	2.8000	22		-35	
561	2.8050	24		-32	
562	2.8100	24		-28	
563	2.8150	25		-25	
564	2.8200	26		-21	
565	2.8250	26		-18	
566	2.8300	27		-14	
567	2.8350	28		-11	
568	2.8400	28		-7	
569	2.8450	29		-4	
570	2.8500	30		0	
571	2.8550	30		3	
572	2.8600	30		7	
573	2.8650	31		10	
574	2.8700	32		14	
575	2.8750	32		17	
576	2.8800	32		20	
577	2.8850	33		24	
578	2.8900	33		27	
579	2.8950	34		30	
580	2.9000	34		33	
581	2.9050	34		37	
582	2.9100	34		40	
583	2.9150	34		43	
584	2.9200	35		46	
585	2.9250	35		49	
586	2.9300	36		52	
587	2.9350	36		55	
588	2.9400	36		57	
589	2.9450	36		60	
590	2.9500	36		63	
591	2.9550	36		65	
592	2.9600	36		68	
593	2.9650	36		70	
594	2.9700	36		73	
595	2.9750	36		75	
596	2.9800	36		77	
597	2.9850	36		79	
598	2.9900	36		81	
599	2.9950	36		83	
600	3.0000	36		85	
601	3.0050	35		87	
602	3.0100	35		89	
603	3.0150	35		90	
604	3.0200	34		92	
605	3.0250	34		93	
606	3.0300	34		94	
607	3.0350	34		95	
608	3.0400	33		96	
609	3.0450	32		97	
610	3.0500	32		98	
611	3.0550	32		98	
612	3.0600	32		98	
613	3.0650	31		98	
614	3.0700	30		98	
615	3.0750	30		98	
616	3.0800	30		98	
617	3.0850	29		98	
618	3.0900	28		98	
619	3.0950	28		98	
620	3.1000	27		98	
621	3.1050	26		98	
622	3.1100	26		98	
623	3.1150	25		98	
624	3.1200	24		98	
625	3.1250	23		98	
626	3.1300	22		98	
627	3.1350	22		98	
628	3.1400	21		97	
629	3.1450	20		96	
630	3.1500	19		95	
631	3.1550	18		94	
632	3.1600	18		93	
633	3.1650	17		91	
634	3.1700	16		90	
635	3.1750	15		88	
636	3.1800	14		86	
637	3.1850	14		85	
638	3.1900	12		83	
639	3.1950	12		81	
640	3.2000	10		79	
641	3.2050	10		77	
642	3.2100	9		75	
643	3.2150	8		72	
644	3.2200	7		70	
645	3.2250	6		68	
646	3.2300	5		65	
647	3.2350	4		63	
648	3.2400	4		60	
649	3.2450	2		57	
650	3.2500	2		55	
651	3.2550	1		52	
652	3.2600	0		49	
653	3.2650	-1		46	
654	3.2700	-2		43	
655	3.2750	-3		40	
656	3.2800	-4		37	
657	3.2850	-5		34	
658	3.2900	-6		31	
659	3.2950	-6		28	
660	3.3000	-8		25	
661	3.3050	-8		21	
662	3.3100	-10		18	
663	3.3150	-10		15	
664	3.3200	-11		11	
665	3.3250	-12		8	
666	3.3300	-13		5	
667	3.3350	-14		1	
668	3.3400	-14		-2	
669	3.3450	-15		-6	
670	3.3500	-16		-9	
671	3.3550	-17		-12	
672	3.3600	-18		-16	
673	3.3650	-18		-20	
674	3.3700	-19		-23	
675	3.3750	-20		-26	
676	3.3800	-20		-30	
677	3.3850	-21		-33	
678	3.3900	-22		-37	
679	3.3950	-22		-40	
680	3.4000	-22		-44	
681	3.4050	-23		-47	
682	3.4100	-24		-50	
683	3.4150	-24		-54	
684	3.4200	-24		-57	
685	3.4250	-25		-60	
686	3.4300	-26		-64	
687	3.4350	-26		-67	
688	3.4400	-26		-70	
689	3.4450	-26		-73	
690	3.4500	-27		-76	
691	3.4550	-28		-79	
692	3.4600	-28		-82	
693	3.4650	-28		-85	
694	3.4700	-28		-88	
695	3.4750	-28		-91	
696	3.4800	-28		-93	
697	3.4850	-28		-96	
698	3.4900	-28		-99	
699	3.4950	-28		-101	
700	3.5000	-29		-104	
701	3.5050	-29		-106	
702	3.5100	-29		-108	
703	3.5150	-29		-111	
704	3.5200	-29		-113	
705	3.5250	-28		-115	
706	3.5300	-28		-117	
707	3.5350	-28		-119	
708	3.5400	-28		-121	
709	3.5450	-28		-122	
710	3.5500	-28		-124	
711	3.5550	-28		-126	
712	3.5600	-28		-127	
713	3.5650	-27		-129	
714	3.5700	-26		-130	
715	3.5750	-26		-131	
716	3.5800	-26		-132	
717	3.5850	-25		-133	
718	3.5900	-25		-134	
719	3.5950	-24		-135	
720	3.6000	-24		-136	
721	3.6050	-23		-136	
722	3.6100	-22		-137	
723	3.6150	-22		-137	
724	3.6200	-22		-138	
725	3.6250	-21		-138	
726	3.6300	-20		-138	
727	3.6350	-20		-138	
728	3.6400	-19		-138	
729	3.6450	-18		-137	
730	3.6500	-18		-137	
731	3.6550	-17		-137	
732	3.6600	-16		-136	
733	3.6650	-15		-136	
734	3.6700	-14		-135	
735	3.6750	-14		-134	
736	3.6800	-13		-133	
737	3.6850	-12		-132	
738	3.6900	-11		-131	
739	3.6950	-10		-130	
740	3.7000	-10		-128	
741	3.7050	-8		-127	
742	3.7100	-8		-125	
743	3.7150	-7		-124	
744	3.7200	-6		-122	
745	3.7250	-5		-120	
746	3.7300	-4		-118	
747	3.7350	-3		-116	
748	3.7400	-2		-114	
749	3.7450	-1		-112	
750	3.7500	0		-110	
751	3.7550	1		-108	
752	3.7600	2		-105	
753	3.7650	3		-103	
754	3.7700	4		-100	
755	3.7750	5		-98	
756	3.7800	6		-95	
757	3.7850	7		-93	
758	3.7900	8		-90	
759	3.7950	8		-87	
760	3.8000	10		-84	
761	3.8050	10		-81	
762	3.8100	11		-78	
763	3.8150	12		-75	
764	3.8200	13		-72	
765	3.8250	14		-69	
766	3.8300	15		-66	
767	3.8350	16		-62	
768	3.8400	17		-59	
769	3.8450	18		-56	
770	3.8500	18		-52	
771	3.8550	20		-49	
772	3.8600	20		-46	
773	3.8650	21		-42	
774	3.8700	22		-39	
775	3.8750	23		-36	
776	3.8800	24		-32	
777	3.8850	24		-29	
778	3.8900	25		-25	
779	3.8950	26		-22	
780	3.9000	26		-18	
781	3.9050	27		-14	
782	3.9100	28		-11	
783	3.9150	28		-7	
784	3.9200	29		-4	
785	3.9250	30		0	
786	3.9300	30		3	
787	3.9350	31		7	
788	3.9400	31		10	
789	3.9450	32		13	
790	3.9500	32		17	
791	3.9550	32		20	
792	3.9600	33		24	
793	3.9650	33		27	
794	3.9700	34		30	
795	3.9750	34		33	
796	3.9800	34		36	
797	3.9850	34		39	
798	3.9900	35		42	
799	3.9950	35		46	
800	4.0000	35		48	
801	4.0050	36		52	
802	4.0100	36		54	
803	4.0150	36		57	
804	4.0200	36		60	
805	4.0250	36		62	
806	4.0300	36		65	
807	4.0350	36		68	
808	4.0400	36		70	
809	4.0450	36		72	
810	4.0500	36		75	
811	4.0550	36		77	
812	4.0600	36		79	
813	4.0650	36		81	
814	4.0700	36		83	
815	4.0750	36		85	
816	4.0800	35		86	
817	4.0850	35		88	
818	4.0900	35		90	
819	4.0950	34		91	
820	4.1000	34		92	
821	4.1050	34		93	
822	4.1100	34		94	
823	4.1150	33		95	
824	4.1200	32		96	
825	4.1250	32		97	
826	4.1300	32		97	
827	4.1350	31		97	
828	4.1400	31		97	
829	4.1450	30		97	
830	4.1500	30		97	
831	4.1550	29		96	
832	4.1600	28		97	
833	4.1650	28		97	
834	4.1700	28		97	
835	4.1750	27		97	
836	4.1800	26		96	
837	4.1850	26		97	
838	4.1900	25		97	
839	4.1950	24		97	
840	4.2000	23		96	
841	4.2050	22		97	
842	4.2100	22		97	
843	4.2150	21		96	
844	4.2200	20		95	
845	4.2250	19		94	
846	4.2300	18		92	
847	4.2350	18		91	
848	4.2400	16		90	
849	4.2450	16		88	
850	4.2500	15		87	
851	4.2550	14		85	
852	4.2600	13		83	
853	4.2650	12		81	
854	4.2700	11		79	
855	4.2750	10		77	
856	4.2800	10		75	
857	4.2850	8		73	
858	4.2900	8		71	
859	4.2950	6		69	
860	4.3000	6		66	
861	4.3050	5		64	
862	4.3100	4		61	
863	4.3150	3		58	
864	4.3200	2		56	
865	4.3250	1		53	
866	4.3300	0		50	
867	4.3350	-1		47	
868	4.3400	-2		44	
869	4.3450	-3		42	
870	4.3500	-4		39	
871	4.3550	-4		36	
872	4.3600	-6		32	
873	4.3650	-6		29	
874	4.3700	-7		26	
875	4.3750	-8		23	
876	4.3800	-9		20	
877	4.3850	-10		16	
878	4.3900	-10		13	
879	4.3950	-12		10	
880	4.4000	-12		6	
881	4.4050	-13		3	
882	4.4100	-14		-1	
883	4.4150	-15		-4	
884	4.4200	-16		-8	
885	4.4250	-16		-11	
886	4.4300	-17		-14	
887	4.4350	-18		-18	
888	4.4400	-18		-21	
889	4.4450	-19		-25	
890	4.4500	-20		-28	
891	4.4550	-20		-32	
892	4.4600	-21		-35	
893	4.4650	-22		-39	
894	4.4700	-22		-42	
895	4.4750	-22		-45	
896	4.4800	-23		-49	
897	4.4850	-24		-52	
898	4.4900	-24		-56	
899	4.4950	-24		-59	
900	4.5000	-25		-62	
901	4.5050	-26		-66	
902	4.5100	-26		-69	
903	4.5150	-26		-72	
904	4.5200	-27		-75	
905	4.5250	-27		-78	
906	4.5300	-28		-81	
907	4.5350	-28		-84	
908	4.5400	-28		-87	
909	4.5450	-28		-90	
910	4.5500	-28		-92	
911	4.5550	-28		-95	
912	4.5600	-28		-98	
913	4.5650	-28		-100	
914	4.5700	-28		-103	
915	4.5750	-28		-105	
916	4.5800	-29		-108	
917	4.5850	-29		-110	
918	4.5900	-29		-112	
919	4.5950	-29		-114	
920	4.6000	-28		-116	
921	4.6050	-28		-118	
922	4.6100	-28		-120	
923	4.6150	-28		-122	
924	4.6200	-28		-124	
925	4.6250	-28		-126	
926	4.6300	-28		-127	
927	4.6350	-27		-129	
928	4.6400	-27		-130	
929	4.6450	-26		-131	
930	4.6500	-26		-132	
931	4.6550	-26		-133	
932	4.6600	-25		-134	
933	4.6650	-24		-135	
934	4.6700	-24		-136	
935	4.6750	-24		-137	
936	4.6800	-23		-137	
937	4.6850	-22		-138	
938	4.6900	-22		-138	
939	4.6950	-22		-138	
940	4.7000	-21		-139	
941	4.7050	-20		-139	
942	4.7100	-20		-139	
943	4.7150	-19		-138	
944	4.7200	-18		-138	
945	4.7250	-18		-138	
946	4.7300	-17		-137	
947	4.7350	-16		-137	
948	4.7400	-15		-136	
949	4.7450	-14		-136	
950	4.7500	-14		-135	
951	4.7550	-12		-134	
952	4.7600	-12		-133	
953	4.7650	-11		-131	
954	4.7700	-10		-130	
955	4.7750	-9		-129	
956	4.7800	-8		-127	
957	4.7850	-8		-126	
958	4.7900	-6		-124	
959	4.7950	-6		-122	
960	4.8000	-5		-121	
961	4.8050	-4		-119	
962	4.8100	-3		-117	
963	4.8150	-2		-115	
964	4.8200	-1		-113	
965	4.8250	0		-110	
966	4.8300	1		-108	
967	4.8350	2		-106	
968	4.8400	3		-103	
969	4.8450	4		-101	
970	4.8500	5		-98	
971	4.8550	6		-96	
972	4.8600	7		-93	
973	4.8650	8		-90	
974	4.8700	9		-87	
975	4.8750	10		-84	
976	4.8800	10		-82	
977	4.8850	12		-78	
978	4.8900	12		-75	
979	4.8950	13		-72	
980	4.9000	14		-69	
981	4.9050	15		-66	
982	4.9100	16		-62	
983	4.9150	17		-59	
984	4.9200	18		-56	
985	4.9250	19		-53	
986	4.9300	20		-49	
987	4.9350	21		-46	
988	4.9400	22		-42	
989	4.9450	22		-39	
990	4.9500	23		-36	
991	4.9550	24		-32	
992	4.9600	24		-29	
993	4.9650	25		-25	
994	4.9700	26		-22	
995	4.9750	26		-18	
996	4.9800	27		-15	
997	4.9850	28		-11	
998	4.9900	28		-8	
999	4.9950	29		-4	
1000	5.0000	30		-1	
1001	5.0050	30		3	
1002	5.0100	31		6	
1003	5.0150	32		10	
1004	5.0200	32		13	
1005	5.0250	32		17	
1006	5.0300	32		20	
1007	5.0350	33		23	
1008	5.0400	34		27	
1009	5.0450	34		30	
1010	5.0500	34		33	
1011	5.0550	34		36	
1012	5.0600	34		39	
1013	5.0650	35		42	
1014	5.0700	35		45	
1015	5.0750	35		48	
1016	5.0800	36		51	
1017	5.0850	36		54	
1018	5.0900	36		57	
1019	5.0950	36		59	
1020	5.1000	36		62	
1021	5.1050	36		65	
1022	5.1100	36		67	
1023	5.1150	36		70	
1024	5.1200	36		72	
1025	5.1250	36		74	
1026	5.1300	36		76	
1027	5.1350	36		78	
1028	5.1400	36		80	
1029	5.1450	36		82	
1030	5.1500	36		84	
1031	5.1550	35		86	
1032	5.1600	35		88	
1033	5.1650	35		89	
1034	5.1700	34		91	
1035	5.1750	34		91	
1036	5.1800	34		92	
1037	5.1850	34		94	
1038	5.1900	33		95	
1039	5.1950	32		96	
1040	5.2000	32		96	
1041	5.2050	32		96	
1042	5.2100	31		96	
1043	5.2150	30		96	
1044	5.2200	30		96	
1045	5.2250	30		96	
1046	5.2300	29		96	
1047	5.2350	28		96	
1048	5.2400	28		96	
1049	5.2450	27		96	
1050	5.2500	26		96	
1051	5.2550	26		96	
1052	5.2600	25		96	
1053	5.2650	24		96	
1054	5.2700	24		96	
1055	5.2750	23		96	
1056	5.2800	22		96	
1057	5.2850	22		96	
1058	5.2900	21		95	
1059	5.2950	20		94	
1060	5.3000	19		93	
1061	5.3050	18		91	
1062	5.3100	18		90	
1063	5.3150	16		88	
1064	5.3200	16		87	
1065	5.3250	15		85	
1066	5.3300	14		84	
1067	5.3350	13		82	
1068	5.3400	12		80	
1069	5.3450	11		78	
1070	5.3500	10		76	
1071	5.3550	9		74	
1072	5.3600	8		72	
1073	5.3650	8		69	
1074	5.3700	6		67	
1075	5.3750	6		65	
1076	5.3800	4		62	
1077	5.3850	4		60	
1078	5.3900	3		57	
1079	5.3950	2		54	
1080	5.4000	1		52	
1081	5.4050	0		49	
1082	5.4100	-1		46	
1083	5.4150	-2		43	
1084	5.4200	-3		40	
1085	5.4250	-4		37	
1086	5.4300	-4		34	
1087	5.4350	-6		31	
1088	5.4400	-6		28	
1089	5.4450	-7		24	
1090	5.4500	-8		21	
1091	5.4550	-9		18	
1092	5.4600	-10		15	
1093	5.4650	-11		11	
1094	5.4700	-12		8	
1095	5.4750	-12		4	
1096	5.4800	-13		1	
1097	5.4850	-14		-2	
1098	5.4900	-15		-6	
1099	5.4950	-16		-9	
1100	5.5000	-16		-12	
1101	5.5050	-17		-16	
1102	5.5100	-18		-20	
1103	5.5150	-18		-23	
1104	5.5200	-19		-27	
1105	5.5250	-20		-30	
1106	5.5300	-20		-34	
1107	5.5350	-21		-37	
1108	5.5400	-22		-40	
1109	5.5450	-22		-44	
1110	5.5500	-23		-47	
1111	5.5550	-23		-50	
1112	5.5600	-24		-54	
1113	5.5650	-24		-57	
1114	5.5700	-25		-60	
1115	5.5750	-25		-64	
1116	5.5800	-26		-67	
1117	5.5850	-26		-70	
1118	5.5900	-26		-73	
1119	5.5950	-27		-76	
1120	5.6000	-27		-79	
1121	5.6050	-28		-83	
1122	5.6100	-28		-86	
1123	5.6150	-28		-88	
1124	5.6200	-28		-91	
1125	5.6250	-28		-94	
1126	5.6300	-28		-97	
1127	5.6350	-28		-99	
1128	5.6400	-28		-102	
1129	5.6450	-29		-104	
1130	5.6500	-29		-107	
1131	5.6550	-29		-109	
1132	5.6600	-29		-112	
1133	5.6650	-29		-114	
1134	5.6700	-29		-116	
1135	5.6750	-28		-118	
1136	5.6800	-28		-120	
1137	5.6850	-28		-122	
1138	5.6900	-28		-124	
1139	5.6950	-28		-125	
1140	5.7000	-28		-127	
1141	5.7050	-28		-128	
1142	5.7100	-27		-130	
1143	5.7150	-27		-131	
1144	5.7200	-26		-132	
1145	5.7250	-26		-134	
1146	5.7300	-26		-135	
1147	5.7350	-25		-136	
1148	5.7400	-24		-136	
1149	5.7450	-24		-137	
1150	5.7500	-24		-138	
1151	5.7550	-23		-138	
1152	5.7600	-22		-139	
1153	5.7650	-22		-139	
1154	5.7700	-21		-140	
1155	5.7750	-21		-140	
1156	5.7800	-20		-140	
1157	5.7850	-20		-140	
1158	5.7900	-19		-140	
1159	5.7950	-18		-139	
1160	5.8000	-18		-139	
1161	5.8050	-16		-138	
1162	5.8100	-16		-138	
1163	5.8150	-15		-137	
1164	5.8200	-14		-136	
1165	5.8250	-13		-135	
1166	5.8300	-12		-134	
1167	5.8350	-12		-133	
1168	5.8400	-10		-132	
1169	5.8450	-10		-131	
1170	5.8500	-9		-130	
1171	5.8550	-8		-128	
1172	5.8600	-7		-126	
1173	5.8650	-6		-125	
1174	5.8700	-6		-123	
1175	5.8750	-4		-121	
1176	5.8800	-4		-119	
1177	5.8850	-3		-117	
1178	5.8900	-2		-115	
1179	5.8950	-1		-113	
1180	5.9000	0		-111	
1181	5.9050	1		-108	
1182	5.9100	2		-106	
1183	5.9150	4		-104	
1184	5.9200	4		-101	
1185	5.9250	6		-99	
1186	5.9300	6		-96	
1187	5.9350	8		-93	
1188	5.9400	8		-90	
1189	5.9450	9		-88	
1190	5.9500	10		-85	
1191	5.9550	11		-82	
1192	5.9600	12		-79	
1193	5.9650	13		-76	
1194	5.9700	14		-73	
1195	5.9750	14		-69	
1196	5.9800	16		-66	
1197	5.9850	16		-63	
1198	5.9900	18		-60	
1199	5.9950	18		-56	
1200	6.0000	19		-53	
1201	6.0050	20		-49	
1202	6.0100	21		-46	
1203	6.0150	22		-43	
1204	6.0200	22		-39	
1205	6.0250	23		-36	
1206	6.0300	24		-32	
1207	6.0350	24		-29	
1208	6.0400	25		-25	
1209	6.0450	26		-22	
1210	6.0500	26		-18	
1211	6.0550	27		-15	
1212	6.0600	28		-11	
1213	6.0650	28		-8	
1214	6.0700	29		-4	
1215	6.0750	30		-1	
1216	6.0800	30		3	
1217	6.0850	31		6	
1218	6.0900	32		10	
1219	6.0950	32		13	
1220	6.1000	32		16	
1221	6.1050	33		20	
1222	6.1100	33		23	
1223	6.1150	34		26	
1224	6.1200	34		30	
1225	6.1250	34		33	
1226	6.1300	34		36	
1227	6.1350	34		39	
1228	6.1400	35		42	
1229	6.1450	35		45	
1230	6.1500	35		48	
1231	6.1550	36		51	
1232	6.1600	36		54	
1233	6.1650	36		56	
1234	6.1700	36		59	
1235	6.1750	36		62	
1236	6.1800	36		64	
1237	6.1850	36		67	
1238	6.1900	36		69	
1239	6.1950	36		71	
1240	6.2000	36		74	
1241	6.2050	36		76	
1242	6.2100	36		78	
1243	6.2150	36		80	
1244	6.2200	36		82	
1245	6.2250	35		84	
1246	6.2300	35		85	
1247	6.2350	35		87	
1248	6.2400	34		88	
1249	6.2450	34		90	
1250	6.2500	34		90	
1251	6.2550	34		91	
1252	6.2600	33		93	
1253	6.2650	33		94	
1254	6.2700	32		95	
1255	6.2750	32		94	
1256	6.2800	32		95	
1257	6.2850	31		95	
1258	6.2900	30		94	
1259	6.2950	30		95	
1260	6.3000	30		94	
1261	6.3050	29		94	
1262	6.3100	28		95	
1263	6.3150	28		95	
1264	6.3200	27		95	
1265	6.3250	26		94	
1266	6.3300	26		95	
1267	6.3350	25		95	
1268	6.3400	24		94	
1269	6.3450	24		95	
1270	6.3500	22		95	
1271	6.3550	22		95	
1272	6.3600	21		94	
1273	6.3650	20		93	
1274	6.3700	20		92	
1275	6.3750	19		91	
1276	6.3800	18		90	
1277	6.3850	17		89	
1278	6.3900	16		87	
1279	6.3950	16		86	
1280	6.4000	14		84	
1281	6.4050	14		82	
1282	6.4100	13		80	
1283	6.4150	12		78	
1284	6.4200	11		76	
1285	6.4250	10		74	
1286	6.4300	9		72	
1287	6.4350	8		70	
1288	6.4400	8		68	
1289	6.4450	6		65	
1290	6.4500	6		63	
1291	6.4550	5		60	
1292	6.4600	4		58	
1293	6.4650	3		55	
1294	6.4700	2		53	
1295	6.4750	1		50	
1296	6.4800	0		47	
1297	6.4850	-1		44	
1298	6.4900	-2		41	
1299	6.4950	-3		38	
1300	6.5000	-4		35	
1301	6.5050	-5		32	
1302	6.5100	-6		29	
1303	6.5150	-6		26	
1304	6.5200	-8		23	
1305	6.5250	-8		19	
1306	6.5300	-9		16	
1307	6.5350	-10		13	
1308	6.5400	-11		9	
1309	6.5450	-12		6	
1310	6.5500	-12		3	
1311	6.5550	-13		-1	
1312	6.5600	-14		-4	
1313	6.5650	-15		-8	
1314	6.5700	-16		-11	
1315	6.5750	-16		-14	
1316	6.5800	-17		-18	
1317	6.5850	-18		-21	
1318	6.5900	-18		-25	
1319	6.5950	-19		-28	
1320	6.6000	-20		-32	
1321	6.6050	-20		-35	
1322	6.6100	-21		-39	
1323	6.6150	-22		-42	
1324	6.6200	-22		-46	
1325	6.6250	-23		-49	
1326	6.6300	-23		-52	
1327	6.6350	-24		-56	
1328	6.6400	-24		-59	
1329	6.6450	-25		-62	
1330	6.6500	-25		-66	
1331	6.6550	-26		-69	
1332	6.6600	-26		-72	
1333	6.6650	-26		-75	
1334	6.6700	-27		-78	
1335	6.6750	-27		-81	
1336	6.6800	-28		-84	
1337	6.6850	-28		-87	
1338	6.6900	-28		-90	
1339	6.6950	-28		-93	
1340	6.7000	-28		-95	
1341	6.7050	-28		-98	
1342	6.7100	-28		-101	
1343	6.7150	-28		-104	
1344	6.7200	-28		-106	
1345	6.7250	-28		-108	
1346	6.7300	-28		-111	
1347	6.7350	-28		-113	
1348	6.7400	-28		-115	
1349	6.7450	-28		-117	
1350	6.7500	-28		-119	
1351	6.7550	-28		-121	
1352	6.7600	-28		-123	
1353	6.7650	-28		-125	
1354	6.7700	-28		-126	
1355	6.7750	-28		-128	
1356	6.7800	-28		-130	
1357	6.7850	-27		-131	
1358	6.7900	-27		-132	
1359	6.7950	-26		-134	
1360	6.8000	-26		-135	
1361	6.8050	-26		-136	
1362	6.8100	-25		-137	
1363	6.8150	-24		-138	
1364	6.8200	-24		-138	
1365	6.8250	-24		-139	
1366	6.8300	-23		-140	
1367	6.8350	-22		-140	
1368	6.8400	-22		-140	
1369	6.8450	-21		-140	
1370	6.8500	-20		-141	
1371	6.8550	-20		-141	
1372	6.8600	-19		-140	
1373	6.8650	-18		-140	
1374	6.8700	-18		-140	
1375	6.8750	-17		-140	
1376	6.8800	-16		-139	
1377	6.8850	-16		-138	
1378	6.8900	-15		-138	
1379	6.8950	-14		-137	
1380	6.9000	-13		-136	
1381	6.9050	-12		-135	
1382	6.9100	-12		-134	
1383	6.9150	-10		-133	
1384	6.9200	-10		-131	
1385	6.9250	-9		-130	
1386	6.9300	-8		-129	
1387	6.9350	-7		-127	
1388	6.9400	-6		-125	
1389	6.9450	-5		-124	
1390	6.9500	-4		-122	
1391	6.9550	-4		-120	
1392	6.9600	-2		-118	
1393	6.9650	-2		-116	
1394	6.9700	0		-114	
1395	6.9750	0		-112	
1396	6.9800	2		-109	
1397	6.9850	2		-107	
1398	6.9900	4		-104	
1399	6.9950	4		-102	
1400	7.0000	6		-99	
1401	7.0050	6		-96	
1402	7.0100	8		-94	
1403	7.0150	8		-91	
1404	7.0200	9		-88	
1405	7.0250	10		-85	
1406	7.0300	11		-82	
1407	7.0350	12		-79	
1408	7.0400	13		-76	
1409	7.0450	14		-73	
1410	7.0500	14		-70	
1411	7.0550	16		-66	
1412	7.0600	16		-63	
1413	7.0650	18		-60	
1414	7.0700	18		-57	
1415	7.0750	19		-53	
1416	7.0800	20		-50	
1417	7.0850	21		-46	
1418	7.0900	22		-43	
1419	7.0950	22		-40	
1420	7.1000	23		-36	
1421	7.1050	24		-32	
1422	7.1100	25		-29	
1423	7.1150	26		-26	
1424	7.1200	26		-22	
1425	7.1250	27		-18	
1426	7.1300	28		-15	
1427	7.1350	28		-12	
1428	7.1400	28		-8	
1429	7.1450	29		-4	
1430	7.1500	30		-1	
1431	7.1550	30		2	
1432	7.1600	31		6	
1433	7.1650	32		9	
1434	7.1700	32		13	
1435	7.1750	32		16	
1436	7.1800	33		19	
1437	7.1850	33		23	
1438	7.1900	34		26	
1439	7.1950	34		29	
1440	7.2000	34		32	
1441	7.2050	34		36	
1442	7.2100	34		39	
1443	7.2150	35		42	
1444	7.2200	35		45	
1445	7.2250	36		48	
1446	7.2300	36		50	
1447	7.2350	36		53	
1448	7.2400	36		56	
1449	7.2450	36		58	
1450	7.2500	36		61	
1451	7.2550	36		64	
1452	7.2600	36		66	
1453	7.2650	36		68	
1454	7.2700	36		71	
1455	7.2750	36		73	
1456	7.2800	36		75	
1457	7.2850	36		77	
1458	7.2900	36		79	
1459	7.2950	36		81	
1460	7.3000	35		83	
1461	7.3050	35		85	
1462	7.3100	35		86	
1463	7.3150	34		88	
1464	7.3200	34		89	
1465	7.3250	34		89	
1466	7.3300	34		91	
1467	7.3350	33		92	
1468	7.3400	33		93	
1469	7.3450	32		94	
1470	7.3500	32		94	
1471	7.3550	32		94	
1472	7.3600	31		94	
1473	7.3650	30		94	
1474	7.3700	30		94	
1475	7.3750	30		94	
1476	7.3800	29		94	
1477	7.3850	28		94	
1478	7.3900	28		94	
1479	7.3950	27		94	
1480	7.4000	26		94	
1481	7.4050	26		94	
1482	7.4100	25		94	
1483	7.4150	24		94	
1484	7.4200	24		94	
1485	7.4250	22		94	
1486	7.4300	22		94	
1487	7.4350	21		93	
1488	7.4400	20		92	
1489	7.4450	20		91	
1490	7.4500	18		90	
1491	7.4550	18		89	
1492	7.4600	17		87	
1493	7.4650	16		86	
1494	7.4700	15		84	
1495	7.4750	14		82	
1496	7.4800	14		81	
1497	7.4850	12		79	
1498	7.4900	12		77	
1499	7.4950	10		75	
1500	7.5000	10		73	
1501	7.5050	9		71	
1502	7.5100	8		68	
1503	7.5150	7		66	
1504	7.5200	6		64	
1505	7.5250	5		62	
1506	7.5300	4		59	
1507	7.5350	4		56	
1508	7.5400	2		54	
1509	7.5450	2		51	
1510	7.5500	0		48	
1511	7.5550	0		45	
1512	7.5600	-2		43	
1513	7.5650	-2		40	
1514	7.5700	-3		37	
1515	7.5750	-4		34	
1516	7.5800	-5		30	
1517	7.5850	-6		27	
1518	7.5900	-7		24	
1519	7.5950	-8		21	
1520	7.6000	-8		18	
1521	7.6050	-10		14	
1522	7.6100	-10		11	
1523	7.6150	-11		8	
1524	7.6200	-12		4	
1525	7.6250	-13		1	
1526	7.6300	-14		-2	
1527	7.6350	-14		-6	
1528	7.6400	-15		-9	
1529	7.6450	-16		-13	
1530	7.6500	-17		-16	
1531	7.6550	-18		-20	
1532	7.6600	-18		-23	
1533	7.6650	-19		-27	
1534	7.6700	-20		-30	
1535	7.6750	-20		-34	
1536	7.6800	-21		-37	
1537	7.6850	-22		-40	
1538	7.6900	-22		-44	
1539	7.6950	-22		-47	
1540	7.7000	-23		-50	
1541	7.7050	-24		-54	
1542	7.7100	-24		-58	
1543	7.7150	-24		-61	
1544	7.7200	-25		-64	
1545	7.7250	-26		-67	
1546	7.7300	-26		-70	
1547	7.7350	-26		-74	
1548	7.7400	-26		-77	
1549	7.7450	-27		-80	
1550	7.7500	-27		-83	
1551	7.7550	-28		-86	
1552	7.7600	-28		-89	
1553	7.7650	-28		-92	
1554	7.7700	-28		-94	
1555	7.7750	-28		-97	
1556	7.7800	-28		-100	
1557	7.7850	-28		-102	
1558	7.7900	-28		-105	
1559	7.7950	-29		-107	
1560	7.8000	-29		-110	
1561	7.8050	-29		-112	
1562	7.8100	-29		-114	
1563	7.8150	-29		-117	
1564	7.8200	-28		-119	
1565	7.8250	-28		-121	
1566	7.8300	-28		-123	
1567	7.8350	-28		-125	
1568	7.8400	-28		-126	
1569	7.8450	-28		-128	
1570	7.8500	-28		-130	
1571	7.8550	-27		-131	
1572	7.8600	-27		-132	
1573	7.8650	-26		-134	
1574	7.8700	-26		-135	
1575	7.8750	-26		-136	
1576	7.8800	-25		-137	
1577	7.8850	-25		-138	
1578	7.8900	-24		-139	
1579	7.8950	-24		-140	
1580	7.9000	-23		-140	
1581	7.9050	-22		-141	
1582	7.9100	-22		-141	
1583	7.9150	-22		-141	
1584	7.9200	-21		-142	
1585	7.9250	-20		-142	
1586	7.9300	-20		-142	
1587	7.9350	-19		-142	
1588	7.9400	-18		-141	
1589	7.9450	-18		-141	
1590	7.9500	-17		-141	
1591	7.9550	-16		-140	
1592	7.9600	-16		-140	
1593	7.9650	-14		-139	
1594	7.9700	-14		-138	
1595	7.9750	-13		-137	
1596	7.9800	-12		-136	
1597	7.9850	-11		-135	
1598	7.9900	-10		-134	
1599	7.9950	-10		-132	
1600	8.0000	-8		-131	
1601	8.0050	-8		-129	
1602	8.0100	-7		-128	
1603	8.0150	-6		-126	
1604	8.0200	-5		-124	
1605	8.0250	-4		-122	
1606	8.0300	-3		-121	
1607	8.0350	-2		-118	
1608	8.0400	-1		-116	
1609	8.0450	0		-114	
1610	8.0500	0		-112	
1611	8.0550	2		-110	
1612	8.0600	2		-107	
1613	8.0650	4		-105	
1614	8.0700	5		-102	
1615	8.0750	6		-100	
1616	8.0800	7		-97	
1617	8.0850	8		-94	
1618	8.0900	8		-92	
1619	8.0950	10		-89	
1620	8.1000	10		-86	
1621	8.1050	11		-82	
1622	8.1100	12		-79	
1623	8.1150	13		-76	
1624	8.1200	14		-73	
1625	8.1250	15		-70	
1626	8.1300	16		-67	
1627	8.1350	17		-64	
1628	8.1400	18		-60	
1629	8.1450	19		-57	
1630	8.1500	20		-54	
1631	8.1550	20		-50	
1632	8.1600	21		-47	
1633	8.1650	22		-43	
1634	8.1700	23		-40	
1635	8.1750	24		-36	
1636	8.1800	24		-33	
1637	8.1850	25		-30	
1638	8.1900	26		-26	
1639	8.1950	26		-22	
1640	8.2000	27		-19	
1641	8.2050	28		-15	
1642	8.2100	28		-12	
1643	8.2150	29		-8	
1644	8.2200	30		-5	
1645	8.2250	30		-1	
1646	8.2300	30		2	
1647	8.2350	31		6	
1648	8.2400	32		9	
1649	8.2450	32		12	
1650	8.2500	32		16	
1651	8.2550	33		19	
1652	8.2600	33		22	
1653	8.2650	34		26	
1654	8.2700	34		29	
1655	8.2750	34		32	
1656	8.2800	34		35	
1657	8.2850	35		38	
1658	8.2900	35		41	
1659	8.2950	35		44	
1660	8.3000	36		47	
1661	8.3050	36		50	
1662	8.3100	36		53	
1663	8.3150	36		56	
1664	8.3200	36		58	
1665	8.3250	36		61	
1666	8.3300	36		63	
1667	8.3350	36		66	
1668	8.3400	36		68	
1669	8.3450	36		70	
1670	8.3500	36		72	
1671	8.3550	36		75	
1672	8.3600	36		77	
1673	8.3650	36		79	
1674	8.3700	36		80	
1675	8.3750	35		82	
1676	8.3800	35		84	
1677	8.3850	35		86	
1678	8.3900	34		87	
1679	8.3950	34		88	
1680	8.4000	34		89	
1681	8.4050	34		90	
1682	8.4100	33		91	
1683	8.4150	33		92	
1684	8.4200	32		93	
1685	8.4250	32		93	
1686	8.4300	31		93	
1687	8.4350	31		93	
1688	8.4400	30		93	
1689	8.4450	30		93	
1690	8.4500	29		92	
1691	8.4550	28		93	
1692	8.4600	28		93	
1693	8.4650	28		93	
1694	8.4700	27		93	
1695	8.4750	26		92	
1696	8.4800	26		93	
1697	8.4850	24		93	
1698	8.4900	24		93	
1699	8.4950	23		92	
1700	8.5000	22		93	
1701	8.5050	22		93	
1702	8.5100	21		92	
1703	8.5150	20		91	
1704	8.5200	20		90	
1705	8.5250	18		89	
1706	8.5300	18		87	
1707	8.5350	17		86	
1708	8.5400	16		84	
1709	8.5450	15		83	
1710	8.5500	14		81	
1711	8.5550	14		79	
1712	8.5600	12		78	
1713	8.5650	12		76	
1714	8.5700	10		74	
1715	8.5750	10		72	
1716	8.5800	8		69	
1717	8.5850	8		67	
1718	8.5900	7		65	
1719	8.5950	6		62	
1720	8.6000	5		60	
1721	8.6050	4		57	
1722	8.6100	3		55	
1723	8.6150	2		52	
1724	8.6200	1		49	
1725	8.6250	0		47	
1726	8.6300	0		44	
1727	8.6350	-2		41	
1728	8.6400	-2		38	
1729	8.6450	-4		35	
1730	8.6500	-4		32	
1731	8.6550	-5		29	
1732	8.6600	-6		26	
1733	8.6650	-7		22	
1734	8.6700	-8		19	
1735	8.6750	-9		16	
1736	8.6800	-10		13	
1737	8.6850	-10		9	
1738	8.6900	-11		6	
1739	8.6950	-12		3	
1740	8.7000	-13		-1	
1741	8.7050	-14		-4	
1742	8.7100	-14		-8	
1743	8.7150	-16		-11	
1744	8.7200	-16		-15	
1745	8.7250	-17		-18	
1746	8.7300	-18		-22	
1747	8.7350	-18		-25	
1748	8.7400	-19		-28	
1749	8.7450	-20		-32	
1750	8.7500	-20		-35	
1751	8.7550	-21		-39	
1752	8.7600	-22		-42	
1753	8.7650	-22		-46	
1754	8.7700	-22		-49	
1755	8.7750	-23		-52	
1756	8.7800	-24		-56	
1757	8.7850	-24		-59	
1758	8.7900	-24		-62	
1759	8.7950	-25		-66	
1760	8.8000	-26		-69	
1761	8.8050	-26		-72	
1762	8.8100	-26		-75	
1763	8.8150	-26		-78	
1764	8.8200	-27		-82	
1765	8.8250	-27		-84	
1766	8.8300	-28		-88	
1767	8.8350	-28		-90	
1768	8.8400	-28		-93	
1769	8.8450	-28		-96	
1770	8.8500	-28		-99	
1771	8.8550	-28		-101	
1772	8.8600	-28		-104	
1773	8.8650	-28		-106	
1774	8.8700	-29		-109	
1775	8.8750	-29		-111	
1776	8.8800	-29		-114	
1777	8.8850	-29		-116	
1778	8.8900	-29		-118	
1779	8.8950	-28		-120	
1780	8.9000	-28		-122	
1781	8.9050	-28		-124	
1782	8.9100	-28		-126	
1783	8.9150	-28		-128	
1784	8.9200	-28		-129	
1785	8.9250	-28		-131	
1786	8.9300	-27		-132	
1787	8.9350	-27		-134	
1788	8.9400	-26		-135	
1789	8.9450	-26		-136	
1790	8.9500	-26		-137	
1791	8.9550	-25		-138	
1792	8.9600	-24		-139	
1793	8.9650	-24		-140	
1794	8.9700	-24		-141	
1795	8.9750	-23		-141	
1796	8.9800	-22		-142	
1797	8.9850	-22		-142	
1798	8.9900	-22		-142	
1799	8.9950	-21		-143	
1800	9.0000	-20		-143	
1801	9.0050	-20		-143	
1802	9.0100	-19		-142	
1803	9.0150	-18		-142	
1804	9.0200	-18		-142	
1805	9.0250	-17		-142	
1806	9.0300	-16		-141	
1807	9.0350	-15		-140	
1808	9.0400	-14		-140	
1809	9.0450	-14		-139	
1810	9.0500	-13		-138	
1811	9.0550	-12		-137	
1812	9.0600	-11		-136	
1813	9.0650	-10		-134	
1814	9.0700	-9		-133	
1815	9.0750	-8		-132	
1816	9.0800	-8		-130	
1817	9.0850	-7		-128	
1818	9.0900	-6		-127	
1819	9.0950	-5		-125	
1820	9.1000	-4		-123	
1821	9.1050	-3		-121	
1822	9.1100	-2		-119	
1823	9.1150	-1		-117	
1824	9.1200	0		-115	
1825	9.1250	1		-112	
1826	9.1300	2		-110	
1827	9.1350	3		-108	
1828	9.1400	4		-105	
1829	9.1450	5		-102	
1830	9.1500	6		-100	
1831	9.1550	7		-97	
1832	9.1600	8		-94	
1833	9.1650	9		-92	
1834	9.1700	10		-89	
1835	9.1750	10		-86	
1836	9.1800	12		-83	
1837	9.1850	12		-80	
1838	9.1900	13		-77	
1839	9.1950	14		-74	
1840	9.2000	15		-70	
1841	9.2050	16		-67	
1842	9.2100	17		-64	
1843	9.2150	18		-60	
1844	9.2200	19		-57	
1845	9.2250	20		-54	
1846	9.2300	20		-50	
1847	9.2350	22		-47	
1848	9.2400	22		-43	
1849	9.2450	23		-40	
1850	9.2500	24		-36	
1851	9.2550	24		-33	
1852	9.2600	25		-30	
1853	9.2650	26		-26	
1854	9.2700	26		-23	
1855	9.2750	27		-19	
1856	9.2800	28		-16	
1857	9.2850	28		-12	
1858	9.2900	29		-9	
1859	9.2950	30		-5	
1860	9.3000	30		-2	
1861	9.3050	31		2	
1862	9.3100	31		5	
1863	9.3150	32		9	
1864	9.3200	32		12	
1865	9.3250	32		16	
1866	9.3300	33		19	
1867	9.3350	33		22	
1868	9.3400	34		25	
1869	9.3450	34		29	
1870	9.3500	34		32	
1871	9.3550	34		35	
1872	9.3600	35		38	
1873	9.3650	35		41	
1874	9.3700	35		44	
1875	9.3750	36		47	
1876	9.3800	36		50	
1877	9.3850	36		52	
1878	9.3900	36		55	
1879	9.3950	36		58	
1880	9.4000	36		60	
1881	9.4050	36		63	
1882	9.4100	36		65	
1883	9.4150	36		68	
1884	9.4200	36		70	
1885	9.4250	36		72	
1886	9.4300	36		74	
1887	9.4350	36		76	
1888	9.4400	36		78	
1889	9.4450	36		80	
1890	9.4500	35		82	
1891	9.4550	35		83	
1892	9.4600	34		85	
1893	9.4650	34		86	
1894	9.4700	34		87	
1895	9.4750	34		88	
1896	9.4800	34		89	
1897	9.4850	33		90	
1898	9.4900	32		91	
1899	9.4950	32		92	
1900	9.5000	32		92	
1901	9.5050	31		92	
1902	9.5100	31		92	
1903	9.5150	30		92	
1904	9.5200	30		92	
1905	9.5250	29		92	
1906	9.5300	28		92	
1907	9.5350	28		92	
1908	9.5400	27		92	
1909	9.5450	26		92	
1910	9.5500	26		92	
1911	9.5550	25		92	
1912	9.5600	24		92	
1913	9.5650	24		92	
1914	9.5700	23		92	
1915	9.5750	22		92	
1916	9.5800	22		92	
1917	9.5850	20		91	
1918	9.5900	20		90	
1919	9.5950	19		89	
1920	9.6000	18		87	
1921	9.6050	18		86	
1922	9.6100	16		84	
1923	9.6150	16		83	
1924	9.6200	15		81	
1925	9.6250	14		80	
1926	9.6300	13		78	
1927	9.6350	12		76	
1928	9.6400	12		74	
1929	9.6450	10		72	
1930	9.6500	10		70	
1931	9.6550	8		68	
1932	9.6600	8		66	
1933	9.6650	7		63	
1934	9.6700	6		61	
1935	9.6750	5		58	
1936	9.6800	4		56	
1937	9.6850	3		53	
1938	9.6900	2		51	
1939	9.6950	1		48	
1940	9.7000	0		45	
1941	9.7050	-1		42	
1942	9.7100	-2		39	
1943	9.7150	-3		36	
1944	9.7200	-4		33	
1945	9.7250	-4		30	
1946	9.7300	-6		27	
1947	9.7350	-6		24	
1948	9.7400	-7		21	
1949	9.7450	-8		18	
1950	9.7500	-9		14	
1951	9.7550	-10		11	
1952	9.7600	-10		8	
1953	9.7650	-12		4	
1954	9.7700	-12		1	
1955	9.7750	-13		-2	
1956	9.7800	-14		-6	
1957	9.7850	-14		-9	
1958	9.7900	-15		-13	
1959	9.7950	-16		-16	
1960	9.8000	-17		-20	
1961	9.8050	-18		-23	
1962	9.8100	-18		-27	
1963	9.8150	-19		-30	
1964	9.8200	-20		-34	
1965	9.8250	-20		-37	
1966	9.8300	-21		-41	
1967	9.8350	-22		-44	
1968	9.8400	-22		-47	
1969	9.8450	-22		-51	
1970	9.8500	-23		-54	
1971	9.8550	-24		-58	
1972	9.8600	-24		-61	
1973	9.8650	-25		-64	
1974	9.8700	-25		-67	
1975	9.8750	-26		-70	
1976	9.8800	-26		-74	
1977	9.8850	-26		-77	
1978	9.8900	-27		-80	
1979	9.8950	-27		-83	
1980	9.9000	-28		-86	
1981	9.9050	-28		-89	
1982	9.9100	-28		-92	
1983	9.9150	-28		-95	
1984	9.9200	-28		-98	
1985	9.9250	-28		-100	
1986	9.9300	-28		-103	
1987	9.9350	-28		-106	
1988	9.9400	-28		-108	
1989	9.9450	-29		-110	
1990	9.9500	-29		-113	
1991	9.9550	-29		-115	
1992	9.9600	-29		-117	
1993	9.9650	-28		-120	
1994	9.9700	-28		-122	
1995	9.9750	-28		-124	
1996	9.9800	-28		-125	
1997	9.9850	-28		-127	
1998	9.9900	-28		-129	
1999	9.9950	-28		-130	
2000	10.0000	-28		-132	
