#	time(s)	count A	count B	count C	count D
1	0.0050	18		4	
2	0.0100	17		4	
3	0.0150	16		4	
4	0.0200	14		4	
5	0.0250	13		4	
6	0.0300	12		4	
7	0.0350	11		4	
8	0.0400	10		4	
9	0.0450	8		4	
10	0.0500	7		5	
11	0.0550	6		5	
12	0.0600	4		5	
13	0.0650	3		5	
14	0.0700	2		5	
15	0.0750	0		6	
16	0.0800	-1		6	
17	0.0850	-2		6	
18	0.0900	-3		6	
19	0.0950	-4		6	
20	0.1000	-5		6	
21	0.1050	-6		6	
22	0.1100	-7		6	
23	0.1150	-8		6	
24	0.1200	-8		6	
25	0.1250	-9		6	
26	0.1300	-9		6	
27	0.1350	-9		6	
28	0.1400	-9		6	
29	0.1450	-10		6	
30	0.1500	-9		6	
31	0.1550	-9		6	
32	0.1600	-9		6	
33	0.1650	-8		6	
34	0.1700	-8		6	
35	0.1750	-7		6	
36	0.1800	-6		6	
37	0.1850	-6		6	
38	0.1900	-4		6	
39	0.1950	-4		6	
40	0.2000	-2		6	
41	0.2050	-1		6	
42	0.2100	0		6	
43	0.2150	2		6	
44	0.2200	3		5	
45	0.2250	4		5	
46	0.2300	6		5	
47	0.2350	7		5	
48	0.2400	8		5	
49	0.2450	10		4	
50	0.2500	11		4	
51	0.2550	12		4	
52	0.2600	14		4	
53	0.2650	14		4	
54	0.2700	16		4	
55	0.2750	17		4	
56	0.2800	18		4	
57	0.2850	19		4	
58	0.2900	20		4	
59	0.2950	20		4	
60	0.3000	21		4	
61	0.3050	22		4	
62	0.3100	22		4	
63	0.3150	22		4	
64	0.3200	23		3	
65	0.3250	23		3	
66	0.3300	23		3	
67	0.3350	23		4	
68	0.3400	22		4	
69	0.3450	22		4	
70	0.3500	22		4	
71	0.3550	21		4	
72	0.3600	20		4	
73	0.3650	20		4	
74	0.3700	19		4	
75	0.3750	18		4	
76	0.3800	17		4	
77	0.3850	16		4	
78	0.3900	15		4	
79	0.3950	14		4	
80	0.4000	12		4	
81	0.4050	11		4	
82	0.4100	10		5	
83	0.4150	8		5	
84	0.4200	7		5	
85	0.4250	6		5	
86	0.4300	4		5	
87	0.4350	3		6	
88	0.4400	2		6	
89	0.4450	0		6	
90	0.4500	-1		6	
91	0.4550	-2		6	
92	0.4600	-3		6	
93	0.4650	-4		6	
94	0.4700	-5		6	
95	0.4750	-6		6	
96	0.4800	-7		6	
97	0.4850	-8		6	
98	0.4900	-8		6	
99	0.4950	-8		6	
100	0.5000	-9		6	
101	0.5050	-9		6	
102	0.5100	-9		6	
103	0.5150	-10		6	
104	0.5200	-9		6	
105	0.5250	-9		6	
106	0.5300	-9		6	
107	0.5350	-8		6	
108	0.5400	-8		6	
109	0.5450	-7		6	
110	0.5500	-6		6	
111	0.5550	-6		6	
112	0.5600	-4		6	
113	0.5650	-4		6	
114	0.5700	-2		6	
115	0.5750	-1		6	
116	0.5800	0		6	
117	0.5850	1		6	
118	0.5900	2		5	
119	0.5950	4		5	
120	0.6000	5		5	
121	0.6050	7		5	
122	0.6100	8		5	
123	0.6150	10		4	
124	0.6200	11		4	
125	0.6250	12		4	
126	0.6300	13		4	
127	0.6350	14		4	
128	0.6400	16		4	
129	0.6450	17		4	
130	0.6500	18		4	
131	0.6550	19		4	
132	0.6600	20		4	
133	0.6650	20		4	
134	0.6700	21		4	
135	0.6750	22		3	
136	0.6800	22		3	
137	0.6850	22		3	
138	0.6900	23		3	
139	0.6950	23		3	
140	0.7000	23		3	
141	0.7050	23		3	
142	0.7100	22		3	
143	0.7150	22		3	
144	0.7200	22		4	
145	0.7250	21		4	
146	0.7300	20		4	
147	0.7350	20		4	
148	0.7400	19		4	
149	0.7450	18		4	
150	0.7500	17		4	
151	0.7550	16		4	
152	0.7600	15		4	
153	0.7650	14		4	
154	0.7700	12		4	
155	0.7750	11		4	
156	0.7800	10		4	
157	0.7850	8		5	
158	0.7900	7		5	
159	0.7950	6		5	
160	0.8000	4		5	
161	0.8050	3		5	
162	0.8100	2		6	
163	0.8150	0		6	
164	0.8200	-1		6	
165	0.8250	-2		6	
166	0.8300	-3		6	
167	0.8350	-4		6	
168	0.8400	-5		6	
169	0.8450	-6		6	
170	0.8500	-7		6	
171	0.8550	-8		6	
172	0.8600	-8		6	
173	0.8650	-8		6	
174	0.8700	-9		6	
175	0.8750	-9		6	
176	0.8800	-9		6	
177	0.8850	-10		6	
178	0.8900	-9		6	
179	0.8950	-9		6	
180	0.9000	-9		6	
181	0.9050	-8		6	
182	0.9100	-8		6	
183	0.9150	-7		6	
184	0.9200	-6		6	
185	0.9250	-6		6	
186	0.9300	-4		6	
187	0.9350	-4		6	
188	0.9400	-2		6	
189	0.9450	-1		6	
190	0.9500	0		6	
191	0.9550	1		6	
192	0.9600	2		5	
193	0.9650	4		5	
194	0.9700	5		5	
195	0.9750	6		5	
196	0.9800	8		5	
197	0.9850	9		5	
198	0.9900	10		4	
199	0.9950	12		4	
200	1.0000	13		4	
201	1.0050	14		4	
202	1.0100	16		4	
203	1.0150	16		4	
204	1.0200	18		4	
205	1.0250	19		4	
206	1.0300	20		4	
207	1.0350	20		4	
208	1.0400	21		4	
209	1.0450	22		4	
210	1.0500	22		4	
211	1.0550	22		4	
212	1.0600	23		4	
213	1.0650	23		4	
214	1.0700	23		4	
215	1.0750	23		4	
216	1.0800	22		4	
217	1.0850	22		4	
218	1.0900	22		4	
219	1.0950	21		4	
220	1.1000	20		4	
221	1.1050	20		4	
222	1.1100	19		4	
223	1.1150	18		4	
224	1.1200	17		4	
225	1.1250	16		4	
226	1.1300	15		4	
227	1.1350	14		4	
228	1.1400	12		4	
229	1.1450	11		4	
230	1.1500	10		5	
231	1.1550	8		5	
232	1.1600	7		5	
233	1.1650	6		5	
234	1.1700	4		5	
235	1.1750	3		6	
236	1.1800	2		6	
237	1.1850	0		6	
238	1.1900	-1		6	
239	1.1950	-2		6	
240	1.2000	-3		6	
241	1.2050	-4		6	
242	1.2100	-5		6	
243	1.2150	-6		6	
244	1.2200	-7		6	
245	1.2250	-8		6	
246	1.2300	-8		6	
247	1.2350	-8		6	
248	1.2400	-9		6	
249	1.2450	-9		6	
250	1.2500	-9		6	
251	1.2550	-9		6	
252	1.2600	-9		6	
253	1.2650	-9		6	
254	1.2700	-9		6	
255	1.2750	-8		6	
256	1.2800	-8		6	
257	1.2850	-7		6	
258	1.2900	-6		6	
259	1.2950	-6		6	
260	1.3000	-5		6	
261	1.3050	-4		6	
262	1.3100	-2		6	
263	1.3150	-1		6	
264	1.3200	0		6	
265	1.3250	1		6	
266	1.3300	2		6	
267	1.3350	4		5	
268	1.3400	5		5	
269	1.3450	6		5	
270	1.3500	8		5	
271	1.3550	9		5	
272	1.3600	10		4	
273	1.3650	12		4	
274	1.3700	13		4	
275	1.3750	14		4	
276	1.3800	16		4	
277	1.3850	16		4	
278	1.3900	18		4	
279	1.3950	18		4	
280	1.4000	20		4	
281	1.4050	20		4	
282	1.4100	21		4	
283	1.4150	22		4	
284	1.4200	22		4	
285	1.4250	22		4	
286	1.4300	23		3	
287	1.4350	23		3	
288	1.4400	23		3	
289	1.4450	23		4	
290	1.4500	22		4	
291	1.4550	22		4	
292	1.4600	22		4	
293	1.4650	21		4	
294	1.4700	20		4	
295	1.4750	20		4	
296	1.4800	19		4	
297	1.4850	18		4	
298	1.4900	17		4	
299	1.4950	16		4	
300	1.5000	15		4	
301	1.5050	14		4	
302	1.5100	12		4	
303	1.5150	11		4	
304	1.5200	10		4	
305	1.5250	8		5	
306	1.5300	7		5	
307	1.5350	6		5	
308	1.5400	4		5	
309	1.5450	3		5	
310	1.5500	2		6	
311	1.5550	0		6	
312	1.5600	-1		6	
313	1.5650	-2		6	
314	1.5700	-3		6	
315	1.5750	-4		6	
316	1.5800	-5		6	
317	1.5850	-6		6	
318	1.5900	-7		6	
319	1.5950	-7		6	
320	1.6000	-8		6	
321	1.6050	-8		6	
322	1.6100	-9		6	
323	1.6150	-9		6	
324	1.6200	-9		6	
325	1.6250	-10		6	
326	1.6300	-9		6	
327	1.6350	-9		6	
328	1.6400	-9		6	
329	1.6450	-8		6	
330	1.6500	-8		6	
331	1.6550	-7		6	
332	1.6600	-6		6	
333	1.6650	-6		6	
334	1.6700	-5		6	
335	1.6750	-4		6	
336	1.6800	-3		6	
337	1.6850	-2		6	
338	1.6900	0		6	
339	1.6950	1		6	
340	1.7000	2		5	
341	1.7050	4		5	
342	1.7100	5		5	
343	1.7150	6		5	
344	1.7200	8		5	
345	1.7250	9		4	
346	1.7300	10		4	
347	1.7350	12		4	
348	1.7400	13		4	
349	1.7450	14		4	
350	1.7500	15		4	
351	1.7550	16		4	
352	1.7600	18		4	
353	1.7650	18		4	
354	1.7700	20		4	
355	1.7750	20		4	
356	1.7800	21		4	
357	1.7850	22		3	
358	1.7900	22		3	
359	1.7950	22		3	
360	1.8000	22		3	
361	1.8050	23		3	
362	1.8100	23		3	
363	1.8150	23		3	
364	1.8200	22		3	
365	1.8250	22		4	
366	1.8300	22		4	
367	1.8350	21		4	
368	1.8400	21		4	
369	1.8450	20		4	
370	1.8500	19		4	
371	1.8550	18		4	
372	1.8600	17		4	
373	1.8650	16		4	
374	1.8700	15		4	
375	1.8750	14		4	
376	1.8800	12		4	
377	1.8850	11		4	
378	1.8900	10		4	
379	1.8950	9		5	
380	1.9000	7		5	
381	1.9050	6		5	
382	1.9100	4		5	
383	1.9150	3		5	
384	1.9200	2		6	
385	1.9250	0		6	
386	1.9300	-1		6	
387	1.9350	-2		6	
388	1.9400	-3		6	
389	1.9450	-4		6	
390	1.9500	-5		6	
391	1.9550	-6		6	
392	1.9600	-7		6	
393	1.9650	-8		6	
394	1.9700	-8		6	
395	1.9750	-8		6	
396	1.9800	-9		6	
397	1.9850	-9		6	
398	1.9900	-9		6	
399	1.9950	-10		6	
400	2.0000	-10		6	
401	2.0050	-9		6	
402	2.0100	-9		6	
403	2.0150	-8		6	
404	2.0200	-8		6	
405	2.0250	-8		6	
406	2.0300	-7		6	
407	2.0350	-6		6	
408	2.0400	-5		6	
409	2.0450	-4		6	
410	2.0500	-3		6	
411	2.0550	-2		6	
412	2.0600	0		6	
413	2.0650	1		6	
414	2.0700	2		5	
415	2.0750	4		5	
416	2.0800	5		5	
417	2.0850	6		5	
418	2.0900	8		5	
419	2.0950	9		4	
420	2.1000	10		4	
421	2.1050	12		4	
422	2.1100	13		4	
423	2.1150	14		4	
424	2.1200	15		4	
425	2.1250	16		4	
426	2.1300	17		4	
427	2.1350	18		4	
428	2.1400	19		4	
429	2.1450	20		4	
430	2.1500	21		3	
431	2.1550	22		3	
432	2.1600	22		3	
433	2.1650	22		3	
434	2.1700	22		3	
435	2.1750	23		3	
436	2.1800	23		3	
437	2.1850	23		3	
438	2.1900	22		3	
439	2.1950	22		3	
440	2.2000	22		4	
441	2.2050	21		4	
442	2.2100	20		4	
443	2.2150	20		4	
444	2.2200	19		4	
445	2.2250	18		4	
446	2.2300	17		4	
447	2.2350	16		4	
448	2.2400	15		4	
449	2.2450	14		4	
450	2.2500	12		4	
451	2.2550	11		4	
452	2.2600	10		4	
453	2.2650	9		5	
454	2.2700	7		5	
455	2.2750	6		5	
456	2.2800	4		5	
457	2.2850	3		5	
458	2.2900	2		6	
459	2.2950	0		6	
460	2.3000	-1		6	
461	2.3050	-2		6	
462	2.3100	-3		6	
463	2.3150	-4		6	
464	2.3200	-5		6	
465	2.3250	-6		6	
466	2.3300	-7		6	
467	2.3350	-8		6	
468	2.3400	-8		6	
469	2.3450	-8		6	
470	2.3500	-9		6	
471	2.3550	-9		6	
472	2.3600	-10		6	
473	2.3650	-10		6	
474	2.3700	-10		6	
475	2.3750	-9		6	
476	2.3800	-9		6	
477	2.3850	-9		6	
478	2.3900	-8		6	
479	2.3950	-8		6	
480	2.4000	-7		6	
481	2.4050	-6		6	
482	2.4100	-5		6	
483	2.4150	-4		6	
484	2.4200	-3		6	
485	2.4250	-2		6	
486	2.4300	0		6	
487	2.4350	1		6	
488	2.4400	2		6	
489	2.4450	4		5	
490	2.4500	5		5	
491	2.4550	6		5	
492	2.4600	8		5	
493	2.4650	9		5	
494	2.4700	10		4	
495	2.4750	12		4	
496	2.4800	13		4	
497	2.4850	14		4	
498	2.4900	15		4	
499	2.4950	16		4	
500	2.5000	17		4	
501	2.5050	18		4	
502	2.5100	19		4	
503	2.5150	20		4	
504	2.5200	21		4	
505	2.5250	22		4	
506	2.5300	22		4	
507	2.5350	22		4	
508	2.5400	22		4	
509	2.5450	23		3	
510	2.5500	23		3	
511	2.5550	23		3	
512	2.5600	22		4	
513	2.5650	22		4	
514	2.5700	22		4	
515	2.5750	21		4	
516	2.5800	21		4	
517	2.5850	20		4	
518	2.5900	19		4	
519	2.5950	18		4	
520	2.6000	17		4	
521	2.6050	16		4	
522	2.6100	15		4	
523	2.6150	14		4	
524	2.6200	12		4	
525	2.6250	11		4	
526	2.6300	10		5	
527	2.6350	9		5	
528	2.6400	7		5	
529	2.6450	6		5	
530	2.6500	5		5	
531	2.6550	3		5	
532	2.6600	2		6	
533	2.6650	1		6	
534	2.6700	0		6	
535	2.6750	-2		6	
536	2.6800	-3		6	
537	2.6850	-4		6	
538	2.6900	-5		6	
539	2.6950	-6		6	
540	2.7000	-6		6	
541	2.7050	-8		6	
542	2.7100	-8		6	
543	2.7150	-8		6	
544	2.7200	-9		6	
545	2.7250	-9		6	
546	2.7300	-10		6	
547	2.7350	-10		6	
548	2.7400	-10		6	
549	2.7450	-9		6	
550	2.7500	-9		6	
551	2.7550	-9		6	
552	2.7600	-8		6	
553	2.7650	-8		6	
554	2.7700	-7		6	
555	2.7750	-6		6	
556	2.7800	-5		6	
557	2.7850	-4		6	
558	2.7900	-3		6	
559	2.7950	-2		6	
560	2.8000	0		6	
561	2.8050	1		6	
562	2.8100	2		5	
563	2.8150	3		5	
564	2.8200	5		5	
565	2.8250	6		5	
566	2.8300	8		5	
567	2.8350	9		5	
568	2.8400	10		4	
569	2.8450	12		4	
570	2.8500	13		4	
571	2.8550	14		4	
572	2.8600	15		4	
573	2.8650	16		4	
574	2.8700	17		4	
575	2.8750	18		4	
576	2.8800	19		4	
577	2.8850	20		4	
578	2.8900	21		4	
579	2.8950	21		3	
580	2.9000	22		3	
581	2.9050	22		3	
582	2.9100	22		3	
583	2.9150	23		3	
584	2.9200	23		3	
585	2.9250	23		3	
586	2.9300	22		3	
587	2.9350	22		3	
588	2.9400	22		3	
589	2.9450	21		4	
590	2.9500	21		4	
591	2.9550	20		4	
592	2.9600	19		4	
593	2.9650	18		4	
594	2.9700	17		4	
595	2.9750	16		4	
596	2.9800	15		4	
597	2.9850	14		4	
598	2.9900	13		4	
599	2.9950	12		4	
600	3.0000	10		4	
601	3.0050	9		4	
602	3.0100	8		5	
603	3.0150	6		5	
604	3.0200	5		5	
605	3.0250	3		5	
606	3.0300	2		5	
607	3.0350	1		6	
608	3.0400	0		6	
609	3.0450	-2		6	
610	3.0500	-3		6	
611	3.0550	-4		6	
612	3.0600	-5		6	
613	3.0650	-6		6	
614	3.0700	-6		6	
615	3.0750	-7		6	
616	3.0800	-8		6	
617	3.0850	-8		6	
618	3.0900	-9		6	
619	3.0950	-9		6	
620	3.1000	-10		6	
621	3.1050	-10		6	
622	3.1100	-10		6	
623	3.1150	-9		6	
624	3.1200	-9		6	
625	3.1250	-9		6	
626	3.1300	-8		6	
627	3.1350	-8		6	
628	3.1400	-7		6	
629	3.1450	-6		6	
630	3.1500	-5		6	
631	3.1550	-4		6	
632	3.1600	-3		6	
633	3.1650	-2		6	
634	3.1700	-1		6	
635	3.1750	0		6	
636	3.1800	2		5	
637	3.1850	3		5	
638	3.1900	4		5	
639	3.1950	6		5	
640	3.2000	7		5	
641	3.2050	9		4	
642	3.2100	10		4	
643	3.2150	12		4	
644	3.2200	13		4	
645	3.2250	14		4	
646	3.2300	15		4	
647	3.2350	16		4	
648	3.2400	17		4	
649	3.2450	18		4	
650	3.2500	19		4	
651	3.2550	20		4	
652	3.2600	21		4	
653	3.2650	21		3	
654	3.2700	22		3	
655	3.2750	22		3	
656	3.2800	22		3	
657	3.2850	23		3	
658	3.2900	23		3	
659	3.2950	23		3	
660	3.3000	22		3	
661	3.3050	22		4	
662	3.3100	22		4	
663	3.3150	21		4	
664	3.3200	21		4	
665	3.3250	20		4	
666	3.3300	19		4	
667	3.3350	18		4	
668	3.3400	17		4	
669	3.3450	16		4	
670	3.3500	15		4	
671	3.3550	14		4	
672	3.3600	13		4	
673	3.3650	12		4	
674	3.3700	10		4	
675	3.3750	9		5	
676	3.3800	8		5	
677	3.3850	6		5	
678	3.3900	5		5	
679	3.3950	4		5	
680	3.4000	2		6	
681	3.4050	1		6	
682	3.4100	0		6	
683	3.4150	-2		6	
684	3.4200	-3		6	
685	3.4250	-4		6	
686	3.4300	-5		6	
687	3.4350	-6		6	
688	3.4400	-6		6	
689	3.4450	-7		6	
690	3.4500	-8		6	
691	3.4550	-8		6	
692	3.4600	-9		6	
693	3.4650	-9		6	
694	3.4700	-10		6	
695	3.4750	-10		6	
696	3.4800	-10		6	
697	3.4850	-9		6	
698	3.4900	-9		6	
699	3.4950	-9		6	
700	3.5000	-8		6	
701	3.5050	-8		6	
702	3.5100	-7		6	
703	3.5150	-6		6	
704	3.5200	-5		6	
705	3.5250	-4		6	
706	3.5300	-3		6	
707	3.5350	-2		6	
708	3.5400	-1		6	
709	3.5450	0		6	
710	3.5500	2		6	
711	3.5550	3		5	
712	3.5600	4		5	
713	3.5650	6		5	
714	3.5700	7		5	
715	3.5750	8		5	
716	3.5800	10		4	
717	3.5850	11		4	
718	3.5900	12		4	
719	3.5950	14		4	
720	3.6000	15		4	
721	3.6050	16		4	
722	3.6100	17		4	
723	3.6150	18		4	
724	3.6200	19		4	
725	3.6250	20		4	
726	3.6300	21		4	
727	3.6350	21		3	
728	3.6400	22		3	
729	3.6450	22		3	
730	3.6500	22		3	
731	3.6550	23		3	
732	3.6600	23		3	
733	3.6650	23		3	
734	3.6700	22		3	
735	3.6750	22		3	
736	3.6800	22		3	
737	3.6850	22		4	
738	3.6900	21		4	
739	3.6950	20		4	
740	3.7000	19		4	
741	3.7050	18		4	
742	3.7100	18		4	
743	3.7150	16		4	
744	3.7200	15		4	
745	3.7250	14		4	
746	3.7300	13		4	
747	3.7350	12		4	
748	3.7400	10		4	
749	3.7450	9		4	
750	3.7500	8		5	
751	3.7550	6		5	
752	3.7600	5		5	
753	3.7650	4		5	
754	3.7700	2		5	
755	3.7750	1		6	
756	3.7800	0		6	
757	3.7850	-2		6	
758	3.7900	-2		6	
759	3.7950	-4		6	
760	3.8000	-4		6	
761	3.8050	-6		6	
762	3.8100	-6		6	
763	3.8150	-7		6	
764	3.8200	-8		6	
765	3.8250	-8		6	
766	3.8300	-9		6	
767	3.8350	-9		6	
768	3.8400	-9		6	
769	3.8450	-10		6	
770	3.8500	-10		6	
771	3.8550	-9		6	
772	3.8600	-9		6	
773	3.8650	-9		6	
774	3.8700	-8		6	
775	3.8750	-8		6	
776	3.8800	-7		6	
777	3.8850	-6		6	
778	3.8900	-5		6	
779	3.8950	-4		6	
780	3.9000	-3		6	
781	3.9050	-2		6	
782	3.9100	-1		6	
783	3.9150	0		6	
784	3.9200	2		5	
785	3.9250	3		5	
786	3.9300	4		5	
787	3.9350	6		5	
788	3.9400	7		5	
789	3.9450	8		5	
790	3.9500	10		4	
791	3.9550	11		4	
792	3.9600	12		4	
793	3.9650	14		4	
794	3.9700	15		4	
795	3.9750	16		4	
796	3.9800	17		4	
797	3.9850	18		4	
798	3.9900	19		4	
799	3.9950	20		4	
800	4.0000	20		4	
801	4.0050	21		4	
802	4.0100	22		3	
803	4.0150	22		3	
804	4.0200	22		3	
805	4.0250	23		3	
806	4.0300	23		3	
807	4.0350	23		3	
808	4.0400	22		3	
809	4.0450	22		3	
810	4.0500	22		4	
811	4.0550	22		4	
812	4.0600	21		4	
813	4.0650	20		4	
814	4.0700	19		4	
815	4.0750	18		4	
816	4.0800	18		4	
817	4.0850	16		4	
818	4.0900	15		4	
819	4.0950	14		4	
820	4.1000	13		4	
821	4.1050	12		4	
822	4.1100	10		4	
823	4.1150	9		5	
824	4.1200	8		5	
825	4.1250	6		5	
826	4.1300	5		5	
827	4.1350	4		5	
828	4.1400	2		6	
829	4.1450	1		6	
830	4.1500	0		6	
831	4.1550	-2		6	
832	4.1600	-2		6	
833	4.1650	-4		6	
834	4.1700	-4		6	
835	4.1750	-6		6	
836	4.1800	-6		6	
837	4.1850	-7		6	
838	4.1900	-8		6	
839	4.1950	-8		6	
840	4.2000	-9		6	
841	4.2050	-9		6	
842	4.2100	-10		6	
843	4.2150	-10		6	
844	4.2200	-10		6	
845	4.2250	-10		6	
846	4.2300	-9		6	
847	4.2350	-9		6	
848	4.2400	-8		6	
849	4.2450	-8		6	
850	4.2500	-7		6	
851	4.2550	-6		6	
852	4.2600	-5		6	
853	4.2650	-4		6	
854	4.2700	-3		6	
855	4.2750	-2		6	
856	4.2800	-1		6	
857	4.2850	0		6	
858	4.2900	2		6	
859	4.2950	3		5	
860	4.3000	4		5	
861	4.3050	6		5	
862	4.3100	7		5	
863	4.3150	8		5	
864	4.3200	10		4	
865	4.3250	11		4	
866	4.3300	12		4	
867	4.3350	14		4	
868	4.3400	15		4	
869	4.3450	16		4	
870	4.3500	17		4	
871	4.3550	18		4	
872	4.3600	19		4	
873	4.3650	20		4	
874	4.3700	20		4	
875	4.3750	21		4	
876	4.3800	22		4	
877	4.3850	22		4	
878	4.3900	22		3	
879	4.3950	23		3	
880	4.4000	23		3	
881	4.4050	23		3	
882	4.4100	22		4	
883	4.4150	22		4	
884	4.4200	22		4	
885	4.4250	22		4	
886	4.4300	21		4	
887	4.4350	20		4	
888	4.4400	19		4	
889	4.4450	18		4	
890	4.4500	18		4	
891	4.4550	16		4	
892	4.4600	16		4	
893	4.4650	14		4	
894	4.4700	13		4	
895	4.4750	12		4	
896	4.4800	10		4	
897	4.4850	9		5	
898	4.4900	8		5	
899	4.4950	6		5	
900	4.5000	5		5	
901	4.5050	4		5	
902	4.5100	2		6	
903	4.5150	1		6	
904	4.5200	0		6	
905	4.5250	-2		6	
906	4.5300	-2		6	
907	4.5350	-4		6	
908	4.5400	-4		6	
909	4.5450	-6		6	
910	4.5500	-6		6	
911	4.5550	-7		6	
912	4.5600	-8		6	
913	4.5650	-8		6	
914	4.5700	-9		6	
915	4.5750	-9		6	
916	4.5800	-9		6	
917	4.5850	-10		6	
918	4.5900	-10		6	
919	4.5950	-9		6	
920	4.6000	-9		6	
921	4.6050	-9		6	
922	4.6100	-8		6	
923	4.6150	-8		6	
924	4.6200	-7		6	
925	4.6250	-6		6	
926	4.6300	-6		6	
927	4.6350	-4		6	
928	4.6400	-3		6	
929	4.6450	-2		6	
930	4.6500	-1		6	
931	4.6550	0		6	
932	4.6600	2		5	
933	4.6650	3		5	
934	4.6700	4		5	
935	4.6750	6		5	
936	4.6800	7		5	
937	4.6850	8		4	
938	4.6900	10		4	
939	4.6950	11		4	
940	4.7000	12		4	
941	4.7050	14		4	
942	4.7100	15		4	
943	4.7150	16		4	
944	4.7200	17		4	
945	4.7250	18		4	
946	4.7300	19		4	
947	4.7350	20		4	
948	4.7400	20		3	
949	4.7450	21		3	
950	4.7500	22		3	
951	4.7550	22		3	
952	4.7600	22		3	
953	4.7650	23		3	
954	4.7700	23		3	
955	4.7750	23		3	
956	4.7800	22		3	
957	4.7850	22		3	
958	4.7900	22		3	
959	4.7950	22		3	
960	4.8000	21		3	
961	4.8050	20		4	
962	4.8100	20		4	
963	4.8150	18		4	
964	4.8200	18		4	
965	4.8250	16		4	
966	4.8300	16		4	
967	4.8350	14		4	
968	4.8400	13		4	
969	4.8450	12		4	
970	4.8500	10		4	
971	4.8550	9		4	
972	4.8600	8		5	
973	4.8650	6		5	
974	4.8700	5		5	
975	4.8750	4		5	
976	4.8800	2		5	
977	4.8850	1		6	
978	4.8900	0		6	
979	4.8950	-1		6	
980	4.9000	-2		6	
981	4.9050	-4		6	
982	4.9100	-4		6	
983	4.9150	-6		6	
984	4.9200	-6		6	
985	4.9250	-7		6	
986	4.9300	-8		6	
987	4.9350	-8		6	
988	4.9400	-9		6	
989	4.9450	-9		6	
990	4.9500	-9		6	
991	4.9550	-10		6	
992	4.9600	-10		6	
993	4.9650	-9		6	
994	4.9700	-9		6	
995	4.9750	-9		6	
996	4.9800	-8		6	
997	4.9850	-8		6	
998	4.9900	-7		6	
999	4.9950	-6		6	
1000	5.0000	-6		6	
1001	5.0050	-4		6	
1002	5.0100	-4		6	
1003	5.0150	-2		6	
1004	5.0200	-1		6	
1005	5.0250	0		6	
1006	5.0300	2		6	
1007	5.0350	3		5	
1008	5.0400	4		5	
1009	5.0450	6		5	
1010	5.0500	7		5	
1011	5.0550	8		5	
1012	5.0600	10		4	
1013	5.0650	11		4	
1014	5.0700	12		4	
1015	5.0750	14		4	
1016	5.0800	14		4	
1017	5.0850	16		4	
1018	5.0900	17		4	
1019	5.0950	18		4	
1020	5.1000	19		4	
1021	5.1050	20		4	
1022	5.1100	20		4	
1023	5.1150	21		4	
1024	5.1200	22		4	
1025	5.1250	22		3	
1026	5.1300	22		3	
1027	5.1350	23		3	
1028	5.1400	23		3	
1029	5.1450	23		3	
1030	5.1500	22		3	
1031	5.1550	22		4	
1032	5.1600	22		4	
1033	5.1650	22		4	
1034	5.1700	21		4	
1035	5.1750	20		4	
1036	5.1800	20		4	
1037	5.1850	19		4	
1038	5.1900	18		4	
1039	5.1950	17		4	
1040	5.2000	16		4	
1041	5.2050	14		4	
1042	5.2100	13		4	
1043	5.2150	12		4	
1044	5.2200	10		4	
1045	5.2250	9		5	
1046	5.2300	8		5	
1047	5.2350	6		5	
1048	5.2400	5		5	
1049	5.2450	4		5	
1050	5.2500	2		6	
1051	5.2550	1		6	
1052	5.2600	0		6	
1053	5.2650	-1		6	
1054	5.2700	-2		6	
1055	5.2750	-4		6	
1056	5.2800	-4		6	
1057	5.2850	-5		6	
1058	5.2900	-6		6	
1059	5.2950	-7		6	
1060	5.3000	-8		6	
1061	5.3050	-8		6	
1062	5.3100	-9		6	
1063	5.3150	-9		6	
1064	5.3200	-9		6	
1065	5.3250	-10		6	
1066	5.3300	-10		6	
1067	5.3350	-10		6	
1068	5.3400	-9		6	
1069	5.3450	-9		6	
1070	5.3500	-8		6	
1071	5.3550	-8		6	
1072	5.3600	-7		6	
1073	5.3650	-6		6	
1074	5.3700	-6		6	
1075	5.3750	-4		6	
1076	5.3800	-4		6	
1077	5.3850	-2		6	
1078	5.3900	-1		6	
1079	5.3950	0		6	
1080	5.4000	1		6	
1081	5.4050	3		5	
1082	5.4100	4		5	
1083	5.4150	6		5	
1084	5.4200	7		5	
1085	5.4250	8		5	
1086	5.4300	10		4	
1087	5.4350	11		4	
1088	5.4400	12		4	
1089	5.4450	13		4	
1090	5.4500	14		4	
1091	5.4550	16		4	
1092	5.4600	17		4	
1093	5.4650	18		4	
1094	5.4700	19		4	
1095	5.4750	20		4	
1096	5.4800	20		4	
1097	5.4850	21		3	
1098	5.4900	22		3	
1099	5.4950	22		3	
1100	5.5000	22		3	
1101	5.5050	23		3	
1102	5.5100	23		3	
1103	5.5150	23		3	
1104	5.5200	22		3	
1105	5.5250	22		3	
1106	5.5300	22		3	
1107	5.5350	22		3	
1108	5.5400	21		3	
1109	5.5450	20		4	
1110	5.5500	20		4	
1111	5.5550	19		4	
1112	5.5600	18		4	
1113	5.5650	17		4	
1114	5.5700	16		4	
1115	5.5750	14		4	
1116	5.5800	13		4	
1117	5.5850	12		4	
1118	5.5900	11		4	
1119	5.5950	10		4	
1120	5.6000	8		4	
1121	5.6050	7		5	
1122	5.6100	5		5	
1123	5.6150	4		5	
1124	5.6200	3		5	
1125	5.6250	1		5	
1126	5.6300	0		6	
1127	5.6350	-1		6	
1128	5.6400	-2		6	
1129	5.6450	-3		6	
1130	5.6500	-4		6	
1131	5.6550	-5		6	
1132	5.6600	-6		6	
1133	5.6650	-7		6	
1134	5.6700	-8		6	
1135	5.6750	-8		6	
1136	5.6800	-9		6	
1137	5.6850	-9		6	
1138	5.6900	-9		6	
1139	5.6950	-10		6	
1140	5.7000	-10		6	
1141	5.7050	-10		6	
1142	5.7100	-9		6	
1143	5.7150	-9		6	
1144	5.7200	-8		6	
1145	5.7250	-8		6	
1146	5.7300	-7		6	
1147	5.7350	-6		6	
1148	5.7400	-6		6	
1149	5.7450	-4		6	
1150	5.7500	-4		6	
1151	5.7550	-2		6	
1152	5.7600	-1		6	
1153	5.7650	0		6	
1154	5.7700	1		5	
1155	5.7750	2		5	
1156	5.7800	4		5	
1157	5.7850	5		5	
1158	5.7900	6		5	
1159	5.7950	8		5	
1160	5.8000	9		4	
1161	5.8050	11		4	
1162	5.8100	12		4	
1163	5.8150	13		4	
1164	5.8200	14		4	
1165	5.8250	16		4	
1166	5.8300	16		4	
1167	5.8350	18		4	
1168	5.8400	19		4	
1169	5.8450	20		4	
1170	5.8500	20		4	
1171	5.8550	21		4	
1172	5.8600	22		3	
1173	5.8650	22		3	
1174	5.8700	22		3	
1175	5.8750	22		3	
1176	5.8800	23		3	
1177	5.8850	23		3	
1178	5.8900	22		3	
1179	5.8950	22		3	
1180	5.9000	22		4	
1181	5.9050	22		4	
1182	5.9100	21		4	
1183	5.9150	20		4	
1184	5.9200	20		4	
1185	5.9250	19		4	
1186	5.9300	18		4	
1187	5.9350	17		4	
1188	5.9400	16		4	
1189	5.9450	14		4	
1190	5.9500	13		4	
1191	5.9550	12		4	
1192	5.9600	11		4	
1193	5.9650	10		5	
1194	5.9700	8		5	
1195	5.9750	7		5	
1196	5.9800	6		5	
1197	5.9850	4		5	
1198	5.9900	3		6	
1199	5.9950	2		6	
1200	6.0000	0		6	
1201	6.0050	-1		6	
1202	6.0100	-2		6	
1203	6.0150	-3		6	
1204	6.0200	-4		6	
1205	6.0250	-5		6	
1206	6.0300	-6		6	
1207	6.0350	-7		6	
1208	6.0400	-8		6	
1209	6.0450	-8		6	
1210	6.0500	-9		6	
1211	6.0550	-9		6	
1212	6.0600	-9		6	
1213	6.0650	-10		6	
1214	6.0700	-10		6	
1215	6.0750	-10		6	
1216	6.0800	-9		6	
1217	6.0850	-9		6	
1218	6.0900	-8		6	
1219	6.0950	-8		6	
1220	6.1000	-7		6	
1221	6.1050	-6		6	
1222	6.1100	-6		6	
1223	6.1150	-5		6	
1224	6.1200	-4		6	
1225	6.1250	-2		6	
1226	6.1300	-1		6	
1227	6.1350	0		6	
1228	6.1400	1		6	
1229	6.1450	2		5	
1230	6.1500	4		5	
1231	6.1550	5		5	
1232	6.1600	6		5	
1233	6.1650	8		5	
1234	6.1700	9		5	
1235	6.1750	10		4	
1236	6.1800	12		4	
1237	6.1850	13		4	
1238	6.1900	14		4	
1239	6.1950	16		4	
1240	6.2000	16		4	
1241	6.2050	18		4	
1242	6.2100	18		4	
1243	6.2150	20		4	
1244	6.2200	20		4	
1245	6.2250	21		4	
1246	6.2300	22		3	
1247	6.2350	22		3	
1248	6.2400	22		3	
1249	6.2450	22		3	
1250	6.2500	23		3	
1251	6.2550	23		3	
1252	6.2600	23		3	
1253	6.2650	22		3	
1254	6.2700	22		3	
1255	6.2750	22		4	
1256	6.2800	21		4	
1257	6.2850	20		4	
1258	6.2900	20		4	
1259	6.2950	19		4	
1260	6.3000	18		4	
1261	6.3050	17		4	
1262	6.3100	16		4	
1263	6.3150	15		4	
1264	6.3200	14		4	
1265	6.3250	12		4	
1266	6.3300	11		4	
1267	6.3350	10		4	
1268	6.3400	8		5	
1269	6.3450	7		5	
1270	6.3500	6		5	
1271	6.3550	4		5	
1272	6.3600	3		5	
1273	6.3650	2		6	
1274	6.3700	0		6	
1275	6.3750	-1		6	
1276	6.3800	-2		6	
1277	6.3850	-3		6	
1278	6.3900	-4		6	
1279	6.3950	-5		6	
1280	6.4000	-6		6	
1281	6.4050	-7		6	
1282	6.4100	-8		6	
1283	6.4150	-8		6	
1284	6.4200	-9		6	
1285	6.4250	-9		6	
1286	6.4300	-9		6	
1287	6.4350	-10		6	
1288	6.4400	-10		6	
1289	6.4450	-10		6	
1290	6.4500	-9		6	
1291	6.4550	-9		6	
1292	6.4600	-8		6	
1293	6.4650	-8		6	
1294	6.4700	-8		6	
1295	6.4750	-7		6	
1296	6.4800	-6		6	
1297	6.4850	-5		6	
1298	6.4900	-4		6	
1299	6.4950	-3		6	
1300	6.5000	-2		6	
1301	6.5050	0		6	
1302	6.5100	1		6	
1303	6.5150	2		5	
1304	6.5200	4		5	
1305	6.5250	5		5	
1306	6.5300	6		5	
1307	6.5350	8		5	
1308	6.5400	9		4	
1309	6.5450	10		4	
1310	6.5500	12		4	
1311	6.5550	13		4	
1312	6.5600	14		4	
1313	6.5650	15		4	
1314	6.5700	16		4	
1315	6.5750	18		4	
1316	6.5800	18		4	
1317	6.5850	20		4	
1318	6.5900	20		4	
1319	6.5950	21		4	
1320	6.6000	22		3	
1321	6.6050	22		3	
1322	6.6100	22		3	
1323	6.6150	22		3	
1324	6.6200	23		3	
1325	6.6250	23		3	
1326	6.6300	23		3	
1327	6.6350	22		3	
1328	6.6400	22		4	
1329	6.6450	22		4	
1330	6.6500	21		4	
1331	6.6550	20		4	
1332	6.6600	20		4	
1333	6.6650	19		4	
1334	6.6700	18		4	
1335	6.6750	17		4	
1336	6.6800	16		4	
1337	6.6850	15		4	
1338	6.6900	14		4	
1339	6.6950	12		4	
1340	6.7000	11		4	
1341	6.7050	10		5	
1342	6.7100	8		5	
1343	6.7150	7		5	
1344	6.7200	6		5	
1345	6.7250	4		5	
1346	6.7300	3		5	
1347	6.7350	2		6	
1348	6.7400	0		6	
1349	6.7450	-1		6	
1350	6.7500	-2		6	
1351	6.7550	-3		6	
1352	6.7600	-4		6	
1353	6.7650	-5		6	
1354	6.7700	-6		6	
1355	6.7750	-7		6	
1356	6.7800	-8		6	
1357	6.7850	-8		6	
1358	6.7900	-8		6	
1359	6.7950	-9		6	
1360	6.8000	-9		6	
1361	6.8050	-10		6	
1362	6.8100	-10		6	
1363	6.8150	-10		6	
1364	6.8200	-9		6	
1365	6.8250	-9		6	
1366	6.8300	-8		6	
1367	6.8350	-8		6	
1368	6.8400	-8		6	
1369	6.8450	-7		6	
1370	6.8500	-6		6	
1371	6.8550	-5		6	
1372	6.8600	-4		6	
1373	6.8650	-3		6	
1374	6.8700	-2		6	
1375	6.8750	0		6	
1376	6.8800	1		6	
1377	6.8850	2		6	
1378	6.8900	4		5	
1379	6.8950	5		5	
1380	6.9000	6		5	
1381	6.9050	8		5	
1382	6.9100	9		5	
1383	6.9150	10		4	
1384	6.9200	12		4	
1385	6.9250	13		4	
1386	6.9300	14		4	
1387	6.9350	15		4	
1388	6.9400	16		4	
1389	6.9450	18		4	
1390	6.9500	18		4	
1391	6.9550	19		4	
1392	6.9600	20		4	
1393	6.9650	21		4	
1394	6.9700	22		4	
1395	6.9750	22		3	
1396	6.9800	22		3	
1397	6.9850	22		3	
1398	6.9900	23		3	
1399	6.9950	23		3	
1400	7.0000	23		3	
1401	7.0050	22		3	
1402	7.0100	22		4	
1403	7.0150	22		4	
1404	7.0200	21		4	
1405	7.0250	20		4	
1406	7.0300	20		4	
1407	7.0350	19		4	
1408	7.0400	18		4	
1409	7.0450	17		4	
1410	7.0500	16		4	
1411	7.0550	15		4	
1412	7.0600	14		4	
1413	7.0650	12		4	
1414	7.0700	11		4	
1415	7.0750	10		4	
1416	7.0800	8		5	
1417	7.0850	7		5	
1418	7.0900	6		5	
1419	7.0950	4		5	
1420	7.1000	3		5	
1421	7.1050	2		6	
1422	7.1100	0		6	
1423	7.1150	-1		6	
1424	7.1200	-2		6	
1425	7.1250	-3		6	
1426	7.1300	-4		6	
1427	7.1350	-5		6	
1428	7.1400	-6		6	
1429	7.1450	-7		6	
1430	7.1500	-8		6	
1431	7.1550	-8		6	
1432	7.1600	-8		6	
1433	7.1650	-9		6	
1434	7.1700	-9		6	
1435	7.1750	-10		6	
1436	7.1800	-10		6	
1437	7.1850	-10		6	
1438	7.1900	-9		6	
1439	7.1950	-9		6	
1440	7.2000	-9		6	
1441	7.2050	-8		6	
1442	7.2100	-8		6	
1443	7.2150	-7		6	
1444	7.2200	-6		6	
1445	7.2250	-5		6	
1446	7.2300	-4		6	
1447	7.2350	-3		6	
1448	7.2400	-2		6	
1449	7.2450	0		6	
1450	7.2500	1		6	
1451	7.2550	2		5	
1452	7.2600	4		5	
1453	7.2650	5		5	
1454	7.2700	6		5	
1455	7.2750	8		5	
1456	7.2800	9		4	
1457	7.2850	10		4	
1458	7.2900	12		4	
1459	7.2950	13		4	
1460	7.3000	14		4	
1461	7.3050	15		4	
1462	7.3100	16		4	
1463	7.3150	17		4	
1464	7.3200	18		4	
1465	7.3250	19		4	
1466	7.3300	20		4	
1467	7.3350	21		4	
1468	7.3400	22		3	
1469	7.3450	22		3	
1470	7.3500	22		3	
1471	7.3550	22		3	
1472	7.3600	23		3	
1473	7.3650	23		3	
1474	7.3700	23		3	
1475	7.3750	22		3	
1476	7.3800	22		3	
1477	7.3850	22		4	
1478	7.3900	21		4	
1479	7.3950	21		4	
1480	7.4000	20		4	
1481	7.4050	19		4	
1482	7.4100	18		4	
1483	7.4150	17		4	
1484	7.4200	16		4	
1485	7.4250	15		4	
1486	7.4300	14		4	
1487	7.4350	12		4	
1488	7.4400	11		4	
1489	7.4450	10		4	
1490	7.4500	9		5	
1491	7.4550	7		5	
1492	7.4600	6		5	
1493	7.4650	4		5	
1494	7.4700	3		5	
1495	7.4750	2		6	
1496	7.4800	1		6	
1497	7.4850	0		6	
1498	7.4900	-2		6	
1499	7.4950	-3		6	
1500	7.5000	-4		6	
1501	7.5050	-5		6	
1502	7.5100	-6		6	
1503	7.5150	-7		6	
1504	7.5200	-8		6	
1505	7.5250	-8		6	
1506	7.5300	-8		6	
1507	7.5350	-9		6	
1508	7.5400	-9		6	
1509	7.5450	-10		6	
1510	7.5500	-10		6	
1511	7.5550	-10		6	
1512	7.5600	-9		6	
1513	7.5650	-9		6	
1514	7.5700	-9		6	
1515	7.5750	-8		6	
1516	7.5800	-8		6	
1517	7.5850	-7		6	
1518	7.5900	-6		6	
1519	7.5950	-5		6	
1520	7.6000	-4		6	
1521	7.6050	-3		6	
1522	7.6100	-2		6	
1523	7.6150	0		6	
1524	7.6200	1		6	
1525	7.6250	2		6	
1526	7.6300	3		5	
1527	7.6350	5		5	
1528	7.6400	6		5	
1529	7.6450	7		5	
1530	7.6500	9		5	
1531	7.6550	10		4	
1532	7.6600	12		4	
1533	7.6650	13		4	
1534	7.6700	14		4	
1535	7.6750	15		4	
1536	7.6800	16		4	
1537	7.6850	17		4	
1538	7.6900	18		4	
1539	7.6950	19		4	
1540	7.7000	20		4	
1541	7.7050	21		4	
1542	7.7100	22		4	
1543	7.7150	22		4	
1544	7.7200	22		3	
1545	7.7250	22		3	
1546	7.7300	23		3	
1547	7.7350	23		3	
1548	7.7400	23		3	
1549	7.7450	22		3	
1550	7.7500	22		4	
1551	7.7550	22		4	
1552	7.7600	21		4	
1553	7.7650	21		4	
1554	7.7700	20		4	
1555	7.7750	19		4	
1556	7.7800	18		4	
1557	7.7850	17		4	
1558	7.7900	16		4	
1559	7.7950	15		4	
1560	7.8000	14		4	
1561	7.8050	13		4	
1562	7.8100	11		4	
1563	7.8150	10		4	
1564	7.8200	9		5	
1565	7.8250	8		5	
1566	7.8300	6		5	
1567	7.8350	5		5	
1568	7.8400	3		5	
1569	7.8450	2		6	
1570	7.8500	1		6	
1571	7.8550	0		6	
1572	7.8600	-2		6	
1573	7.8650	-3		6	
1574	7.8700	-4		6	
1575	7.8750	-5		6	
1576	7.8800	-6		6	
1577	7.8850	-6		6	
1578	7.8900	-7		6	
1579	7.8950	-8		6	
1580	7.9000	-8		6	
1581	7.9050	-9		6	
1582	7.9100	-9		6	
1583	7.9150	-10		6	
1584	7.9200	-10		6	
1585	7.9250	-10		6	
1586	7.9300	-9		6	
1587	7.9350	-9		6	
1588	7.9400	-9		6	
1589	7.9450	-8		6	
1590	7.9500	-8		6	
1591	7.9550	-7		6	
1592	7.9600	-6		6	
1593	7.9650	-5		6	
1594	7.9700	-4		6	
1595	7.9750	-3		6	
1596	7.9800	-2		6	
1597	7.9850	-1		6	
1598	7.9900	0		6	
1599	7.9950	2		6	
1600	8.0000	3		5	
1601	8.0050	4		5	
1602	8.0100	6		5	
1603	8.0150	7		5	
1604	8.0200	8		5	
1605	8.0250	10		4	
1606	8.0300	11		4	
1607	8.0350	12		4	
1608	8.0400	14		4	
1609	8.0450	15		4	
1610	8.0500	16		4	
1611	8.0550	17		4	
1612	8.0600	18		4	
1613	8.0650	19		4	
1614	8.0700	20		4	
1615	8.0750	21		4	
1616	8.0800	21		4	
1617	8.0850	22		4	
1618	8.0900	22		4	
1619	8.0950	22		4	
1620	8.1000	23		4	
1621	8.1050	23		4	
1622	8.1100	23		4	
1623	8.1150	22		4	
1624	8.1200	22		4	
1625	8.1250	22		4	
1626	8.1300	21		4	
1627	8.1350	21		4	
1628	8.1400	20		4	
1629	8.1450	19		4	
1630	8.1500	18		4	
1631	8.1550	18		4	
1632	8.1600	16		4	
1633	8.1650	15		4	
1634	8.1700	14		4	
1635	8.1750	13		4	
1636	8.1800	12		4	
1637	8.1850	10		4	
1638	8.1900	9		5	
1639	8.1950	8		5	
1640	8.2000	6		5	
1641	8.2050	5		5	
1642	8.2100	4		5	
1643	8.2150	2		6	
1644	8.2200	1		6	
1645	8.2250	0		6	
1646	8.2300	-2		6	
1647	8.2350	-3		6	
1648	8.2400	-4		6	
1649	8.2450	-5		6	
1650	8.2500	-6		6	
1651	8.2550	-6		6	
1652	8.2600	-7		6	
1653	8.2650	-8		6	
1654	8.2700	-8		6	
1655	8.2750	-9		6	
1656	8.2800	-9		6	
1657	8.2850	-10		6	
1658	8.2900	-10		6	
1659	8.2950	-10		6	
1660	8.3000	-10		6	
1661	8.3050	-9		6	
1662	8.3100	-9		6	
1663	8.3150	-8		6	
1664	8.3200	-8		6	
1665	8.3250	-7		6	
1666	8.3300	-6		6	
1667	8.3350	-5		6	
1668	8.3400	-4		6	
1669	8.3450	-3		6	
1670	8.3500	-2		6	
1671	8.3550	-1		6	
1672	8.3600	0		6	
1673	8.3650	2		6	
1674	8.3700	3		5	
1675	8.3750	4		5	
1676	8.3800	6		5	
1677	8.3850	7		5	
1678	8.3900	8		5	
1679	8.3950	10		4	
1680	8.4000	11		4	
1681	8.4050	12		4	
1682	8.4100	14		4	
1683	8.4150	15		4	
1684	8.4200	16		4	
1685	8.4250	17		4	
1686	8.4300	18		4	
1687	8.4350	19		4	
1688	8.4400	20		4	
1689	8.4450	20		4	
1690	8.4500	21		4	
1691	8.4550	22		4	
1692	8.4600	22		3	
1693	8.4650	22		3	
1694	8.4700	22		3	
1695	8.4750	23		3	
1696	8.4800	23		3	
1697	8.4850	22		3	
1698	8.4900	22		4	
1699	8.4950	22		4	
1700	8.5000	22		4	
1701	8.5050	21		4	
1702	8.5100	20		4	
1703	8.5150	19		4	
1704	8.5200	18		4	
1705	8.5250	18		4	
1706	8.5300	16		4	
1707	8.5350	15		4	
1708	8.5400	14		4	
1709	8.5450	13		4	
1710	8.5500	12		4	
1711	8.5550	10		4	
1712	8.5600	9		5	
1713	8.5650	8		5	
1714	8.5700	6		5	
1715	8.5750	5		5	
1716	8.5800	4		5	
1717	8.5850	2		6	
1718	8.5900	1		6	
1719	8.5950	0		6	
1720	8.6000	-1		6	
1721	8.6050	-2		6	
1722	8.6100	-4		6	
1723	8.6150	-4		6	
1724	8.6200	-6		6	
1725	8.6250	-6		6	
1726	8.6300	-7		6	
1727	8.6350	-8		6	
1728	8.6400	-8		6	
1729	8.6450	-9		6	
1730	8.6500	-9		6	
1731	8.6550	-10		6	
1732	8.6600	-10		6	
1733	8.6650	-10		6	
1734	8.6700	-10		6	
1735	8.6750	-9		6	
1736	8.6800	-9		6	
1737	8.6850	-8		6	
1738	8.6900	-8		6	
1739	8.6950	-7		6	
1740	8.7000	-6		6	
1741	8.7050	-5		6	
1742	8.7100	-4		6	
1743	8.7150	-3		6	
1744	8.7200	-2		6	
1745	8.7250	-1		6	
1746	8.7300	0		6	
1747	8.7350	2		6	
1748	8.7400	3		5	
1749	8.7450	4		5	
1750	8.7500	6		5	
1751	8.7550	7		5	
1752	8.7600	8		5	
1753	8.7650	10		4	
1754	8.7700	11		4	
1755	8.7750	12		4	
1756	8.7800	14		4	
1757	8.7850	14		4	
1758	8.7900	16		4	
1759	8.7950	17		4	
1760	8.8000	18		4	
1761	8.8050	19		4	
1762	8.8100	20		4	
1763	8.8150	20		4	
1764	8.8200	21		4	
1765	8.8250	22		3	
1766	8.8300	22		3	
1767	8.8350	22		3	
1768	8.8400	22		3	
1769	8.8450	23		3	
1770	8.8500	23		3	
1771	8.8550	22		3	
1772	8.8600	22		3	
1773	8.8650	22		4	
1774	8.8700	22		4	
1775	8.8750	21		4	
1776	8.8800	20		4	
1777	8.8850	20		4	
1778	8.8900	19		4	
1779	8.8950	18		4	
1780	8.9000	17		4	
1781	8.9050	16		4	
1782	8.9100	14		4	
1783	8.9150	13		4	
1784	8.9200	12		4	
1785	8.9250	10		4	
1786	8.9300	9		5	
1787	8.9350	8		5	
1788	8.9400	6		5	
1789	8.9450	5		5	
1790	8.9500	4		5	
1791	8.9550	2		6	
1792	8.9600	1		6	
1793	8.9650	0		6	
1794	8.9700	-1		6	
1795	8.9750	-2		6	
1796	8.9800	-4		6	
1797	8.9850	-4		6	
1798	8.9900	-5		6	
1799	8.9950	-6		6	
1800	9.0000	-7		6	
1801	9.0050	-8		6	
1802	9.0100	-8		6	
1803	9.0150	-9		6	
1804	9.0200	-9		6	
1805	9.0250	-9		6	
1806	9.0300	-10		6	
1807	9.0350	-10		6	
1808	9.0400	-10		6	
1809	9.0450	-9		6	
1810	9.0500	-9		6	
1811	9.0550	-8		6	
1812	9.0600	-8		6	
1813	9.0650	-7		6	
1814	9.0700	-6		6	
1815	9.0750	-6		6	
1816	9.0800	-4		6	
1817	9.0850	-4		6	
1818	9.0900	-2		6	
1819	9.0950	-1		6	
1820	9.1000	0		6	
1821	9.1050	2		6	
1822	9.1100	3		5	
1823	9.1150	4		5	
1824	9.1200	5		5	
1825	9.1250	7		5	
1826	9.1300	8		5	
1827	9.1350	10		4	
1828	9.1400	11		4	
1829	9.1450	12		4	
1830	9.1500	13		4	
1831	9.1550	14		4	
1832	9.1600	16		4	
1833	9.1650	17		4	
1834	9.1700	18		4	
1835	9.1750	19		4	
1836	9.1800	20		4	
1837	9.1850	20		4	
1838	9.1900	21		4	
1839	9.1950	22		4	
1840	9.2000	22		3	
1841	9.2050	22		3	
1842	9.2100	22		3	
1843	9.2150	23		3	
1844	9.2200	23		3	
1845	9.2250	22		3	
1846	9.2300	22		4	
1847	9.2350	22		4	
1848	9.2400	22		4	
1849	9.2450	21		4	
1850	9.2500	20		4	
1851	9.2550	20		4	
1852	9.2600	19		4	
1853	9.2650	18		4	
1854	9.2700	17		4	
1855	9.2750	16		4	
1856	9.2800	14		4	
1857	9.2850	13		4	
1858	9.2900	12		4	
1859	9.2950	11		4	
1860	9.3000	10		5	
1861	9.3050	8		5	
1862	9.3100	7		5	
1863	9.3150	5		5	
1864	9.3200	4		5	
1865	9.3250	3		6	
1866	9.3300	1		6	
1867	9.3350	0		6	
1868	9.3400	-1		6	
1869	9.3450	-2		6	
1870	9.3500	-3		6	
1871	9.3550	-4		6	
1872	9.3600	-5		6	
1873	9.3650	-6		6	
1874	9.3700	-7		6	
1875	9.3750	-8		6	
1876	9.3800	-8		6	
1877	9.3850	-9		6	
1878	9.3900	-9		6	
1879	9.3950	-9		6	
1880	9.4000	-10		6	
1881	9.4050	-10		6	
1882	9.4100	-10		6	
1883	9.4150	-9		6	
1884	9.4200	-9		6	
1885	9.4250	-8		6	
1886	9.4300	-8		6	
1887	9.4350	-7		6	
1888	9.4400	-6		6	
1889	9.4450	-6		6	
1890	9.4500	-5		6	
1891	9.4550	-4		6	
1892	9.4600	-2		6	
1893	9.4650	-1		6	
1894	9.4700	0		6	
1895	9.4750	1		6	
1896	9.4800	2		5	
1897	9.4850	4		5	
1898	9.4900	5		5	
1899	9.4950	6		5	
1900	9.5000	8		5	
1901	9.5050	9		5	
1902	9.5100	11		4	
1903	9.5150	12		4	
1904	9.5200	13		4	
1905	9.5250	14		4	
1906	9.5300	16		4	
1907	9.5350	16		4	
1908	9.5400	18		4	
1909	9.5450	18		4	
1910	9.5500	20		4	
1911	9.5550	20		4	
1912	9.5600	21		4	
1913	9.5650	22		4	
1914	9.5700	22		4	
1915	9.5750	22		4	
1916	9.5800	22		3	
1917	9.5850	23		3	
1918	9.5900	23		3	
1919	9.5950	22		3	
1920	9.6000	22		4	
1921	9.6050	22		4	
1922	9.6100	22		4	
1923	9.6150	21		4	
1924	9.6200	20		4	
1925	9.6250	20		4	
1926	9.6300	19		4	
1927	9.6350	18		4	
1928	9.6400	17		4	
1929	9.6450	16		4	
1930	9.6500	14		4	
1931	9.6550	14		4	
1932	9.6600	12		4	
1933	9.6650	11		4	
1934	9.6700	10		5	
1935	9.6750	8		5	
1936	9.6800	7		5	
1937	9.6850	6		5	
1938	9.6900	4		5	
1939	9.6950	3		5	
1940	9.7000	2		6	
1941	9.7050	0		6	
1942	9.7100	-1		6	
1943	9.7150	-2		6	
1944	9.7200	-3		6	
1945	9.7250	-4		6	
1946	9.7300	-5		6	
1947	9.7350	-6		6	
1948	9.7400	-7		6	
1949	9.7450	-8		6	
1950	9.7500	-8		6	
1951	9.7550	-9		6	
1952	9.7600	-9		6	
1953	9.7650	-9		6	
1954	9.7700	-10		6	
1955	9.7750	-10		6	
1956	9.7800	-10		6	
1957	9.7850	-9		6	
1958	9.7900	-9		6	
1959	9.7950	-8		6	
1960	9.8000	-8		6	
1961	9.8050	-7		6	
1962	9.8100	-6		6	
1963	9.8150	-6		6	
1964	9.8200	-5		6	
1965	9.8250	-4		6	
1966	9.8300	-2		6	
1967	9.8350	-2		6	
1968	9.8400	0		6	
1969	9.8450	1		6	
1970	9.8500	2		5	
1971	9.8550	4		5	
1972	9.8600	5		5	
1973	9.8650	6		5	
1974	9.8700	8		5	
1975	9.8750	9		4	
1976	9.8800	10		4	
1977	9.8850	12		4	
1978	9.8900	13		4	
1979	9.8950	14		4	
1980	9.9000	15		4	
1981	9.9050	16		4	
1982	9.9100	18		4	
1983	9.9150	18		4	
1984	9.9200	20		4	
1985	9.9250	20		4	
1986	9.9300	21		3	
1987	9.9350	22		3	
1988	9.9400	22		3	
1989	9.9450	22		3	
1990	9.9500	22		3	
1991	9.9550	23		3	
1992	9.9600	23		3	
1993	9.9650	23		3	
1994	9.9700	22		3	
1995	9.9750	22		3	
1996	9.9800	22		3	
1997	9.9850	21		3	
1998	9.9900	20		4	
1999	9.9950	20		4	
2000	10.0000	19		4	
