#	time(s)	count A	count B	count C	count D
1	0.0050	28		26	
2	0.0100	28		26	
3	0.0150	27		25	
4	0.0200	27		25	
5	0.0250	26		25	
6	0.0300	26		24	
7	0.0350	26		24	
8	0.0400	25		24	
9	0.0450	24		23	
10	0.0500	24		23	
11	0.0550	24		22	
12	0.0600	23		22	
13	0.0650	22		22	
14	0.0700	22		21	
15	0.0750	22		21	
16	0.0800	21		20	
17	0.0850	20		20	
18	0.0900	20		20	
19	0.0950	19		19	
20	0.1000	18		19	
21	0.1050	18		18	
22	0.1100	18		18	
23	0.1150	17		17	
24	0.1200	16		17	
25	0.1250	16		16	
26	0.1300	15		16	
27	0.1350	14		15	
28	0.1400	14		15	
29	0.1450	13		14	
30	0.1500	12		14	
31	0.1550	12		13	
32	0.1600	11		13	
33	0.1650	10		12	
34	0.1700	10		12	
35	0.1750	9		11	
36	0.1800	9		11	
37	0.1850	8		10	
38	0.1900	8		10	
39	0.1950	7		9	
40	0.2000	6		9	
41	0.2050	6		8	
42	0.2100	5		8	
43	0.2150	4		7	
44	0.2200	4		6	
45	0.2250	3		6	
46	0.2300	2		5	
47	0.2350	2		5	
48	0.2400	1		4	
49	0.2450	0		4	
50	0.2500	0		3	
51	0.2550	-1		3	
52	0.2600	-2		2	
53	0.2650	-2		2	
54	0.2700	-3		1	
55	0.2750	-4		0	
56	0.2800	-4		0	
57	0.2850	-5		-1	
58	0.2900	-6		-1	
59	0.2950	-6		-2	
60	0.3000	-6		-2	
61	0.3050	-8		-3	
62	0.3100	-8		-4	
63	0.3150	-8		-4	
64	0.3200	-9		-5	
65	0.3250	-10		-5	
66	0.3300	-10		-6	
67	0.3350	-11		-6	
68	0.3400	-12		-7	
69	0.3450	-12		-7	
70	0.3500	-12		-8	
71	0.3550	-13		-8	
72	0.3600	-14		-9	
73	0.3650	-14		-9	
74	0.3700	-15		-10	
75	0.3750	-16		-10	
76	0.3800	-16		-11	
77	0.3850	-16		-11	
78	0.3900	-17		-12	
79	0.3950	-18		-12	
80	0.4000	-18		-13	
81	0.4050	-18		-13	
82	0.4100	-19		-14	
83	0.4150	-20		-14	
84	0.4200	-20		-15	
85	0.4250	-20		-15	
86	0.4300	-20		-16	
87	0.4350	-21		-16	
88	0.4400	-22		-16	
89	0.4450	-22		-17	
90	0.4500	-22		-17	
91	0.4550	-22		-18	
92	0.4600	-23		-18	
93	0.4650	-24		-18	
94	0.4700	-24		-19	
95	0.4750	-24		-19	
96	0.4800	-24		-19	
97	0.4850	-25		-20	
98	0.4900	-25		-20	
99	0.4950	-25		-20	
100	0.5000	-26		-21	
101	0.5050	-26		-21	
102	0.5100	-26		-21	
103	0.5150	-26		-22	
104	0.5200	-26		-22	
105	0.5250	-27		-22	
106	0.5300	-27		-22	
107	0.5350	-27		-23	
108	0.5400	-28		-23	
109	0.5450	-28		-23	
110	0.5500	-28		-23	
111	0.5550	-28		-24	
112	0.5600	-28		-24	
113	0.5650	-28		-24	
114	0.5700	-28		-24	
115	0.5750	-28		-24	
116	0.5800	-28		-24	
117	0.5850	-28		-24	
118	0.5900	-28		-25	
119	0.5950	-28		-25	
120	0.6000	-28		-25	
121	0.6050	-28		-25	
122	0.6100	-28		-25	
123	0.6150	-28		-25	
124	0.6200	-28		-25	
125	0.6250	-28		-25	
126	0.6300	-28		-25	
127	0.6350	-28		-25	
128	0.6400	-28		-25	
129	0.6450	-28		-25	
130	0.6500	-28		-25	
131	0.6550	-28		-25	
132	0.6600	-28		-25	
133	0.6650	-27		-25	
134	0.6700	-27		-25	
135	0.6750	-27		-25	
136	0.6800	-26		-25	
137	0.6850	-26		-25	
138	0.6900	-26		-25	
139	0.6950	-26		-24	
140	0.7000	-26		-24	
141	0.7050	-25		-24	
142	0.7100	-25		-24	
143	0.7150	-24		-24	
144	0.7200	-24		-24	
145	0.7250	-24		-24	
146	0.7300	-24		-23	
147	0.7350	-23		-23	
148	0.7400	-23		-23	
149	0.7450	-22		-22	
150	0.7500	-22		-22	
151	0.7550	-22		-22	
152	0.7600	-21		-22	
153	0.7650	-21		-22	
154	0.7700	-20		-21	
155	0.7750	-20		-21	
156	0.7800	-20		-21	
157	0.7850	-19		-20	
158	0.7900	-18		-20	
159	0.7950	-18		-20	
160	0.8000	-18		-19	
161	0.8050	-17		-19	
162	0.8100	-16		-19	
163	0.8150	-16		-18	
164	0.8200	-16		-18	
165	0.8250	-15		-18	
166	0.8300	-14		-17	
167	0.8350	-14		-17	
168	0.8400	-13		-16	
169	0.8450	-12		-16	
170	0.8500	-12		-16	
171	0.8550	-12		-15	
172	0.8600	-11		-15	
173	0.8650	-10		-14	
174	0.8700	-10		-14	
175	0.8750	-9		-13	
176	0.8800	-8		-13	
177	0.8850	-8		-12	
178	0.8900	-7		-12	
179	0.8950	-6		-12	
180	0.9000	-6		-11	
181	0.9050	-5		-10	
182	0.9100	-4		-10	
183	0.9150	-4		-10	
184	0.9200	-3		-9	
185	0.9250	-2		-8	
186	0.9300	-2		-8	
187	0.9350	-1		-8	
188	0.9400	0		-7	
189	0.9450	0		-6	
190	0.9500	1		-6	
191	0.9550	2		-6	
192	0.9600	2		-5	
193	0.9650	3		-4	
194	0.9700	4		-4	
195	0.9750	4		-3	
196	0.9800	5		-3	
197	0.9850	6		-2	
198	0.9900	6		-2	
199	0.9950	7		-1	
200	1.0000	8		-1	
201	1.0050	8		0	
202	1.0100	9		0	
203	1.0150	10		1	
204	1.0200	10		2	
205	1.0250	11		2	
206	1.0300	12		3	
207	1.0350	12		3	
208	1.0400	13		4	
209	1.0450	14		4	
210	1.0500	14		5	
211	1.0550	15		5	
212	1.0600	16		6	
213	1.0650	16		6	
214	1.0700	17		7	
215	1.0750	18		8	
216	1.0800	18		8	
217	1.0850	18		9	
218	1.0900	19		9	
219	1.0950	20		10	
220	1.1000	20		10	
221	1.1050	21		11	
222	1.1100	22		11	
223	1.1150	22		12	
224	1.1200	22		12	
225	1.1250	23		13	
226	1.1300	24		14	
227	1.1350	24		14	
228	1.1400	24		14	
229	1.1450	25		15	
230	1.1500	26		16	
231	1.1550	26		16	
232	1.1600	26		16	
233	1.1650	27		17	
234	1.1700	27		18	
235	1.1750	28		18	
236	1.1800	28		18	
237	1.1850	28		19	
238	1.1900	29		19	
239	1.1950	30		20	
240	1.2000	30		20	
241	1.2050	30		21	
242	1.2100	30		21	
243	1.2150	31		21	
244	1.2200	31		22	
245	1.2250	32		22	
246	1.2300	32		23	
247	1.2350	32		23	
248	1.2400	32		23	
249	1.2450	32		24	
250	1.2500	33		24	
251	1.2550	33		24	
252	1.2600	34		25	
253	1.2650	34		25	
254	1.2700	34		26	
255	1.2750	34		26	
256	1.2800	34		26	
257	1.2850	34		26	
258	1.2900	34		27	
259	1.2950	35		27	
260	1.3000	35		27	
261	1.3050	35		27	
262	1.3100	35		28	
263	1.3150	35		28	
264	1.3200	36		28	
265	1.3250	36		28	
266	1.3300	36		28	
267	1.3350	36		29	
268	1.3400	36		29	
269	1.3450	36		29	
270	1.3500	36		29	
271	1.3550	36		29	
272	1.3600	36		29	
273	1.3650	36		29	
274	1.3700	36		30	
275	1.3750	36		30	
276	1.3800	36		30	
277	1.3850	36		30	
278	1.3900	36		30	
279	1.3950	36		30	
280	1.4000	36		30	
281	1.4050	35		30	
282	1.4100	35		30	
283	1.4150	35		30	
284	1.4200	35		30	
285	1.4250	34		30	
286	1.4300	34		30	
287	1.4350	34		30	
288	1.4400	34		29	
289	1.4450	34		29	
290	1.4500	34		29	
291	1.4550	33		29	
292	1.4600	33		29	
293	1.4650	33		29	
294	1.4700	32		29	
295	1.4750	32		28	
296	1.4800	32		28	
297	1.4850	32		28	
298	1.4900	31		28	
299	1.4950	31		28	
300	1.5000	30		27	
301	1.5050	30		27	
302	1.5100	30		27	
303	1.5150	29		27	
304	1.5200	29		26	
305	1.5250	28		26	
306	1.5300	28		26	
307	1.5350	28		26	
308	1.5400	27		25	
309	1.5450	27		25	
310	1.5500	26		25	
311	1.5550	26		24	
312	1.5600	26		24	
313	1.5650	25		24	
314	1.5700	24		23	
315	1.5750	24		23	
316	1.5800	24		22	
317	1.5850	23		22	
318	1.5900	22		22	
319	1.5950	22		21	
320	1.6000	22		21	
321	1.6050	21		20	
322	1.6100	20		20	
323	1.6150	20		20	
324	1.6200	19		19	
325	1.6250	18		19	
326	1.6300	18		18	
327	1.6350	18		18	
328	1.6400	17		17	
329	1.6450	16		17	
330	1.6500	16		16	
331	1.6550	15		16	
332	1.6600	14		15	
333	1.6650	14		15	
334	1.6700	13		14	
335	1.6750	12		14	
336	1.6800	12		13	
337	1.6850	11		13	
338	1.6900	10		12	
339	1.6950	10		12	
340	1.7000	10		11	
341	1.7050	8		11	
342	1.7100	8		10	
343	1.7150	8		10	
344	1.7200	7		9	
345	1.7250	6		8	
346	1.7300	6		8	
347	1.7350	5		7	
348	1.7400	4		7	
349	1.7450	4		6	
350	1.7500	3		6	
351	1.7550	2		5	
352	1.7600	2		5	
353	1.7650	1		4	
354	1.7700	0		4	
355	1.7750	0		3	
356	1.7800	-1		2	
357	1.7850	-2		2	
358	1.7900	-2		1	
359	1.7950	-3		1	
360	1.8000	-4		0	
361	1.8050	-4		0	
362	1.8100	-5		-1	
363	1.8150	-6		-2	
364	1.8200	-6		-2	
365	1.8250	-7		-3	
366	1.8300	-8		-3	
367	1.8350	-8		-4	
368	1.8400	-8		-4	
369	1.8450	-9		-5	
370	1.8500	-10		-5	
371	1.8550	-10		-6	
372	1.8600	-11		-6	
373	1.8650	-12		-7	
374	1.8700	-12		-7	
375	1.8750	-13		-8	
376	1.8800	-13		-8	
377	1.8850	-14		-9	
378	1.8900	-14		-9	
379	1.8950	-15		-10	
380	1.9000	-16		-10	
381	1.9050	-16		-11	
382	1.9100	-16		-11	
383	1.9150	-17		-12	
384	1.9200	-18		-12	
385	1.9250	-18		-13	
386	1.9300	-18		-13	
387	1.9350	-19		-14	
388	1.9400	-20		-14	
389	1.9450	-20		-15	
390	1.9500	-20		-15	
391	1.9550	-20		-16	
392	1.9600	-21		-16	
393	1.9650	-22		-16	
394	1.9700	-22		-17	
395	1.9750	-22		-17	
396	1.9800	-22		-18	
397	1.9850	-23		-18	
398	1.9900	-24		-18	
399	1.9950	-24		-19	
400	2.0000	-24		-19	
401	2.0050	-24		-19	
402	2.0100	-25		-20	
403	2.0150	-25		-20	
404	2.0200	-26		-20	
405	2.0250	-26		-21	
406	2.0300	-26		-21	
407	2.0350	-26		-21	
408	2.0400	-26		-22	
409	2.0450	-26		-22	
410	2.0500	-27		-22	
411	2.0550	-27		-22	
412	2.0600	-27		-22	
413	2.0650	-28		-23	
414	2.0700	-28		-23	
415	2.0750	-28		-23	
416	2.0800	-28		-23	
417	2.0850	-28		-24	
418	2.0900	-28		-24	
419	2.0950	-28		-24	
420	2.1000	-28		-24	
421	2.1050	-28		-24	
422	2.1100	-28		-24	
423	2.1150	-28		-24	
424	2.1200	-28		-24	
425	2.1250	-28		-25	
426	2.1300	-28		-25	
427	2.1350	-28		-25	
428	2.1400	-28		-25	
429	2.1450	-28		-25	
430	2.1500	-28		-25	
431	2.1550	-28		-25	
432	2.1600	-28		-25	
433	2.1650	-28		-25	
434	2.1700	-28		-25	
435	2.1750	-28		-25	
436	2.1800	-28		-25	
437	2.1850	-28		-25	
438	2.1900	-27		-25	
439	2.1950	-27		-25	
440	2.2000	-27		-25	
441	2.2050	-26		-25	
442	2.2100	-26		-24	
443	2.2150	-26		-24	
444	2.2200	-26		-24	
445	2.2250	-26		-24	
446	2.2300	-25		-24	
447	2.2350	-25		-24	
448	2.2400	-24		-24	
449	2.2450	-24		-24	
450	2.2500	-24		-23	
451	2.2550	-24		-23	
452	2.2600	-24		-23	
453	2.2650	-23		-23	
454	2.2700	-22		-22	
455	2.2750	-22		-22	
456	2.2800	-22		-22	
457	2.2850	-21		-22	
458	2.2900	-21		-21	
459	2.2950	-20		-21	
460	2.3000	-20		-21	
461	2.3050	-20		-20	
462	2.3100	-19		-20	
463	2.3150	-18		-20	
464	2.3200	-18		-20	
465	2.3250	-18		-19	
466	2.3300	-17		-19	
467	2.3350	-16		-18	
468	2.3400	-16		-18	
469	2.3450	-16		-18	
470	2.3500	-15		-17	
471	2.3550	-14		-17	
472	2.3600	-14		-17	
473	2.3650	-13		-16	
474	2.3700	-12		-16	
475	2.3750	-12		-15	
476	2.3800	-12		-15	
477	2.3850	-11		-15	
478	2.3900	-10		-14	
479	2.3950	-10		-14	
480	2.4000	-9		-13	
481	2.4050	-8		-13	
482	2.4100	-8		-12	
483	2.4150	-7		-12	
484	2.4200	-6		-11	
485	2.4250	-6		-11	
486	2.4300	-5		-10	
487	2.4350	-4		-10	
488	2.4400	-4		-10	
489	2.4450	-3		-9	
490	2.4500	-2		-8	
491	2.4550	-2		-8	
492	2.4600	-1		-8	
493	2.4650	0		-7	
494	2.4700	0		-6	
495	2.4750	1		-6	
496	2.4800	2		-6	
497	2.4850	2		-5	
498	2.4900	3		-4	
499	2.4950	4		-4	
500	2.5000	4		-4	
501	2.5050	5		-3	
502	2.5100	6		-2	
503	2.5150	6		-2	
504	2.5200	7		-1	
505	2.5250	8		-1	
506	2.5300	8		0	
507	2.5350	9		0	
508	2.5400	10		1	
509	2.5450	10		2	
510	2.5500	11		2	
511	2.5550	12		2	
512	2.5600	12		3	
513	2.5650	13		4	
514	2.5700	14		4	
515	2.5750	14		5	
516	2.5800	15		5	
517	2.5850	16		6	
518	2.5900	16		6	
519	2.5950	17		7	
520	2.6000	17		7	
521	2.6050	18		8	
522	2.6100	18		8	
523	2.6150	19		9	
524	2.6200	20		10	
525	2.6250	20		10	
526	2.6300	21		11	
527	2.6350	22		11	
528	2.6400	22		12	
529	2.6450	22		12	
530	2.6500	23		13	
531	2.6550	24		13	
532	2.6600	24		14	
533	2.6650	24		14	
534	2.6700	25		15	
535	2.6750	26		15	
536	2.6800	26		16	
537	2.6850	26		16	
538	2.6900	27		17	
539	2.6950	27		17	
540	2.7000	28		18	
541	2.7050	28		18	
542	2.7100	28		19	
543	2.7150	29		19	
544	2.7200	30		20	
545	2.7250	30		20	
546	2.7300	30		20	
547	2.7350	30		21	
548	2.7400	31		21	
549	2.7450	31		22	
550	2.7500	32		22	
551	2.7550	32		22	
552	2.7600	32		23	
553	2.7650	32		23	
554	2.7700	32		24	
555	2.7750	33		24	
556	2.7800	33		24	
557	2.7850	34		25	
558	2.7900	34		25	
559	2.7950	34		25	
560	2.8000	34		26	
561	2.8050	34		26	
562	2.8100	34		26	
563	2.8150	34		26	
564	2.8200	35		27	
565	2.8250	35		27	
566	2.8300	35		27	
567	2.8350	35		28	
568	2.8400	35		28	
569	2.8450	36		28	
570	2.8500	36		28	
571	2.8550	36		28	
572	2.8600	36		28	
573	2.8650	36		29	
574	2.8700	36		29	
575	2.8750	36		29	
576	2.8800	36		29	
577	2.8850	36		29	
578	2.8900	36		29	
579	2.8950	36		29	
580	2.9000	36		30	
581	2.9050	36		30	
582	2.9100	36		30	
583	2.9150	36		30	
584	2.9200	36		30	
585	2.9250	36		30	
586	2.9300	35		30	
587	2.9350	35		30	
588	2.9400	35		30	
589	2.9450	35		30	
590	2.9500	34		30	
591	2.9550	34		30	
592	2.9600	34		30	
593	2.9650	34		29	
594	2.9700	34		29	
595	2.9750	34		29	
596	2.9800	33		29	
597	2.9850	33		29	
598	2.9900	33		29	
599	2.9950	32		29	
600	3.0000	32		28	
601	3.0050	32		28	
602	3.0100	32		28	
603	3.0150	31		28	
604	3.0200	31		28	
605	3.0250	30		27	
606	3.0300	30		27	
607	3.0350	30		27	
608	3.0400	30		27	
609	3.0450	29		26	
610	3.0500	28		26	
611	3.0550	28		26	
612	3.0600	28		26	
613	3.0650	27		25	
614	3.0700	27		25	
615	3.0750	26		25	
616	3.0800	26		24	
617	3.0850	26		24	
618	3.0900	25		24	
619	3.0950	24		23	
620	3.1000	24		23	
621	3.1050	24		22	
622	3.1100	23		22	
623	3.1150	22		22	
624	3.1200	22		21	
625	3.1250	22		21	
626	3.1300	21		20	
627	3.1350	20		20	
628	3.1400	20		20	
629	3.1450	19		19	
630	3.1500	18		19	
631	3.1550	18		18	
632	3.1600	18		18	
633	3.1650	17		17	
634	3.1700	16		17	
635	3.1750	16		16	
636	3.1800	15		16	
637	3.1850	14		15	
638	3.1900	14		15	
639	3.1950	13		14	
640	3.2000	12		14	
641	3.2050	12		13	
642	3.2100	11		13	
643	3.2150	10		12	
644	3.2200	10		12	
645	3.2250	9		11	
646	3.2300	8		11	
647	3.2350	8		10	
648	3.2400	8		10	
649	3.2450	7		9	
650	3.2500	6		9	
651	3.2550	6		8	
652	3.2600	5		8	
653	3.2650	4		7	
654	3.2700	4		6	
655	3.2750	3		6	
656	3.2800	2		5	
657	3.2850	2		5	
658	3.2900	1		4	
659	3.2950	0		4	
660	3.3000	0		3	
661	3.3050	-1		3	
662	3.3100	-2		2	
663	3.3150	-2		2	
664	3.3200	-3		1	
665	3.3250	-4		0	
666	3.3300	-4		0	
667	3.3350	-5		-1	
668	3.3400	-6		-1	
669	3.3450	-6		-2	
670	3.3500	-6		-2	
671	3.3550	-7		-3	
672	3.3600	-8		-4	
673	3.3650	-8		-4	
674	3.3700	-9		-5	
675	3.3750	-10		-5	
676	3.3800	-10		-6	
677	3.3850	-11		-6	
678	3.3900	-12		-7	
679	3.3950	-12		-7	
680	3.4000	-12		-8	
681	3.4050	-13		-8	
682	3.4100	-14		-9	
683	3.4150	-14		-9	
684	3.4200	-15		-10	
685	3.4250	-16		-10	
686	3.4300	-16		-11	
687	3.4350	-16		-11	
688	3.4400	-17		-12	
689	3.4450	-18		-12	
690	3.4500	-18		-13	
691	3.4550	-18		-13	
692	3.4600	-19		-14	
693	3.4650	-19		-14	
694	3.4700	-20		-15	
695	3.4750	-20		-15	
696	3.4800	-20		-15	
697	3.4850	-21		-16	
698	3.4900	-22		-16	
699	3.4950	-22		-17	
700	3.5000	-22		-17	
701	3.5050	-22		-18	
702	3.5100	-23		-18	
703	3.5150	-24		-18	
704	3.5200	-24		-19	
705	3.5250	-24		-19	
706	3.5300	-24		-19	
707	3.5350	-25		-20	
708	3.5400	-25		-20	
709	3.5450	-25		-20	
710	3.5500	-26		-21	
711	3.5550	-26		-21	
712	3.5600	-26		-21	
713	3.5650	-26		-22	
714	3.5700	-26		-22	
715	3.5750	-27		-22	
716	3.5800	-27		-22	
717	3.5850	-27		-23	
718	3.5900	-28		-23	
719	3.5950	-28		-23	
720	3.6000	-28		-23	
721	3.6050	-28		-24	
722	3.6100	-28		-24	
723	3.6150	-28		-24	
724	3.6200	-28		-24	
725	3.6250	-28		-24	
726	3.6300	-28		-24	
727	3.6350	-28		-24	
728	3.6400	-28		-25	
729	3.6450	-28		-25	
730	3.6500	-28		-25	
731	3.6550	-28		-25	
732	3.6600	-28		-25	
733	3.6650	-28		-25	
734	3.6700	-28		-25	
735	3.6750	-28		-25	
736	3.6800	-28		-25	
737	3.6850	-28		-25	
738	3.6900	-28		-25	
739	3.6950	-28		-25	
740	3.7000	-28		-25	
741	3.7050	-28		-25	
742	3.7100	-28		-25	
743	3.7150	-27		-25	
744	3.7200	-27		-25	
745	3.7250	-27		-25	
746	3.7300	-26		-25	
747	3.7350	-26		-25	
748	3.7400	-26		-24	
749	3.7450	-26		-24	
750	3.7500	-26		-24	
751	3.7550	-25		-24	
752	3.7600	-25		-24	
753	3.7650	-24		-24	
754	3.7700	-24		-24	
755	3.7750	-24		-23	
756	3.7800	-24		-23	
757	3.7850	-23		-23	
758	3.7900	-23		-23	
759	3.7950	-22		-22	
760	3.8000	-22		-22	
761	3.8050	-22		-22	
762	3.8100	-21		-22	
763	3.8150	-21		-22	
764	3.8200	-20		-21	
765	3.8250	-20		-21	
766	3.8300	-20		-20	
767	3.8350	-19		-20	
768	3.8400	-18		-20	
769	3.8450	-18		-20	
770	3.8500	-18		-19	
771	3.8550	-17		-19	
772	3.8600	-16		-19	
773	3.8650	-16		-18	
774	3.8700	-16		-18	
775	3.8750	-15		-18	
776	3.8800	-14		-17	
777	3.8850	-14		-17	
778	3.8900	-13		-16	
779	3.8950	-13		-16	
780	3.9000	-12		-16	
781	3.9050	-12		-15	
782	3.9100	-11		-15	
783	3.9150	-10		-14	
784	3.9200	-10		-14	
785	3.9250	-9		-13	
786	3.9300	-8		-13	
787	3.9350	-8		-12	
788	3.9400	-7		-12	
789	3.9450	-6		-12	
790	3.9500	-6		-11	
791	3.9550	-5		-10	
792	3.9600	-4		-10	
793	3.9650	-4		-10	
794	3.9700	-3		-9	
795	3.9750	-2		-9	
796	3.9800	-2		-8	
797	3.9850	-1		-8	
798	3.9900	0		-7	
799	3.9950	0		-6	
800	4.0000	1		-6	
801	4.0050	2		-6	
802	4.0100	2		-5	
803	4.0150	3		-4	
804	4.0200	4		-4	
805	4.0250	4		-3	
806	4.0300	5		-3	
807	4.0350	6		-2	
808	4.0400	6		-2	
809	4.0450	7		-1	
810	4.0500	8		-1	
811	4.0550	8		0	
812	4.0600	9		0	
813	4.0650	10		1	
814	4.0700	10		2	
815	4.0750	11		2	
816	4.0800	12		3	
817	4.0850	12		3	
818	4.0900	13		4	
819	4.0950	14		4	
820	4.1000	14		5	
821	4.1050	15		5	
822	4.1100	16		6	
823	4.1150	16		6	
824	4.1200	17		7	
825	4.1250	17		8	
826	4.1300	18		8	
827	4.1350	18		9	
828	4.1400	19		9	
829	4.1450	20		10	
830	4.1500	20		10	
831	4.1550	21		11	
832	4.1600	22		11	
833	4.1650	22		12	
834	4.1700	22		12	
835	4.1750	23		13	
836	4.1800	24		13	
837	4.1850	24		14	
838	4.1900	24		14	
839	4.1950	25		15	
840	4.2000	26		15	
841	4.2050	26		16	
842	4.2100	26		16	
843	4.2150	27		17	
844	4.2200	27		17	
845	4.2250	28		18	
846	4.2300	28		18	
847	4.2350	28		19	
848	4.2400	29		19	
849	4.2450	30		20	
850	4.2500	30		20	
851	4.2550	30		20	
852	4.2600	30		21	
853	4.2650	31		21	
854	4.2700	31		22	
855	4.2750	32		22	
856	4.2800	32		22	
857	4.2850	32		23	
858	4.2900	32		23	
859	4.2950	32		24	
860	4.3000	33		24	
861	4.3050	33		24	
862	4.3100	34		25	
863	4.3150	34		25	
864	4.3200	34		25	
865	4.3250	34		26	
866	4.3300	34		26	
867	4.3350	34		26	
868	4.3400	34		27	
869	4.3450	35		27	
870	4.3500	35		27	
871	4.3550	35		27	
872	4.3600	35		28	
873	4.3650	35		28	
874	4.3700	36		28	
875	4.3750	36		28	
876	4.3800	36		28	
877	4.3850	36		29	
878	4.3900	36		29	
879	4.3950	36		29	
880	4.4000	36		29	
881	4.4050	36		29	
882	4.4100	36		29	
883	4.4150	36		29	
884	4.4200	36		30	
885	4.4250	36		30	
886	4.4300	36		30	
887	4.4350	36		30	
888	4.4400	36		30	
889	4.4450	36		30	
890	4.4500	36		30	
891	4.4550	35		30	
892	4.4600	35		30	
893	4.4650	35		30	
894	4.4700	35		30	
895	4.4750	34		30	
896	4.4800	34		30	
897	4.4850	34		30	
898	4.4900	34		30	
899	4.4950	34		29	
900	4.5000	34		29	
901	4.5050	33		29	
902	4.5100	33		29	
903	4.5150	33		29	
904	4.5200	32		29	
905	4.5250	32		29	
906	4.5300	32		28	
907	4.5350	32		28	
908	4.5400	31		28	
909	4.5450	31		28	
910	4.5500	30		28	
911	4.5550	30		27	
912	4.5600	30		27	
913	4.5650	30		27	
914	4.5700	29		26	
915	4.5750	28		26	
916	4.5800	28		26	
917	4.5850	28		26	
918	4.5900	28		25	
919	4.5950	27		25	
920	4.6000	26		25	
921	4.6050	26		24	
922	4.6100	26		24	
923	4.6150	25		24	
924	4.6200	24		23	
925	4.6250	24		23	
926	4.6300	24		22	
927	4.6350	23		22	
928	4.6400	22		22	
929	4.6450	22		21	
930	4.6500	22		21	
931	4.6550	21		20	
932	4.6600	20		20	
933	4.6650	20		20	
934	4.6700	19		19	
935	4.6750	19		19	
936	4.6800	18		18	
937	4.6850	18		18	
938	4.6900	17		17	
939	4.6950	16		17	
940	4.7000	16		16	
941	4.7050	15		16	
942	4.7100	14		16	
943	4.7150	14		15	
944	4.7200	13		14	
945	4.7250	12		14	
946	4.7300	12		14	
947	4.7350	11		13	
948	4.7400	10		12	
949	4.7450	10		12	
950	4.7500	10		11	
951	4.7550	9		11	
952	4.7600	8		10	
953	4.7650	8		10	
954	4.7700	7		9	
955	4.7750	6		9	
956	4.7800	6		8	
957	4.7850	5		8	
958	4.7900	4		7	
959	4.7950	4		7	
960	4.8000	3		6	
961	4.8050	2		6	
962	4.8100	2		5	
963	4.8150	1		4	
964	4.8200	0		4	
965	4.8250	0		3	
966	4.8300	-1		3	
967	4.8350	-2		2	
968	4.8400	-2		2	
969	4.8450	-3		1	
970	4.8500	-4		0	
971	4.8550	-4		0	
972	4.8600	-5		-1	
973	4.8650	-6		-1	
974	4.8700	-6		-2	
975	4.8750	-6		-2	
976	4.8800	-7		-3	
977	4.8850	-8		-3	
978	4.8900	-8		-4	
979	4.8950	-9		-4	
980	4.9000	-10		-5	
981	4.9050	-10		-6	
982	4.9100	-11		-6	
983	4.9150	-12		-7	
984	4.9200	-12		-7	
985	4.9250	-12		-8	
986	4.9300	-13		-8	
987	4.9350	-14		-9	
988	4.9400	-14		-9	
989	4.9450	-15		-10	
990	4.9500	-15		-10	
991	4.9550	-16		-11	
992	4.9600	-16		-11	
993	4.9650	-17		-12	
994	4.9700	-18		-12	
995	4.9750	-18		-13	
996	4.9800	-18		-13	
997	4.9850	-19		-14	
998	4.9900	-19		-14	
999	4.9950	-20		-14	
1000	5.0000	-20		-15	
1001	5.0050	-20		-15	
1002	5.0100	-21		-16	
1003	5.0150	-22		-16	
1004	5.0200	-22		-17	
1005	5.0250	-22		-17	
1006	5.0300	-22		-17	
1007	5.0350	-23		-18	
1008	5.0400	-24		-18	
1009	5.0450	-24		-18	
1010	5.0500	-24		-19	
1011	5.0550	-24		-19	
1012	5.0600	-25		-20	
1013	5.0650	-25		-20	
1014	5.0700	-25		-20	
1015	5.0750	-26		-20	
1016	5.0800	-26		-21	
1017	5.0850	-26		-21	
1018	5.0900	-26		-21	
1019	5.0950	-26		-22	
1020	5.1000	-27		-22	
1021	5.1050	-27		-22	
1022	5.1100	-27		-22	
1023	5.1150	-28		-23	
1024	5.1200	-28		-23	
1025	5.1250	-28		-23	
1026	5.1300	-28		-23	
1027	5.1350	-28		-24	
1028	5.1400	-28		-24	
1029	5.1450	-28		-24	
1030	5.1500	-28		-24	
1031	5.1550	-28		-24	
1032	5.1600	-28		-24	
1033	5.1650	-28		-24	
1034	5.1700	-28		-25	
1035	5.1750	-28		-25	
1036	5.1800	-28		-25	
1037	5.1850	-28		-25	
1038	5.1900	-28		-25	
1039	5.1950	-28		-25	
1040	5.2000	-28		-25	
1041	5.2050	-28		-25	
1042	5.2100	-28		-25	
1043	5.2150	-28		-25	
1044	5.2200	-28		-25	
1045	5.2250	-28		-25	
1046	5.2300	-28		-25	
1047	5.2350	-28		-25	
1048	5.2400	-27		-25	
1049	5.2450	-27		-25	
1050	5.2500	-27		-25	
1051	5.2550	-26		-25	
1052	5.2600	-26		-25	
1053	5.2650	-26		-24	
1054	5.2700	-26		-24	
1055	5.2750	-26		-24	
1056	5.2800	-25		-24	
1057	5.2850	-25		-24	
1058	5.2900	-25		-24	
1059	5.2950	-24		-24	
1060	5.3000	-24		-23	
1061	5.3050	-24		-23	
1062	5.3100	-24		-23	
1063	5.3150	-23		-23	
1064	5.3200	-22		-22	
1065	5.3250	-22		-22	
1066	5.3300	-22		-22	
1067	5.3350	-22		-22	
1068	5.3400	-21		-22	
1069	5.3450	-20		-21	
1070	5.3500	-20		-21	
1071	5.3550	-20		-21	
1072	5.3600	-19		-20	
1073	5.3650	-18		-20	
1074	5.3700	-18		-20	
1075	5.3750	-18		-19	
1076	5.3800	-17		-19	
1077	5.3850	-17		-19	
1078	5.3900	-16		-18	
1079	5.3950	-16		-18	
1080	5.4000	-15		-18	
1081	5.4050	-14		-17	
1082	5.4100	-14		-17	
1083	5.4150	-13		-16	
1084	5.4200	-13		-16	
1085	5.4250	-12		-16	
1086	5.4300	-12		-15	
1087	5.4350	-11		-15	
1088	5.4400	-10		-14	
1089	5.4450	-10		-14	
1090	5.4500	-9		-13	
1091	5.4550	-8		-13	
1092	5.4600	-8		-12	
1093	5.4650	-7		-12	
1094	5.4700	-6		-12	
1095	5.4750	-6		-11	
1096	5.4800	-5		-11	
1097	5.4850	-4		-10	
1098	5.4900	-4		-10	
1099	5.4950	-3		-9	
1100	5.5000	-2		-9	
1101	5.5050	-2		-8	
1102	5.5100	-1		-8	
1103	5.5150	0		-7	
1104	5.5200	0		-7	
1105	5.5250	1		-6	
1106	5.5300	2		-6	
1107	5.5350	2		-5	
1108	5.5400	3		-5	
1109	5.5450	4		-4	
1110	5.5500	4		-4	
1111	5.5550	5		-3	
1112	5.5600	6		-2	
1113	5.5650	6		-2	
1114	5.5700	7		-1	
1115	5.5750	8		-1	
1116	5.5800	8		0	
1117	5.5850	9		0	
1118	5.5900	10		1	
1119	5.5950	10		1	
1120	5.6000	11		2	
1121	5.6050	12		2	
1122	5.6100	12		3	
1123	5.6150	13		4	
1124	5.6200	14		4	
1125	5.6250	14		5	
1126	5.6300	15		5	
1127	5.6350	16		6	
1128	5.6400	16		6	
1129	5.6450	17		7	
1130	5.6500	17		7	
1131	5.6550	18		8	
1132	5.6600	18		8	
1133	5.6650	19		9	
1134	5.6700	20		10	
1135	5.6750	20		10	
1136	5.6800	21		11	
1137	5.6850	22		11	
1138	5.6900	22		12	
1139	5.6950	22		12	
1140	5.7000	23		13	
1141	5.7050	24		13	
1142	5.7100	24		14	
1143	5.7150	24		14	
1144	5.7200	25		15	
1145	5.7250	26		15	
1146	5.7300	26		16	
1147	5.7350	26		16	
1148	5.7400	27		17	
1149	5.7450	27		17	
1150	5.7500	28		18	
1151	5.7550	28		18	
1152	5.7600	28		19	
1153	5.7650	29		19	
1154	5.7700	29		20	
1155	5.7750	30		20	
1156	5.7800	30		20	
1157	5.7850	30		21	
1158	5.7900	31		21	
1159	5.7950	31		22	
1160	5.8000	32		22	
1161	5.8050	32		22	
1162	5.8100	32		23	
1163	5.8150	32		23	
1164	5.8200	32		24	
1165	5.8250	33		24	
1166	5.8300	33		24	
1167	5.8350	33		25	
1168	5.8400	34		25	
1169	5.8450	34		25	
1170	5.8500	34		26	
1171	5.8550	34		26	
1172	5.8600	34		26	
1173	5.8650	34		27	
1174	5.8700	35		27	
1175	5.8750	35		27	
1176	5.8800	35		27	
1177	5.8850	35		28	
1178	5.8900	35		28	
1179	5.8950	36		28	
1180	5.9000	36		28	
1181	5.9050	36		28	
1182	5.9100	36		29	
1183	5.9150	36		29	
1184	5.9200	36		29	
1185	5.9250	36		29	
1186	5.9300	36		29	
1187	5.9350	36		29	
1188	5.9400	36		29	
1189	5.9450	36		30	
1190	5.9500	36		30	
1191	5.9550	36		30	
1192	5.9600	36		30	
1193	5.9650	36		30	
1194	5.9700	36		30	
1195	5.9750	36		30	
1196	5.9800	35		30	
1197	5.9850	35		30	
1198	5.9900	35		30	
1199	5.9950	35		30	
1200	6.0000	34		30	
1201	6.0050	34		30	
1202	6.0100	34		30	
1203	6.0150	34		30	
1204	6.0200	34		29	
1205	6.0250	34		29	
1206	6.0300	34		29	
1207	6.0350	33		29	
1208	6.0400	33		29	
1209	6.0450	32		29	
1210	6.0500	32		29	
1211	6.0550	32		28	
1212	6.0600	32		28	
1213	6.0650	32		28	
1214	6.0700	31		28	
1215	6.0750	30		28	
1216	6.0800	30		27	
1217	6.0850	30		27	
1218	6.0900	30		27	
1219	6.0950	29		27	
1220	6.1000	28		26	
1221	6.1050	28		26	
1222	6.1100	28		26	
1223	6.1150	28		25	
1224	6.1200	27		25	
1225	6.1250	26		25	
1226	6.1300	26		24	
1227	6.1350	26		24	
1228	6.1400	25		24	
1229	6.1450	24		23	
1230	6.1500	24		23	
1231	6.1550	24		23	
1232	6.1600	23		22	
1233	6.1650	22		22	
1234	6.1700	22		21	
1235	6.1750	22		21	
1236	6.1800	21		20	
1237	6.1850	20		20	
1238	6.1900	20		20	
1239	6.1950	19		19	
1240	6.2000	19		19	
1241	6.2050	18		18	
1242	6.2100	18		18	
1243	6.2150	17		17	
1244	6.2200	16		17	
1245	6.2250	16		16	
1246	6.2300	15		16	
1247	6.2350	14		16	
1248	6.2400	14		15	
1249	6.2450	13		14	
1250	6.2500	12		14	
1251	6.2550	12		14	
1252	6.2600	12		13	
1253	6.2650	11		12	
1254	6.2700	10		12	
1255	6.2750	10		12	
1256	6.2800	9		11	
1257	6.2850	8		10	
1258	6.2900	8		10	
1259	6.2950	7		9	
1260	6.3000	6		9	
1261	6.3050	6		8	
1262	6.3100	5		8	
1263	6.3150	4		7	
1264	6.3200	4		7	
1265	6.3250	3		6	
1266	6.3300	2		6	
1267	6.3350	2		5	
1268	6.3400	1		4	
1269	6.3450	0		4	
1270	6.3500	0		3	
1271	6.3550	-1		3	
1272	6.3600	-2		2	
1273	6.3650	-2		2	
1274	6.3700	-3		1	
1275	6.3750	-4		0	
1276	6.3800	-4		0	
1277	6.3850	-4		-1	
1278	6.3900	-5		-1	
1279	6.3950	-6		-2	
1280	6.4000	-6		-2	
1281	6.4050	-7		-3	
1282	6.4100	-8		-3	
1283	6.4150	-8		-4	
1284	6.4200	-9		-4	
1285	6.4250	-10		-5	
1286	6.4300	-10		-6	
1287	6.4350	-11		-6	
1288	6.4400	-12		-7	
1289	6.4450	-12		-7	
1290	6.4500	-12		-8	
1291	6.4550	-13		-8	
1292	6.4600	-14		-9	
1293	6.4650	-14		-9	
1294	6.4700	-15		-10	
1295	6.4750	-15		-10	
1296	6.4800	-16		-11	
1297	6.4850	-16		-11	
1298	6.4900	-17		-12	
1299	6.4950	-18		-12	
1300	6.5000	-18		-12	
1301	6.5050	-18		-13	
1302	6.5100	-19		-14	
1303	6.5150	-19		-14	
1304	6.5200	-20		-14	
1305	6.5250	-20		-15	
1306	6.5300	-20		-15	
1307	6.5350	-21		-16	
1308	6.5400	-22		-16	
1309	6.5450	-22		-16	
1310	6.5500	-22		-17	
1311	6.5550	-22		-17	
1312	6.5600	-23		-18	
1313	6.5650	-23		-18	
1314	6.5700	-24		-18	
1315	6.5750	-24		-19	
1316	6.5800	-24		-19	
1317	6.5850	-25		-20	
1318	6.5900	-25		-20	
1319	6.5950	-25		-20	
1320	6.6000	-26		-20	
1321	6.6050	-26		-21	
1322	6.6100	-26		-21	
1323	6.6150	-26		-21	
1324	6.6200	-26		-22	
1325	6.6250	-27		-22	
1326	6.6300	-27		-22	
1327	6.6350	-27		-22	
1328	6.6400	-27		-23	
1329	6.6450	-28		-23	
1330	6.6500	-28		-23	
1331	6.6550	-28		-23	
1332	6.6600	-28		-24	
1333	6.6650	-28		-24	
1334	6.6700	-28		-24	
1335	6.6750	-28		-24	
1336	6.6800	-28		-24	
1337	6.6850	-28		-24	
1338	6.6900	-28		-24	
1339	6.6950	-28		-24	
1340	6.7000	-28		-25	
1341	6.7050	-28		-25	
1342	6.7100	-28		-25	
1343	6.7150	-28		-25	
1344	6.7200	-28		-25	
1345	6.7250	-28		-25	
1346	6.7300	-28		-25	
1347	6.7350	-28		-25	
1348	6.7400	-28		-25	
1349	6.7450	-28		-25	
1350	6.7500	-28		-25	
1351	6.7550	-28		-25	
1352	6.7600	-28		-25	
1353	6.7650	-27		-25	
1354	6.7700	-27		-25	
1355	6.7750	-27		-25	
1356	6.7800	-26		-25	
1357	6.7850	-26		-24	
1358	6.7900	-26		-24	
1359	6.7950	-26		-24	
1360	6.8000	-26		-24	
1361	6.8050	-25		-24	
1362	6.8100	-25		-24	
1363	6.8150	-25		-24	
1364	6.8200	-24		-24	
1365	6.8250	-24		-23	
1366	6.8300	-24		-23	
1367	6.8350	-24		-23	
1368	6.8400	-23		-23	
1369	6.8450	-23		-22	
1370	6.8500	-22		-22	
1371	6.8550	-22		-22	
1372	6.8600	-22		-22	
1373	6.8650	-21		-21	
1374	6.8700	-20		-21	
1375	6.8750	-20		-21	
1376	6.8800	-20		-20	
1377	6.8850	-19		-20	
1378	6.8900	-18		-20	
1379	6.8950	-18		-20	
1380	6.9000	-18		-19	
1381	6.9050	-17		-19	
1382	6.9100	-17		-18	
1383	6.9150	-16		-18	
1384	6.9200	-16		-18	
1385	6.9250	-15		-18	
1386	6.9300	-14		-17	
1387	6.9350	-14		-17	
1388	6.9400	-14		-16	
1389	6.9450	-13		-16	
1390	6.9500	-12		-16	
1391	6.9550	-12		-15	
1392	6.9600	-11		-15	
1393	6.9650	-10		-14	
1394	6.9700	-10		-14	
1395	6.9750	-9		-13	
1396	6.9800	-8		-13	
1397	6.9850	-8		-12	
1398	6.9900	-7		-12	
1399	6.9950	-6		-12	
1400	7.0000	-6		-11	
1401	7.0050	-5		-11	
1402	7.0100	-4		-10	
1403	7.0150	-4		-10	
1404	7.0200	-3		-9	
1405	7.0250	-2		-9	
1406	7.0300	-2		-8	
1407	7.0350	-1		-8	
1408	7.0400	0		-7	
1409	7.0450	0		-7	
1410	7.0500	1		-6	
1411	7.0550	2		-6	
1412	7.0600	2		-5	
1413	7.0650	3		-5	
1414	7.0700	4		-4	
1415	7.0750	4		-4	
1416	7.0800	5		-3	
1417	7.0850	6		-2	
1418	7.0900	6		-2	
1419	7.0950	7		-1	
1420	7.1000	8		-1	
1421	7.1050	8		0	
1422	7.1100	9		0	
1423	7.1150	10		1	
1424	7.1200	10		1	
1425	7.1250	11		2	
1426	7.1300	12		2	
1427	7.1350	12		3	
1428	7.1400	13		4	
1429	7.1450	14		4	
1430	7.1500	14		5	
1431	7.1550	15		5	
1432	7.1600	16		6	
1433	7.1650	16		6	
1434	7.1700	16		7	
1435	7.1750	17		7	
1436	7.1800	18		8	
1437	7.1850	18		8	
1438	7.1900	19		9	
1439	7.1950	20		10	
1440	7.2000	20		10	
1441	7.2050	21		11	
1442	7.2100	21		11	
1443	7.2150	22		12	
1444	7.2200	22		12	
1445	7.2250	23		13	
1446	7.2300	24		13	
1447	7.2350	24		14	
1448	7.2400	24		14	
1449	7.2450	25		15	
1450	7.2500	26		15	
1451	7.2550	26		16	
1452	7.2600	26		16	
1453	7.2650	27		17	
1454	7.2700	27		17	
1455	7.2750	28		18	
1456	7.2800	28		18	
1457	7.2850	28		19	
1458	7.2900	29		19	
1459	7.2950	29		20	
1460	7.3000	30		20	
1461	7.3050	30		20	
1462	7.3100	30		21	
1463	7.3150	31		21	
1464	7.3200	31		22	
1465	7.3250	32		22	
1466	7.3300	32		22	
1467	7.3350	32		23	
1468	7.3400	32		23	
1469	7.3450	32		24	
1470	7.3500	33		24	
1471	7.3550	33		24	
1472	7.3600	33		25	
1473	7.3650	34		25	
1474	7.3700	34		25	
1475	7.3750	34		26	
1476	7.3800	34		26	
1477	7.3850	34		26	
1478	7.3900	34		26	
1479	7.3950	35		27	
1480	7.4000	35		27	
1481	7.4050	35		27	
1482	7.4100	35		28	
1483	7.4150	35		28	
1484	7.4200	36		28	
1485	7.4250	36		28	
1486	7.4300	36		28	
1487	7.4350	36		28	
1488	7.4400	36		29	
1489	7.4450	36		29	
1490	7.4500	36		29	
1491	7.4550	36		29	
1492	7.4600	36		29	
1493	7.4650	36		29	
1494	7.4700	36		29	
1495	7.4750	36		30	
1496	7.4800	36		30	
1497	7.4850	36		30	
1498	7.4900	36		30	
1499	7.4950	36		30	
1500	7.5000	36		30	
1501	7.5050	35		30	
1502	7.5100	35		30	
1503	7.5150	35		30	
1504	7.5200	35		30	
1505	7.5250	34		30	
1506	7.5300	34		30	
1507	7.5350	34		30	
1508	7.5400	34		30	
1509	7.5450	34		29	
1510	7.5500	34		29	
1511	7.5550	34		29	
1512	7.5600	33		29	
1513	7.5650	33		29	
1514	7.5700	32		29	
1515	7.5750	32		29	
1516	7.5800	32		28	
1517	7.5850	32		28	
1518	7.5900	32		28	
1519	7.5950	31		28	
1520	7.6000	30		28	
1521	7.6050	30		27	
1522	7.6100	30		27	
1523	7.6150	30		27	
1524	7.6200	29		27	
1525	7.6250	28		26	
1526	7.6300	28		26	
1527	7.6350	28		26	
1528	7.6400	28		25	
1529	7.6450	27		25	
1530	7.6500	26		25	
1531	7.6550	26		24	
1532	7.6600	26		24	
1533	7.6650	25		24	
1534	7.6700	24		23	
1535	7.6750	24		23	
1536	7.6800	24		23	
1537	7.6850	23		22	
1538	7.6900	22		22	
1539	7.6950	22		22	
1540	7.7000	22		21	
1541	7.7050	21		21	
1542	7.7100	20		20	
1543	7.7150	20		20	
1544	7.7200	19		19	
1545	7.7250	19		19	
1546	7.7300	18		18	
1547	7.7350	18		18	
1548	7.7400	17		18	
1549	7.7450	16		17	
1550	7.7500	16		17	
1551	7.7550	15		16	
1552	7.7600	14		16	
1553	7.7650	14		15	
1554	7.7700	13		15	
1555	7.7750	12		14	
1556	7.7800	12		14	
1557	7.7850	12		13	
1558	7.7900	11		13	
1559	7.7950	10		12	
1560	7.8000	10		12	
1561	7.8050	9		11	
1562	7.8100	8		10	
1563	7.8150	8		10	
1564	7.8200	7		9	
1565	7.8250	6		9	
1566	7.8300	6		8	
1567	7.8350	5		8	
1568	7.8400	4		7	
1569	7.8450	4		7	
1570	7.8500	3		6	
1571	7.8550	2		6	
1572	7.8600	2		5	
1573	7.8650	1		4	
1574	7.8700	0		4	
1575	7.8750	0		3	
1576	7.8800	-1		3	
1577	7.8850	-2		2	
1578	7.8900	-2		2	
1579	7.8950	-3		1	
1580	7.9000	-4		1	
1581	7.9050	-4		0	
1582	7.9100	-4		0	
1583	7.9150	-5		-1	
1584	7.9200	-6		-2	
1585	7.9250	-6		-2	
1586	7.9300	-7		-3	
1587	7.9350	-8		-3	
1588	7.9400	-8		-4	
1589	7.9450	-9		-4	
1590	7.9500	-10		-5	
1591	7.9550	-10		-6	
1592	7.9600	-11		-6	
1593	7.9650	-11		-6	
1594	7.9700	-12		-7	
1595	7.9750	-12		-8	
1596	7.9800	-13		-8	
1597	7.9850	-14		-9	
1598	7.9900	-14		-9	
1599	7.9950	-14		-10	
1600	8.0000	-15		-10	
1601	8.0050	-16		-11	
1602	8.0100	-16		-11	
1603	8.0150	-17		-12	
1604	8.0200	-18		-12	
1605	8.0250	-18		-13	
1606	8.0300	-18		-13	
1607	8.0350	-19		-14	
1608	8.0400	-19		-14	
1609	8.0450	-20		-14	
1610	8.0500	-20		-15	
1611	8.0550	-20		-15	
1612	8.0600	-21		-16	
1613	8.0650	-22		-16	
1614	8.0700	-22		-17	
1615	8.0750	-22		-17	
1616	8.0800	-22		-17	
1617	8.0850	-23		-18	
1618	8.0900	-23		-18	
1619	8.0950	-24		-18	
1620	8.1000	-24		-19	
1621	8.1050	-24		-19	
1622	8.1100	-24		-20	
1623	8.1150	-25		-20	
1624	8.1200	-25		-20	
1625	8.1250	-26		-21	
1626	8.1300	-26		-21	
1627	8.1350	-26		-21	
1628	8.1400	-26		-22	
1629	8.1450	-26		-22	
1630	8.1500	-27		-22	
1631	8.1550	-27		-22	
1632	8.1600	-27		-22	
1633	8.1650	-27		-23	
1634	8.1700	-28		-23	
1635	8.1750	-28		-23	
1636	8.1800	-28		-23	
1637	8.1850	-28		-24	
1638	8.1900	-28		-24	
1639	8.1950	-28		-24	
1640	8.2000	-28		-24	
1641	8.2050	-28		-24	
1642	8.2100	-28		-24	
1643	8.2150	-28		-25	
1644	8.2200	-28		-25	
1645	8.2250	-28		-25	
1646	8.2300	-28		-25	
1647	8.2350	-28		-25	
1648	8.2400	-28		-25	
1649	8.2450	-28		-25	
1650	8.2500	-28		-25	
1651	8.2550	-28		-25	
1652	8.2600	-28		-25	
1653	8.2650	-28		-25	
1654	8.2700	-28		-25	
1655	8.2750	-28		-25	
1656	8.2800	-28		-25	
1657	8.2850	-28		-25	
1658	8.2900	-28		-25	
1659	8.2950	-27		-25	
1660	8.3000	-27		-25	
1661	8.3050	-26		-25	
1662	8.3100	-26		-25	
1663	8.3150	-26		-25	
1664	8.3200	-26		-24	
1665	8.3250	-26		-24	
1666	8.3300	-25		-24	
1667	8.3350	-25		-24	
1668	8.3400	-25		-24	
1669	8.3450	-24		-24	
1670	8.3500	-24		-24	
1671	8.3550	-24		-23	
1672	8.3600	-24		-23	
1673	8.3650	-23		-23	
1674	8.3700	-23		-23	
1675	8.3750	-22		-22	
1676	8.3800	-22		-22	
1677	8.3850	-22		-22	
1678	8.3900	-21		-22	
1679	8.3950	-20		-21	
1680	8.4000	-20		-21	
1681	8.4050	-20		-21	
1682	8.4100	-19		-20	
1683	8.4150	-18		-20	
1684	8.4200	-18		-20	
1685	8.4250	-18		-19	
1686	8.4300	-17		-19	
1687	8.4350	-17		-19	
1688	8.4400	-16		-18	
1689	8.4450	-16		-18	
1690	8.4500	-15		-18	
1691	8.4550	-14		-17	
1692	8.4600	-14		-17	
1693	8.4650	-14		-16	
1694	8.4700	-13		-16	
1695	8.4750	-12		-16	
1696	8.4800	-12		-15	
1697	8.4850	-11		-15	
1698	8.4900	-10		-14	
1699	8.4950	-10		-14	
1700	8.5000	-9		-14	
1701	8.5050	-8		-13	
1702	8.5100	-8		-12	
1703	8.5150	-7		-12	
1704	8.5200	-7		-12	
1705	8.5250	-6		-11	
1706	8.5300	-6		-11	
1707	8.5350	-5		-10	
1708	8.5400	-4		-10	
1709	8.5450	-4		-9	
1710	8.5500	-3		-9	
1711	8.5550	-2		-8	
1712	8.5600	-2		-8	
1713	8.5650	-1		-7	
1714	8.5700	0		-7	
1715	8.5750	0		-6	
1716	8.5800	2		-6	
1717	8.5850	2		-5	
1718	8.5900	3		-5	
1719	8.5950	4		-4	
1720	8.6000	4		-4	
1721	8.6050	5		-3	
1722	8.6100	6		-2	
1723	8.6150	6		-2	
1724	8.6200	7		-1	
1725	8.6250	8		-1	
1726	8.6300	8		0	
1727	8.6350	9		0	
1728	8.6400	10		1	
1729	8.6450	10		1	
1730	8.6500	11		2	
1731	8.6550	12		2	
1732	8.6600	12		3	
1733	8.6650	13		4	
1734	8.6700	14		4	
1735	8.6750	14		5	
1736	8.6800	15		5	
1737	8.6850	16		6	
1738	8.6900	16		6	
1739	8.6950	16		7	
1740	8.7000	17		7	
1741	8.7050	18		8	
1742	8.7100	18		8	
1743	8.7150	19		9	
1744	8.7200	20		10	
1745	8.7250	20		10	
1746	8.7300	20		11	
1747	8.7350	21		11	
1748	8.7400	22		12	
1749	8.7450	22		12	
1750	8.7500	23		13	
1751	8.7550	24		13	
1752	8.7600	24		14	
1753	8.7650	24		14	
1754	8.7700	25		15	
1755	8.7750	26		15	
1756	8.7800	26		16	
1757	8.7850	26		16	
1758	8.7900	27		17	
1759	8.7950	27		17	
1760	8.8000	28		18	
1761	8.8050	28		18	
1762	8.8100	28		19	
1763	8.8150	29		19	
1764	8.8200	29		20	
1765	8.8250	30		20	
1766	8.8300	30		20	
1767	8.8350	30		21	
1768	8.8400	31		21	
1769	8.8450	31		22	
1770	8.8500	32		22	
1771	8.8550	32		22	
1772	8.8600	32		23	
1773	8.8650	32		23	
1774	8.8700	32		24	
1775	8.8750	33		24	
1776	8.8800	33		24	
1777	8.8850	33		25	
1778	8.8900	34		25	
1779	8.8950	34		25	
1780	8.9000	34		26	
1781	8.9050	34		26	
1782	8.9100	34		26	
1783	8.9150	34		26	
1784	8.9200	35		27	
1785	8.9250	35		27	
1786	8.9300	35		27	
1787	8.9350	35		28	
1788	8.9400	35		28	
1789	8.9450	36		28	
1790	8.9500	36		28	
1791	8.9550	36		28	
1792	8.9600	36		28	
1793	8.9650	36		29	
1794	8.9700	36		29	
1795	8.9750	36		29	
1796	8.9800	36		29	
1797	8.9850	36		29	
1798	8.9900	36		29	
1799	8.9950	36		30	
1800	9.0000	36		30	
1801	9.0050	36		30	
1802	9.0100	36		30	
1803	9.0150	36		30	
1804	9.0200	36		30	
1805	9.0250	36		30	
1806	9.0300	35		30	
1807	9.0350	35		30	
1808	9.0400	35		30	
1809	9.0450	35		30	
1810	9.0500	34		30	
1811	9.0550	34		30	
1812	9.0600	34		30	
1813	9.0650	34		30	
1814	9.0700	34		29	
1815	9.0750	34		29	
1816	9.0800	34		29	
1817	9.0850	33		29	
1818	9.0900	33		29	
1819	9.0950	32		29	
1820	9.1000	32		29	
1821	9.1050	32		28	
1822	9.1100	32		28	
1823	9.1150	32		28	
1824	9.1200	31		28	
1825	9.1250	30		28	
1826	9.1300	30		27	
1827	9.1350	30		27	
1828	9.1400	30		27	
1829	9.1450	29		27	
1830	9.1500	28		26	
1831	9.1550	28		26	
1832	9.1600	28		26	
1833	9.1650	28		25	
1834	9.1700	27		25	
1835	9.1750	26		25	
1836	9.1800	26		24	
1837	9.1850	26		24	
1838	9.1900	25		24	
1839	9.1950	25		23	
1840	9.2000	24		23	
1841	9.2050	24		23	
1842	9.2100	23		22	
1843	9.2150	22		22	
1844	9.2200	22		21	
1845	9.2250	22		21	
1846	9.2300	21		21	
1847	9.2350	20		20	
1848	9.2400	20		20	
1849	9.2450	20		19	
1850	9.2500	19		19	
1851	9.2550	18		18	
1852	9.2600	18		18	
1853	9.2650	17		18	
1854	9.2700	16		17	
1855	9.2750	16		17	
1856	9.2800	15		16	
1857	9.2850	14		16	
1858	9.2900	14		15	
1859	9.2950	13		15	
1860	9.3000	12		14	
1861	9.3050	12		14	
1862	9.3100	12		13	
1863	9.3150	11		13	
1864	9.3200	10		12	
1865	9.3250	10		12	
1866	9.3300	9		11	
1867	9.3350	8		10	
1868	9.3400	8		10	
1869	9.3450	7		9	
1870	9.3500	6		9	
1871	9.3550	6		8	
1872	9.3600	5		8	
1873	9.3650	4		7	
1874	9.3700	4		7	
1875	9.3750	3		6	
1876	9.3800	2		6	
1877	9.3850	2		5	
1878	9.3900	1		4	
1879	9.3950	0		4	
1880	9.4000	0		3	
1881	9.4050	-1		3	
1882	9.4100	-2		2	
1883	9.4150	-2		2	
1884	9.4200	-3		1	
1885	9.4250	-4		1	
1886	9.4300	-4		0	
1887	9.4350	-4		0	
1888	9.4400	-5		-1	
1889	9.4450	-6		-2	
1890	9.4500	-6		-2	
1891	9.4550	-7		-3	
1892	9.4600	-8		-3	
1893	9.4650	-8		-4	
1894	9.4700	-9		-4	
1895	9.4750	-10		-5	
1896	9.4800	-10		-5	
1897	9.4850	-11		-6	
1898	9.4900	-11		-6	
1899	9.4950	-12		-7	
1900	9.5000	-12		-8	
1901	9.5050	-13		-8	
1902	9.5100	-14		-8	
1903	9.5150	-14		-9	
1904	9.5200	-14		-10	
1905	9.5250	-15		-10	
1906	9.5300	-16		-11	
1907	9.5350	-16		-11	
1908	9.5400	-17		-12	
1909	9.5450	-17		-12	
1910	9.5500	-18		-12	
1911	9.5550	-18		-13	
1912	9.5600	-19		-14	
1913	9.5650	-19		-14	
1914	9.5700	-20		-14	
1915	9.5750	-20		-15	
1916	9.5800	-20		-15	
1917	9.5850	-21		-16	
1918	9.5900	-21		-16	
1919	9.5950	-22		-16	
1920	9.6000	-22		-17	
1921	9.6050	-22		-17	
1922	9.6100	-23		-18	
1923	9.6150	-23		-18	
1924	9.6200	-24		-18	
1925	9.6250	-24		-19	
1926	9.6300	-24		-19	
1927	9.6350	-24		-20	
1928	9.6400	-25		-20	
1929	9.6450	-25		-20	
1930	9.6500	-26		-20	
1931	9.6550	-26		-21	
1932	9.6600	-26		-21	
1933	9.6650	-26		-21	
1934	9.6700	-26		-22	
1935	9.6750	-27		-22	
1936	9.6800	-27		-22	
1937	9.6850	-27		-22	
1938	9.6900	-27		-23	
1939	9.6950	-28		-23	
1940	9.7000	-28		-23	
1941	9.7050	-28		-23	
1942	9.7100	-28		-24	
1943	9.7150	-28		-24	
1944	9.7200	-28		-24	
1945	9.7250	-28		-24	
1946	9.7300	-28		-24	
1947	9.7350	-28		-24	
1948	9.7400	-28		-24	
1949	9.7450	-28		-25	
1950	9.7500	-28		-25	
1951	9.7550	-28		-25	
1952	9.7600	-28		-25	
1953	9.7650	-28		-25	
1954	9.7700	-28		-25	
1955	9.7750	-28		-25	
1956	9.7800	-28		-25	
1957	9.7850	-28		-25	
1958	9.7900	-28		-25	
1959	9.7950	-28		-25	
1960	9.8000	-28		-25	
1961	9.8050	-28		-25	
1962	9.8100	-28		-25	
1963	9.8150	-28		-25	
1964	9.8200	-27		-25	
1965	9.8250	-27		-25	
1966	9.8300	-26		-25	
1967	9.8350	-26		-25	
1968	9.8400	-26		-25	
1969	9.8450	-26		-24	
1970	9.8500	-26		-24	
1971	9.8550	-25		-24	
1972	9.8600	-25		-24	
1973	9.8650	-25		-24	
1974	9.8700	-24		-24	
1975	9.8750	-24		-24	
1976	9.8800	-24		-23	
1977	9.8850	-24		-23	
1978	9.8900	-23		-23	
1979	9.8950	-23		-23	
1980	9.9000	-22		-22	
1981	9.9050	-22		-22	
1982	9.9100	-22		-22	
1983	9.9150	-21		-22	
1984	9.9200	-20		-21	
1985	9.9250	-20		-21	
1986	9.9300	-20		-21	
1987	9.9350	-19		-20	
1988	9.9400	-19		-20	
1989	9.9450	-18		-20	
1990	9.9500	-18		-19	
1991	9.9550	-17		-19	
1992	9.9600	-17		-19	
1993	9.9650	-16		-18	
1994	9.9700	-16		-18	
1995	9.9750	-15		-18	
1996	9.9800	-14		-17	
1997	9.9850	-14		-17	
1998	9.9900	-14		-16	
1999	9.9950	-13		-16	
2000	10.0000	-12		-16	
