#	time(s)	count A	count B	count C	count D
1	0.0050	0		6	
2	0.0100	0		6	
3	0.0150	0		5	
4	0.0200	1		4	
5	0.0250	2		4	
6	0.0300	2		3	
7	0.0350	3		3	
8	0.0400	3		2	
9	0.0450	4		2	
10	0.0500	4		1	
11	0.0550	5		0	
12	0.0600	6		0	
13	0.0650	6		-1	
14	0.0700	7		-1	
15	0.0750	8		-2	
16	0.0800	8		-2	
17	0.0850	8		-3	
18	0.0900	9		-3	
19	0.0950	10		-4	
20	0.1000	10		-4	
21	0.1050	11		-4	
22	0.1100	12		-5	
23	0.1150	12		-6	
24	0.1200	12		-6	
25	0.1250	13		-6	
26	0.1300	14		-7	
27	0.1350	14		-7	
28	0.1400	15		-7	
29	0.1450	15		-8	
30	0.1500	16		-8	
31	0.1550	16		-8	
32	0.1600	16		-8	
33	0.1650	17		-9	
34	0.1700	18		-9	
35	0.1750	18		-9	
36	0.1800	18		-10	
37	0.1850	18		-10	
38	0.1900	19		-10	
39	0.1950	19		-10	
40	0.2000	20		-10	
41	0.2050	20		-10	
42	0.2100	20		-10	
43	0.2150	20		-10	
44	0.2200	21		-10	
45	0.2250	21		-10	
46	0.2300	21		-10	
47	0.2350	22		-10	
48	0.2400	22		-10	
49	0.2450	22		-10	
50	0.2500	22		-10	
51	0.2550	22		-10	
52	0.2600	22		-10	
53	0.2650	22		-9	
54	0.2700	22		-9	
55	0.2750	22		-9	
56	0.2800	22		-8	
57	0.2850	22		-8	
58	0.2900	22		-8	
59	0.2950	22		-8	
60	0.3000	22		-8	
61	0.3050	22		-7	
62	0.3100	22		-7	
63	0.3150	22		-6	
64	0.3200	22		-6	
65	0.3250	21		-6	
66	0.3300	21		-5	
67	0.3350	21		-4	
68	0.3400	20		-4	
69	0.3450	20		-4	
70	0.3500	20		-3	
71	0.3550	20		-3	
72	0.3600	19		-2	
73	0.3650	19		-2	
74	0.3700	18		-1	
75	0.3750	18		0	
76	0.3800	18		0	
77	0.3850	17		0	
78	0.3900	17		1	
79	0.3950	16		2	
80	0.4000	16		2	
81	0.4050	16		3	
82	0.4100	15		4	
83	0.4150	14		4	
84	0.4200	14		4	
85	0.4250	13		5	
86	0.4300	13		6	
87	0.4350	12		6	
88	0.4400	12		7	
89	0.4450	11		8	
90	0.4500	11		8	
91	0.4550	10		9	
92	0.4600	10		9	
93	0.4650	9		10	
94	0.4700	8		10	
95	0.4750	8		11	
96	0.4800	7		12	
97	0.4850	7		12	
98	0.4900	6		12	
99	0.4950	6		13	
100	0.5000	5		14	
101	0.5050	4		14	
102	0.5100	4		14	
103	0.5150	3		15	
104	0.5200	2		16	
105	0.5250	2		16	
106	0.5300	2		16	
107	0.5350	1		16	
108	0.5400	0		17	
109	0.5450	0		18	
110	0.5500	0		18	
111	0.5550	-1		18	
112	0.5600	-2		18	
113	0.5650	-2		18	
114	0.5700	-2		19	
115	0.5750	-3		19	
116	0.5800	-4		20	
117	0.5850	-4		20	
118	0.5900	-4		20	
119	0.5950	-5		20	
120	0.6000	-5		20	
121	0.6050	-6		20	
122	0.6100	-6		20	
123	0.6150	-6		20	
124	0.6200	-6		20	
125	0.6250	-7		20	
126	0.6300	-7		20	
127	0.6350	-7		20	
128	0.6400	-8		20	
129	0.6450	-8		20	
130	0.6500	-8		20	
131	0.6550	-8		20	
132	0.6600	-8		20	
133	0.6650	-8		20	
134	0.6700	-8		20	
135	0.6750	-8		19	
136	0.6800	-8		19	
137	0.6850	-8		19	
138	0.6900	-8		18	
139	0.6950	-8		18	
140	0.7000	-8		18	
141	0.7050	-8		18	
142	0.7100	-8		18	
143	0.7150	-8		17	
144	0.7200	-8		17	
145	0.7250	-8		16	
146	0.7300	-8		16	
147	0.7350	-8		16	
148	0.7400	-8		15	
149	0.7450	-7		15	
150	0.7500	-7		14	
151	0.7550	-7		14	
152	0.7600	-6		13	
153	0.7650	-6		13	
154	0.7700	-6		12	
155	0.7750	-5		12	
156	0.7800	-5		11	
157	0.7850	-4		11	
158	0.7900	-4		10	
159	0.7950	-4		10	
160	0.8000	-3		9	
161	0.8050	-3		8	
162	0.8100	-2		8	
163	0.8150	-2		8	
164	0.8200	-1		7	
165	0.8250	-1		6	
166	0.8300	0		6	
167	0.8350	0		5	
168	0.8400	1		4	
169	0.8450	1		4	
170	0.8500	2		4	
171	0.8550	2		3	
172	0.8600	3		2	
173	0.8650	4		2	
174	0.8700	4		1	
175	0.8750	5		1	
176	0.8800	6		0	
177	0.8850	6		0	
178	0.8900	6		-1	
179	0.8950	7		-2	
180	0.9000	8		-2	
181	0.9050	8		-2	
182	0.9100	9		-3	
183	0.9150	10		-4	
184	0.9200	10		-4	
185	0.9250	10		-4	
186	0.9300	11		-5	
187	0.9350	12		-5	
188	0.9400	12		-6	
189	0.9450	13		-6	
190	0.9500	14		-6	
191	0.9550	14		-7	
192	0.9600	14		-7	
193	0.9650	15		-8	
194	0.9700	16		-8	
195	0.9750	16		-8	
196	0.9800	16		-8	
197	0.9850	17		-9	
198	0.9900	17		-9	
199	0.9950	18		-9	
200	1.0000	18		-10	
201	1.0050	18		-10	
202	1.0100	19		-10	
203	1.0150	19		-10	
204	1.0200	20		-10	
205	1.0250	20		-10	
206	1.0300	20		-10	
207	1.0350	20		-10	
208	1.0400	21		-10	
209	1.0450	21		-10	
210	1.0500	21		-10	
211	1.0550	21		-10	
212	1.0600	22		-10	
213	1.0650	22		-10	
214	1.0700	22		-10	
215	1.0750	22		-10	
216	1.0800	22		-10	
217	1.0850	22		-10	
218	1.0900	22		-9	
219	1.0950	22		-9	
220	1.1000	22		-9	
221	1.1050	22		-8	
222	1.1100	22		-8	
223	1.1150	22		-8	
224	1.1200	22		-8	
225	1.1250	22		-7	
226	1.1300	22		-7	
227	1.1350	22		-6	
228	1.1400	22		-6	
229	1.1450	21		-6	
230	1.1500	21		-6	
231	1.1550	21		-5	
232	1.1600	20		-4	
233	1.1650	20		-4	
234	1.1700	20		-4	
235	1.1750	20		-3	
236	1.1800	19		-2	
237	1.1850	19		-2	
238	1.1900	18		-2	
239	1.1950	18		-1	
240	1.2000	18		0	
241	1.2050	18		0	
242	1.2100	17		1	
243	1.2150	16		1	
244	1.2200	16		2	
245	1.2250	16		2	
246	1.2300	15		3	
247	1.2350	15		4	
248	1.2400	14		4	
249	1.2450	14		5	
250	1.2500	13		6	
251	1.2550	12		6	
252	1.2600	12		6	
253	1.2650	12		7	
254	1.2700	11		8	
255	1.2750	10		8	
256	1.2800	10		9	
257	1.2850	9		10	
258	1.2900	9		10	
259	1.2950	8		10	
260	1.3000	8		11	
261	1.3050	7		12	
262	1.3100	6		12	
263	1.3150	6		13	
264	1.3200	5		13	
265	1.3250	4		14	
266	1.3300	4		14	
267	1.3350	4		15	
268	1.3400	3		15	
269	1.3450	2		16	
270	1.3500	2		16	
271	1.3550	1		16	
272	1.3600	1		17	
273	1.3650	0		17	
274	1.3700	0		18	
275	1.3750	-1		18	
276	1.3800	-1		18	
277	1.3850	-2		18	
278	1.3900	-2		19	
279	1.3950	-3		19	
280	1.4000	-3		19	
281	1.4050	-4		20	
282	1.4100	-4		20	
283	1.4150	-4		20	
284	1.4200	-5		20	
285	1.4250	-5		20	
286	1.4300	-6		20	
287	1.4350	-6		20	
288	1.4400	-6		20	
289	1.4450	-6		20	
290	1.4500	-7		20	
291	1.4550	-7		20	
292	1.4600	-7		20	
293	1.4650	-8		20	
294	1.4700	-8		20	
295	1.4750	-8		20	
296	1.4800	-8		20	
297	1.4850	-8		20	
298	1.4900	-8		20	
299	1.4950	-8		20	
300	1.5000	-8		20	
301	1.5050	-8		19	
302	1.5100	-8		19	
303	1.5150	-8		18	
304	1.5200	-8		18	
305	1.5250	-8		18	
306	1.5300	-8		18	
307	1.5350	-8		18	
308	1.5400	-8		17	
309	1.5450	-8		17	
310	1.5500	-8		16	
311	1.5550	-8		16	
312	1.5600	-8		16	
313	1.5650	-7		15	
314	1.5700	-7		14	
315	1.5750	-7		14	
316	1.5800	-6		14	
317	1.5850	-6		13	
318	1.5900	-6		13	
319	1.5950	-6		12	
320	1.6000	-5		12	
321	1.6050	-5		11	
322	1.6100	-4		10	
323	1.6150	-4		10	
324	1.6200	-3		10	
325	1.6250	-3		9	
326	1.6300	-2		8	
327	1.6350	-2		8	
328	1.6400	-2		7	
329	1.6450	-1		7	
330	1.6500	0		6	
331	1.6550	0		6	
332	1.6600	0		5	
333	1.6650	1		4	
334	1.6700	2		4	
335	1.6750	2		3	
336	1.6800	3		3	
337	1.6850	3		2	
338	1.6900	4		2	
339	1.6950	4		1	
340	1.7000	5		0	
341	1.7050	6		0	
342	1.7100	6		0	
343	1.7150	7		-1	
344	1.7200	8		-2	
345	1.7250	8		-2	
346	1.7300	8		-3	
347	1.7350	9		-3	
348	1.7400	10		-4	
349	1.7450	10		-4	
350	1.7500	11		-4	
351	1.7550	12		-5	
352	1.7600	12		-6	
353	1.7650	12		-6	
354	1.7700	13		-6	
355	1.7750	14		-7	
356	1.7800	14		-7	
357	1.7850	15		-7	
358	1.7900	15		-8	
359	1.7950	16		-8	
360	1.8000	16		-8	
361	1.8050	17		-8	
362	1.8100	17		-9	
363	1.8150	18		-9	
364	1.8200	18		-9	
365	1.8250	18		-10	
366	1.8300	18		-10	
367	1.8350	19		-10	
368	1.8400	19		-10	
369	1.8450	20		-10	
370	1.8500	20		-10	
371	1.8550	20		-10	
372	1.8600	20		-10	
373	1.8650	21		-10	
374	1.8700	21		-10	
375	1.8750	21		-10	
376	1.8800	22		-10	
377	1.8850	22		-10	
378	1.8900	22		-10	
379	1.8950	22		-10	
380	1.9000	22		-10	
381	1.9050	22		-10	
382	1.9100	22		-10	
383	1.9150	22		-9	
384	1.9200	22		-9	
385	1.9250	22		-9	
386	1.9300	22		-8	
387	1.9350	22		-8	
388	1.9400	22		-8	
389	1.9450	22		-8	
390	1.9500	22		-7	
391	1.9550	22		-7	
392	1.9600	22		-6	
393	1.9650	22		-6	
394	1.9700	21		-6	
395	1.9750	21		-5	
396	1.9800	21		-5	
397	1.9850	20		-4	
398	1.9900	20		-4	
399	1.9950	20		-4	
400	2.0000	20		-3	
401	2.0050	19		-2	
402	2.0100	19		-2	
403	2.0150	18		-2	
404	2.0200	18		-1	
405	2.0250	18		0	
406	2.0300	17		0	
407	2.0350	17		1	
408	2.0400	16		2	
409	2.0450	16		2	
410	2.0500	16		2	
411	2.0550	15		3	
412	2.0600	14		4	
413	2.0650	14		4	
414	2.0700	13		5	
415	2.0750	13		6	
416	2.0800	12		6	
417	2.0850	12		7	
418	2.0900	11		7	
419	2.0950	11		8	
420	2.1000	10		8	
421	2.1050	10		9	
422	2.1100	9		10	
423	2.1150	8		10	
424	2.1200	8		11	
425	2.1250	7		11	
426	2.1300	7		12	
427	2.1350	6		12	
428	2.1400	6		13	
429	2.1450	5		14	
430	2.1500	4		14	
431	2.1550	4		14	
432	2.1600	3		15	
433	2.1650	2		15	
434	2.1700	2		16	
435	2.1750	2		16	
436	2.1800	1		16	
437	2.1850	0		17	
438	2.1900	0		17	
439	2.1950	0		18	
440	2.2000	-1		18	
441	2.2050	-2		18	
442	2.2100	-2		18	
443	2.2150	-2		19	
444	2.2200	-3		19	
445	2.2250	-4		20	
446	2.2300	-4		20	
447	2.2350	-4		20	
448	2.2400	-5		20	
449	2.2450	-5		20	
450	2.2500	-6		20	
451	2.2550	-6		20	
452	2.2600	-6		20	
453	2.2650	-6		20	
454	2.2700	-7		20	
455	2.2750	-7		20	
456	2.2800	-7		20	
457	2.2850	-8		20	
458	2.2900	-8		20	
459	2.2950	-8		20	
460	2.3000	-8		20	
461	2.3050	-8		20	
462	2.3100	-8		20	
463	2.3150	-8		20	
464	2.3200	-8		20	
465	2.3250	-8		19	
466	2.3300	-8		19	
467	2.3350	-8		19	
468	2.3400	-8		18	
469	2.3450	-8		18	
470	2.3500	-8		18	
471	2.3550	-8		18	
472	2.3600	-8		17	
473	2.3650	-8		17	
474	2.3700	-8		16	
475	2.3750	-8		16	
476	2.3800	-8		16	
477	2.3850	-8		16	
478	2.3900	-7		15	
479	2.3950	-7		14	
480	2.4000	-7		14	
481	2.4050	-6		14	
482	2.4100	-6		13	
483	2.4150	-6		12	
484	2.4200	-5		12	
485	2.4250	-5		12	
486	2.4300	-4		11	
487	2.4350	-4		10	
488	2.4400	-4		10	
489	2.4450	-3		10	
490	2.4500	-3		9	
491	2.4550	-2		8	
492	2.4600	-2		8	
493	2.4650	-1		7	
494	2.4700	-1		7	
495	2.4750	0		6	
496	2.4800	0		6	
497	2.4850	1		5	
498	2.4900	1		4	
499	2.4950	2		4	
500	2.5000	2		3	
501	2.5050	3		3	
502	2.5100	4		2	
503	2.5150	4		2	
504	2.5200	5		1	
505	2.5250	6		0	
506	2.5300	6		0	
507	2.5350	7		-1	
508	2.5400	7		-1	
509	2.5450	8		-2	
510	2.5500	8		-2	
511	2.5550	9		-3	
512	2.5600	10		-3	
513	2.5650	10		-4	
514	2.5700	10		-4	
515	2.5750	11		-4	
516	2.5800	12		-5	
517	2.5850	12		-6	
518	2.5900	13		-6	
519	2.5950	14		-6	
520	2.6000	14		-6	
521	2.6050	14		-7	
522	2.6100	15		-7	
523	2.6150	16		-8	
524	2.6200	16		-8	
525	2.6250	16		-8	
526	2.6300	17		-8	
527	2.6350	17		-9	
528	2.6400	18		-9	
529	2.6450	18		-9	
530	2.6500	18		-10	
531	2.6550	19		-10	
532	2.6600	19		-10	
533	2.6650	20		-10	
534	2.6700	20		-10	
535	2.6750	20		-10	
536	2.6800	20		-10	
537	2.6850	21		-10	
538	2.6900	21		-10	
539	2.6950	21		-10	
540	2.7000	21		-10	
541	2.7050	22		-10	
542	2.7100	22		-10	
543	2.7150	22		-10	
544	2.7200	22		-10	
545	2.7250	22		-10	
546	2.7300	22		-9	
547	2.7350	22		-9	
548	2.7400	22		-9	
549	2.7450	22		-9	
550	2.7500	22		-8	
551	2.7550	22		-8	
552	2.7600	22		-8	
553	2.7650	22		-8	
554	2.7700	22		-7	
555	2.7750	22		-7	
556	2.7800	22		-6	
557	2.7850	22		-6	
558	2.7900	21		-6	
559	2.7950	21		-5	
560	2.8000	21		-5	
561	2.8050	20		-4	
562	2.8100	20		-4	
563	2.8150	20		-4	
564	2.8200	20		-3	
565	2.8250	19		-2	
566	2.8300	19		-2	
567	2.8350	18		-2	
568	2.8400	18		-1	
569	2.8450	18		0	
570	2.8500	18		0	
571	2.8550	17		1	
572	2.8600	16		1	
573	2.8650	16		2	
574	2.8700	16		2	
575	2.8750	15		3	
576	2.8800	15		4	
577	2.8850	14		4	
578	2.8900	14		5	
579	2.8950	13		5	
580	2.9000	12		6	
581	2.9050	12		6	
582	2.9100	12		7	
583	2.9150	11		8	
584	2.9200	10		8	
585	2.9250	10		9	
586	2.9300	9		9	
587	2.9350	9		10	
588	2.9400	8		10	
589	2.9450	8		11	
590	2.9500	7		12	
591	2.9550	6		12	
592	2.9600	6		12	
593	2.9650	5		13	
594	2.9700	4		14	
595	2.9750	4		14	
596	2.9800	4		14	
597	2.9850	3		15	
598	2.9900	2		16	
599	2.9950	2		16	
600	3.0000	1		16	
601	3.0050	0		17	
602	3.0100	0		17	
603	3.0150	0		18	
604	3.0200	-1		18	
605	3.0250	-1		18	
606	3.0300	-2		18	
607	3.0350	-2		19	
608	3.0400	-3		19	
609	3.0450	-3		19	
610	3.0500	-4		19	
611	3.0550	-4		20	
612	3.0600	-4		20	
613	3.0650	-5		20	
614	3.0700	-5		20	
615	3.0750	-6		20	
616	3.0800	-6		20	
617	3.0850	-6		20	
618	3.0900	-6		20	
619	3.0950	-7		20	
620	3.1000	-7		20	
621	3.1050	-7		20	
622	3.1100	-8		20	
623	3.1150	-8		20	
624	3.1200	-8		20	
625	3.1250	-8		20	
626	3.1300	-8		20	
627	3.1350	-8		20	
628	3.1400	-8		20	
629	3.1450	-8		19	
630	3.1500	-8		19	
631	3.1550	-8		19	
632	3.1600	-8		18	
633	3.1650	-8		18	
634	3.1700	-8		18	
635	3.1750	-8		18	
636	3.1800	-8		17	
637	3.1850	-8		17	
638	3.1900	-8		16	
639	3.1950	-8		16	
640	3.2000	-8		16	
641	3.2050	-8		16	
642	3.2100	-7		15	
643	3.2150	-7		14	
644	3.2200	-7		14	
645	3.2250	-6		14	
646	3.2300	-6		13	
647	3.2350	-6		13	
648	3.2400	-6		12	
649	3.2450	-5		12	
650	3.2500	-5		11	
651	3.2550	-4		11	
652	3.2600	-4		10	
653	3.2650	-4		10	
654	3.2700	-3		9	
655	3.2750	-2		8	
656	3.2800	-2		8	
657	3.2850	-2		8	
658	3.2900	-1		7	
659	3.2950	0		6	
660	3.3000	0		6	
661	3.3050	0		5	
662	3.3100	1		4	
663	3.3150	2		4	
664	3.3200	2		4	
665	3.3250	3		3	
666	3.3300	3		2	
667	3.3350	4		2	
668	3.3400	4		1	
669	3.3450	5		0	
670	3.3500	6		0	
671	3.3550	6		0	
672	3.3600	7		-1	
673	3.3650	8		-2	
674	3.3700	8		-2	
675	3.3750	8		-2	
676	3.3800	9		-3	
677	3.3850	10		-4	
678	3.3900	10		-4	
679	3.3950	11		-4	
680	3.4000	12		-5	
681	3.4050	12		-5	
682	3.4100	12		-6	
683	3.4150	13		-6	
684	3.4200	14		-6	
685	3.4250	14		-7	
686	3.4300	15		-7	
687	3.4350	15		-8	
688	3.4400	16		-8	
689	3.4450	16		-8	
690	3.4500	17		-8	
691	3.4550	17		-9	
692	3.4600	18		-9	
693	3.4650	18		-9	
694	3.4700	18		-9	
695	3.4750	18		-10	
696	3.4800	19		-10	
697	3.4850	19		-10	
698	3.4900	20		-10	
699	3.4950	20		-10	
700	3.5000	20		-10	
701	3.5050	20		-10	
702	3.5100	21		-10	
703	3.5150	21		-10	
704	3.5200	21		-10	
705	3.5250	22		-10	
706	3.5300	22		-10	
707	3.5350	22		-10	
708	3.5400	22		-10	
709	3.5450	22		-10	
710	3.5500	22		-10	
711	3.5550	22		-9	
712	3.5600	22		-9	
713	3.5650	22		-9	
714	3.5700	22		-8	
715	3.5750	22		-8	
716	3.5800	22		-8	
717	3.5850	22		-8	
718	3.5900	22		-8	
719	3.5950	22		-7	
720	3.6000	22		-7	
721	3.6050	22		-6	
722	3.6100	22		-6	
723	3.6150	21		-6	
724	3.6200	21		-5	
725	3.6250	21		-4	
726	3.6300	20		-4	
727	3.6350	20		-4	
728	3.6400	20		-3	
729	3.6450	19		-3	
730	3.6500	19		-2	
731	3.6550	19		-2	
732	3.6600	18		-1	
733	3.6650	18		-1	
734	3.6700	18		0	
735	3.6750	17		0	
736	3.6800	17		1	
737	3.6850	16		2	
738	3.6900	16		2	
739	3.6950	16		3	
740	3.7000	15		3	
741	3.7050	14		4	
742	3.7100	14		4	
743	3.7150	13		5	
744	3.7200	13		6	
745	3.7250	12		6	
746	3.7300	12		7	
747	3.7350	11		8	
748	3.7400	10		8	
749	3.7450	10		8	
750	3.7500	10		9	
751	3.7550	9		10	
752	3.7600	8		10	
753	3.7650	8		11	
754	3.7700	7		11	
755	3.7750	7		12	
756	3.7800	6		12	
757	3.7850	6		13	
758	3.7900	5		14	
759	3.7950	4		14	
760	3.8000	4		14	
761	3.8050	3		15	
762	3.8100	2		15	
763	3.8150	2		16	
764	3.8200	2		16	
765	3.8250	1		16	
766	3.8300	0		17	
767	3.8350	0		17	
768	3.8400	0		18	
769	3.8450	-1		18	
770	3.8500	-2		18	
771	3.8550	-2		18	
772	3.8600	-2		19	
773	3.8650	-3		19	
774	3.8700	-4		19	
775	3.8750	-4		20	
776	3.8800	-4		20	
777	3.8850	-5		20	
778	3.8900	-5		20	
779	3.8950	-6		20	
780	3.9000	-6		20	
781	3.9050	-6		20	
782	3.9100	-6		20	
783	3.9150	-7		20	
784	3.9200	-7		20	
785	3.9250	-7		20	
786	3.9300	-8		20	
787	3.9350	-8		20	
788	3.9400	-8		20	
789	3.9450	-8		20	
790	3.9500	-8		20	
791	3.9550	-8		20	
792	3.9600	-8		20	
793	3.9650	-8		19	
794	3.9700	-8		19	
795	3.9750	-8		19	
796	3.9800	-8		18	
797	3.9850	-8		18	
798	3.9900	-8		18	
799	3.9950	-8		18	
800	4.0000	-8		18	
801	4.0050	-8		17	
802	4.0100	-8		17	
803	4.0150	-8		16	
804	4.0200	-8		16	
805	4.0250	-8		16	
806	4.0300	-8		15	
807	4.0350	-7		15	
808	4.0400	-7		14	
809	4.0450	-7		14	
810	4.0500	-6		13	
811	4.0550	-6		13	
812	4.0600	-6		12	
813	4.0650	-5		12	
814	4.0700	-5		11	
815	4.0750	-4		11	
816	4.0800	-4		10	
817	4.0850	-4		10	
818	4.0900	-3		9	
819	4.0950	-3		9	
820	4.1000	-2		8	
821	4.1050	-2		8	
822	4.1100	-1		7	
823	4.1150	-1		6	
824	4.1200	0		6	
825	4.1250	0		5	
826	4.1300	1		5	
827	4.1350	1		4	
828	4.1400	2		4	
829	4.1450	2		3	
830	4.1500	3		2	
831	4.1550	4		2	
832	4.1600	4		1	
833	4.1650	5		1	
834	4.1700	6		0	
835	4.1750	6		0	
836	4.1800	6		-1	
837	4.1850	7		-1	
838	4.1900	8		-2	
839	4.1950	8		-2	
840	4.2000	9		-3	
841	4.2050	10		-4	
842	4.2100	10		-4	
843	4.2150	10		-4	
844	4.2200	11		-5	
845	4.2250	12		-5	
846	4.2300	12		-6	
847	4.2350	13		-6	
848	4.2400	14		-6	
849	4.2450	14		-7	
850	4.2500	14		-7	
851	4.2550	15		-8	
852	4.2600	16		-8	
853	4.2650	16		-8	
854	4.2700	16		-8	
855	4.2750	17		-8	
856	4.2800	17		-9	
857	4.2850	18		-9	
858	4.2900	18		-9	
859	4.2950	18		-10	
860	4.3000	19		-10	
861	4.3050	19		-10	
862	4.3100	20		-10	
863	4.3150	20		-10	
864	4.3200	20		-10	
865	4.3250	20		-10	
866	4.3300	21		-10	
867	4.3350	21		-10	
868	4.3400	21		-10	
869	4.3450	21		-10	
870	4.3500	22		-10	
871	4.3550	22		-10	
872	4.3600	22		-10	
873	4.3650	22		-10	
874	4.3700	22		-10	
875	4.3750	22		-9	
876	4.3800	22		-9	
877	4.3850	22		-9	
878	4.3900	22		-9	
879	4.3950	22		-8	
880	4.4000	22		-8	
881	4.4050	22		-8	
882	4.4100	22		-8	
883	4.4150	22		-7	
884	4.4200	22		-7	
885	4.4250	22		-6	
886	4.4300	22		-6	
887	4.4350	21		-6	
888	4.4400	21		-5	
889	4.4450	21		-5	
890	4.4500	20		-4	
891	4.4550	20		-4	
892	4.4600	20		-4	
893	4.4650	20		-3	
894	4.4700	19		-2	
895	4.4750	19		-2	
896	4.4800	18		-2	
897	4.4850	18		-1	
898	4.4900	18		0	
899	4.4950	18		0	
900	4.5000	17		1	
901	4.5050	16		2	
902	4.5100	16		2	
903	4.5150	16		2	
904	4.5200	15		3	
905	4.5250	14		4	
906	4.5300	14		4	
907	4.5350	14		5	
908	4.5400	13		6	
909	4.5450	12		6	
910	4.5500	12		7	
911	4.5550	12		7	
912	4.5600	11		8	
913	4.5650	10		8	
914	4.5700	10		9	
915	4.5750	9		10	
916	4.5800	9		10	
917	4.5850	8		10	
918	4.5900	8		11	
919	4.5950	7		12	
920	4.6000	6		12	
921	4.6050	6		13	
922	4.6100	5		13	
923	4.6150	4		14	
924	4.6200	4		14	
925	4.6250	3		15	
926	4.6300	3		15	
927	4.6350	2		16	
928	4.6400	2		16	
929	4.6450	1		16	
930	4.6500	1		17	
931	4.6550	0		17	
932	4.6600	0		18	
933	4.6650	-1		18	
934	4.6700	-1		18	
935	4.6750	-2		18	
936	4.6800	-2		19	
937	4.6850	-3		19	
938	4.6900	-3		19	
939	4.6950	-4		20	
940	4.7000	-4		20	
941	4.7050	-4		20	
942	4.7100	-5		20	
943	4.7150	-5		20	
944	4.7200	-6		20	
945	4.7250	-6		20	
946	4.7300	-6		20	
947	4.7350	-6		20	
948	4.7400	-7		20	
949	4.7450	-7		20	
950	4.7500	-7		20	
951	4.7550	-8		20	
952	4.7600	-8		20	
953	4.7650	-8		20	
954	4.7700	-8		20	
955	4.7750	-8		20	
956	4.7800	-8		20	
957	4.7850	-8		20	
958	4.7900	-8		19	
959	4.7950	-8		19	
960	4.8000	-8		19	
961	4.8050	-8		18	
962	4.8100	-8		18	
963	4.8150	-8		18	
964	4.8200	-8		18	
965	4.8250	-8		17	
966	4.8300	-8		17	
967	4.8350	-8		16	
968	4.8400	-8		16	
969	4.8450	-8		16	
970	4.8500	-8		15	
971	4.8550	-7		15	
972	4.8600	-7		14	
973	4.8650	-7		14	
974	4.8700	-6		14	
975	4.8750	-6		13	
976	4.8800	-6		12	
977	4.8850	-6		12	
978	4.8900	-5		12	
979	4.8950	-5		11	
980	4.9000	-4		10	
981	4.9050	-4		10	
982	4.9100	-3		10	
983	4.9150	-3		9	
984	4.9200	-2		8	
985	4.9250	-2		8	
986	4.9300	-2		7	
987	4.9350	-1		7	
988	4.9400	0		6	
989	4.9450	0		6	
990	4.9500	0		5	
991	4.9550	1		4	
992	4.9600	2		4	
993	4.9650	2		3	
994	4.9700	3		3	
995	4.9750	3		2	
996	4.9800	4		2	
997	4.9850	4		1	
998	4.9900	5		0	
999	4.9950	6		0	
1000	5.0000	6		0	
1001	5.0050	7		-1	
1002	5.0100	8		-2	
1003	5.0150	8		-2	
1004	5.0200	8		-3	
1005	5.0250	9		-3	
1006	5.0300	10		-4	
1007	5.0350	10		-4	
1008	5.0400	11		-4	
1009	5.0450	12		-5	
1010	5.0500	12		-6	
1011	5.0550	12		-6	
1012	5.0600	13		-6	
1013	5.0650	14		-6	
1014	5.0700	14		-7	
1015	5.0750	15		-7	
1016	5.0800	15		-8	
1017	5.0850	16		-8	
1018	5.0900	16		-8	
1019	5.0950	16		-8	
1020	5.1000	17		-9	
1021	5.1050	18		-9	
1022	5.1100	18		-9	
1023	5.1150	18		-10	
1024	5.1200	18		-10	
1025	5.1250	19		-10	
1026	5.1300	19		-10	
1027	5.1350	20		-10	
1028	5.1400	20		-10	
1029	5.1450	20		-10	
1030	5.1500	20		-10	
1031	5.1550	21		-10	
1032	5.1600	21		-10	
1033	5.1650	21		-10	
1034	5.1700	22		-10	
1035	5.1750	22		-10	
1036	5.1800	22		-10	
1037	5.1850	22		-10	
1038	5.1900	22		-10	
1039	5.1950	22		-10	
1040	5.2000	22		-9	
1041	5.2050	22		-9	
1042	5.2100	22		-9	
1043	5.2150	22		-8	
1044	5.2200	22		-8	
1045	5.2250	22		-8	
1046	5.2300	22		-8	
1047	5.2350	22		-8	
1048	5.2400	22		-7	
1049	5.2450	22		-7	
1050	5.2500	22		-6	
1051	5.2550	22		-6	
1052	5.2600	21		-6	
1053	5.2650	21		-5	
1054	5.2700	21		-4	
1055	5.2750	20		-4	
1056	5.2800	20		-4	
1057	5.2850	20		-3	
1058	5.2900	19		-3	
1059	5.2950	19		-2	
1060	5.3000	19		-2	
1061	5.3050	18		-1	
1062	5.3100	18		-1	
1063	5.3150	18		0	
1064	5.3200	17		0	
1065	5.3250	17		1	
1066	5.3300	16		2	
1067	5.3350	16		2	
1068	5.3400	16		3	
1069	5.3450	15		3	
1070	5.3500	14		4	
1071	5.3550	14		4	
1072	5.3600	13		5	
1073	5.3650	13		6	
1074	5.3700	12		6	
1075	5.3750	12		7	
1076	5.3800	11		8	
1077	5.3850	11		8	
1078	5.3900	10		8	
1079	5.3950	10		9	
1080	5.4000	9		10	
1081	5.4050	8		10	
1082	5.4100	8		11	
1083	5.4150	7		12	
1084	5.4200	7		12	
1085	5.4250	6		12	
1086	5.4300	6		13	
1087	5.4350	5		14	
1088	5.4400	4		14	
1089	5.4450	4		14	
1090	5.4500	3		15	
1091	5.4550	2		15	
1092	5.4600	2		16	
1093	5.4650	2		16	
1094	5.4700	1		16	
1095	5.4750	0		17	
1096	5.4800	0		17	
1097	5.4850	0		18	
1098	5.4900	-1		18	
1099	5.4950	-2		18	
1100	5.5000	-2		18	
1101	5.5050	-2		19	
1102	5.5100	-3		19	
1103	5.5150	-4		19	
1104	5.5200	-4		20	
1105	5.5250	-4		20	
1106	5.5300	-5		20	
1107	5.5350	-5		20	
1108	5.5400	-6		20	
1109	5.5450	-6		20	
1110	5.5500	-6		20	
1111	5.5550	-6		20	
1112	5.5600	-7		20	
1113	5.5650	-7		20	
1114	5.5700	-7		20	
1115	5.5750	-8		20	
1116	5.5800	-8		20	
1117	5.5850	-8		20	
1118	5.5900	-8		20	
1119	5.5950	-8		20	
1120	5.6000	-8		20	
1121	5.6050	-8		20	
1122	5.6100	-8		19	
1123	5.6150	-8		19	
1124	5.6200	-8		19	
1125	5.6250	-8		18	
1126	5.6300	-8		18	
1127	5.6350	-8		18	
1128	5.6400	-8		18	
1129	5.6450	-8		18	
1130	5.6500	-8		17	
1131	5.6550	-8		17	
1132	5.6600	-8		16	
1133	5.6650	-8		16	
1134	5.6700	-8		16	
1135	5.6750	-8		15	
1136	5.6800	-7		15	
1137	5.6850	-7		14	
1138	5.6900	-7		14	
1139	5.6950	-6		13	
1140	5.7000	-6		13	
1141	5.7050	-6		12	
1142	5.7100	-5		12	
1143	5.7150	-5		11	
1144	5.7200	-4		11	
1145	5.7250	-4		10	
1146	5.7300	-4		10	
1147	5.7350	-3		9	
1148	5.7400	-3		8	
1149	5.7450	-2		8	
1150	5.7500	-2		8	
1151	5.7550	-1		7	
1152	5.7600	-1		6	
1153	5.7650	0		6	
1154	5.7700	0		5	
1155	5.7750	1		5	
1156	5.7800	1		4	
1157	5.7850	2		4	
1158	5.7900	2		3	
1159	5.7950	3		2	
1160	5.8000	4		2	
1161	5.8050	4		1	
1162	5.8100	5		1	
1163	5.8150	6		0	
1164	5.8200	6		0	
1165	5.8250	7		-1	
1166	5.8300	7		-2	
1167	5.8350	8		-2	
1168	5.8400	8		-2	
1169	5.8450	9		-3	
1170	5.8500	10		-4	
1171	5.8550	10		-4	
1172	5.8600	10		-4	
1173	5.8650	11		-5	
1174	5.8700	12		-5	
1175	5.8750	12		-6	
1176	5.8800	13		-6	
1177	5.8850	14		-6	
1178	5.8900	14		-7	
1179	5.8950	14		-7	
1180	5.9000	15		-8	
1181	5.9050	16		-8	
1182	5.9100	16		-8	
1183	5.9150	16		-8	
1184	5.9200	17		-9	
1185	5.9250	17		-9	
1186	5.9300	18		-9	
1187	5.9350	18		-10	
1188	5.9400	18		-10	
1189	5.9450	19		-10	
1190	5.9500	19		-10	
1191	5.9550	20		-10	
1192	5.9600	20		-10	
1193	5.9650	20		-10	
1194	5.9700	20		-10	
1195	5.9750	21		-10	
1196	5.9800	21		-10	
1197	5.9850	21		-10	
1198	5.9900	21		-10	
1199	5.9950	22		-10	
1200	6.0000	22		-10	
1201	6.0050	22		-10	
1202	6.0100	22		-10	
1203	6.0150	22		-10	
1204	6.0200	22		-10	
1205	6.0250	22		-9	
1206	6.0300	22		-9	
1207	6.0350	22		-9	
1208	6.0400	22		-8	
1209	6.0450	22		-8	
1210	6.0500	22		-8	
1211	6.0550	22		-8	
1212	6.0600	22		-7	
1213	6.0650	22		-7	
1214	6.0700	22		-6	
1215	6.0750	22		-6	
1216	6.0800	21		-6	
1217	6.0850	21		-6	
1218	6.0900	21		-5	
1219	6.0950	20		-4	
1220	6.1000	20		-4	
1221	6.1050	20		-4	
1222	6.1100	20		-3	
1223	6.1150	19		-2	
1224	6.1200	19		-2	
1225	6.1250	18		-2	
1226	6.1300	18		-1	
1227	6.1350	18		0	
1228	6.1400	18		0	
1229	6.1450	17		1	
1230	6.1500	16		1	
1231	6.1550	16		2	
1232	6.1600	16		2	
1233	6.1650	15		3	
1234	6.1700	15		4	
1235	6.1750	14		4	
1236	6.1800	14		5	
1237	6.1850	13		5	
1238	6.1900	12		6	
1239	6.1950	12		6	
1240	6.2000	12		7	
1241	6.2050	11		8	
1242	6.2100	10		8	
1243	6.2150	10		9	
1244	6.2200	9		10	
1245	6.2250	9		10	
1246	6.2300	8		10	
1247	6.2350	8		11	
1248	6.2400	7		12	
1249	6.2450	6		12	
1250	6.2500	6		13	
1251	6.2550	5		13	
1252	6.2600	4		14	
1253	6.2650	4		14	
1254	6.2700	3		14	
1255	6.2750	3		15	
1256	6.2800	2		16	
1257	6.2850	2		16	
1258	6.2900	1		16	
1259	6.2950	1		17	
1260	6.3000	0		17	
1261	6.3050	0		18	
1262	6.3100	-1		18	
1263	6.3150	-1		18	
1264	6.3200	-2		18	
1265	6.3250	-2		19	
1266	6.3300	-3		19	
1267	6.3350	-3		19	
1268	6.3400	-4		20	
1269	6.3450	-4		20	
1270	6.3500	-4		20	
1271	6.3550	-5		20	
1272	6.3600	-5		20	
1273	6.3650	-6		20	
1274	6.3700	-6		20	
1275	6.3750	-6		20	
1276	6.3800	-6		20	
1277	6.3850	-7		20	
1278	6.3900	-7		20	
1279	6.3950	-7		20	
1280	6.4000	-8		20	
1281	6.4050	-8		20	
1282	6.4100	-8		20	
1283	6.4150	-8		20	
1284	6.4200	-8		20	
1285	6.4250	-8		20	
1286	6.4300	-8		20	
1287	6.4350	-8		19	
1288	6.4400	-8		19	
1289	6.4450	-8		19	
1290	6.4500	-8		18	
1291	6.4550	-8		18	
1292	6.4600	-8		18	
1293	6.4650	-8		18	
1294	6.4700	-8		17	
1295	6.4750	-8		17	
1296	6.4800	-8		16	
1297	6.4850	-8		16	
1298	6.4900	-8		16	
1299	6.4950	-8		16	
1300	6.5000	-7		15	
1301	6.5050	-7		14	
1302	6.5100	-7		14	
1303	6.5150	-6		14	
1304	6.5200	-6		13	
1305	6.5250	-6		13	
1306	6.5300	-6		12	
1307	6.5350	-5		12	
1308	6.5400	-4		11	
1309	6.5450	-4		11	
1310	6.5500	-4		10	
1311	6.5550	-3		10	
1312	6.5600	-3		9	
1313	6.5650	-2		8	
1314	6.5700	-2		8	
1315	6.5750	-2		8	
1316	6.5800	-1		7	
1317	6.5850	0		6	
1318	6.5900	0		6	
1319	6.5950	0		5	
1320	6.6000	1		4	
1321	6.6050	2		4	
1322	6.6100	2		4	
1323	6.6150	3		3	
1324	6.6200	4		2	
1325	6.6250	4		2	
1326	6.6300	4		1	
1327	6.6350	5		0	
1328	6.6400	6		0	
1329	6.6450	6		0	
1330	6.6500	7		-1	
1331	6.6550	8		-2	
1332	6.6600	8		-2	
1333	6.6650	8		-2	
1334	6.6700	9		-3	
1335	6.6750	10		-4	
1336	6.6800	10		-4	
1337	6.6850	11		-4	
1338	6.6900	12		-5	
1339	6.6950	12		-5	
1340	6.7000	12		-6	
1341	6.7050	13		-6	
1342	6.7100	14		-6	
1343	6.7150	14		-7	
1344	6.7200	15		-7	
1345	6.7250	15		-8	
1346	6.7300	16		-8	
1347	6.7350	16		-8	
1348	6.7400	17		-8	
1349	6.7450	17		-9	
1350	6.7500	18		-9	
1351	6.7550	18		-9	
1352	6.7600	18		-9	
1353	6.7650	18		-10	
1354	6.7700	19		-10	
1355	6.7750	19		-10	
1356	6.7800	20		-10	
1357	6.7850	20		-10	
1358	6.7900	20		-10	
1359	6.7950	20		-10	
1360	6.8000	21		-10	
1361	6.8050	21		-10	
1362	6.8100	21		-10	
1363	6.8150	22		-10	
1364	6.8200	22		-10	
1365	6.8250	22		-10	
1366	6.8300	22		-10	
1367	6.8350	22		-10	
1368	6.8400	22		-10	
1369	6.8450	22		-9	
1370	6.8500	22		-9	
1371	6.8550	22		-9	
1372	6.8600	22		-8	
1373	6.8650	22		-8	
1374	6.8700	22		-8	
1375	6.8750	22		-8	
1376	6.8800	22		-8	
1377	6.8850	22		-7	
1378	6.8900	22		-7	
1379	6.8950	22		-6	
1380	6.9000	22		-6	
1381	6.9050	21		-6	
1382	6.9100	21		-5	
1383	6.9150	21		-4	
1384	6.9200	20		-4	
1385	6.9250	20		-4	
1386	6.9300	20		-3	
1387	6.9350	19		-3	
1388	6.9400	19		-2	
1389	6.9450	19		-2	
1390	6.9500	18		-1	
1391	6.9550	18		-1	
1392	6.9600	18		0	
1393	6.9650	17		0	
1394	6.9700	17		1	
1395	6.9750	16		2	
1396	6.9800	16		2	
1397	6.9850	16		3	
1398	6.9900	15		3	
1399	6.9950	14		4	
1400	7.0000	14		4	
1401	7.0050	13		5	
1402	7.0100	13		6	
1403	7.0150	12		6	
1404	7.0200	12		7	
1405	7.0250	11		8	
1406	7.0300	10		8	
1407	7.0350	10		8	
1408	7.0400	10		9	
1409	7.0450	9		10	
1410	7.0500	8		10	
1411	7.0550	8		11	
1412	7.0600	7		11	
1413	7.0650	7		12	
1414	7.0700	6		12	
1415	7.0750	6		13	
1416	7.0800	5		13	
1417	7.0850	4		14	
1418	7.0900	4		14	
1419	7.0950	3		15	
1420	7.1000	2		15	
1421	7.1050	2		16	
1422	7.1100	1		16	
1423	7.1150	1		16	
1424	7.1200	0		17	
1425	7.1250	0		17	
1426	7.1300	-1		18	
1427	7.1350	-1		18	
1428	7.1400	-2		18	
1429	7.1450	-2		18	
1430	7.1500	-2		19	
1431	7.1550	-3		19	
1432	7.1600	-4		19	
1433	7.1650	-4		20	
1434	7.1700	-4		20	
1435	7.1750	-5		20	
1436	7.1800	-5		20	
1437	7.1850	-6		20	
1438	7.1900	-6		20	
1439	7.1950	-6		20	
1440	7.2000	-6		20	
1441	7.2050	-7		20	
1442	7.2100	-7		20	
1443	7.2150	-7		20	
1444	7.2200	-8		20	
1445	7.2250	-8		20	
1446	7.2300	-8		20	
1447	7.2350	-8		20	
1448	7.2400	-8		20	
1449	7.2450	-8		20	
1450	7.2500	-8		20	
1451	7.2550	-8		19	
1452	7.2600	-8		19	
1453	7.2650	-8		19	
1454	7.2700	-8		18	
1455	7.2750	-8		18	
1456	7.2800	-8		18	
1457	7.2850	-8		18	
1458	7.2900	-8		18	
1459	7.2950	-8		17	
1460	7.3000	-8		17	
1461	7.3050	-8		16	
1462	7.3100	-8		16	
1463	7.3150	-8		16	
1464	7.3200	-8		15	
1465	7.3250	-7		15	
1466	7.3300	-7		14	
1467	7.3350	-7		14	
1468	7.3400	-6		13	
1469	7.3450	-6		13	
1470	7.3500	-6		12	
1471	7.3550	-5		12	
1472	7.3600	-5		11	
1473	7.3650	-4		11	
1474	7.3700	-4		10	
1475	7.3750	-4		10	
1476	7.3800	-3		9	
1477	7.3850	-3		9	
1478	7.3900	-2		8	
1479	7.3950	-2		8	
1480	7.4000	-1		7	
1481	7.4050	-1		6	
1482	7.4100	0		6	
1483	7.4150	0		5	
1484	7.4200	1		5	
1485	7.4250	1		4	
1486	7.4300	2		4	
1487	7.4350	2		3	
1488	7.4400	3		2	
1489	7.4450	4		2	
1490	7.4500	4		2	
1491	7.4550	5		1	
1492	7.4600	6		0	
1493	7.4650	6		0	
1494	7.4700	7		-1	
1495	7.4750	7		-1	
1496	7.4800	8		-2	
1497	7.4850	8		-2	
1498	7.4900	9		-3	
1499	7.4950	10		-3	
1500	7.5000	10		-4	
1501	7.5050	11		-4	
1502	7.5100	11		-5	
1503	7.5150	12		-5	
1504	7.5200	12		-6	
1505	7.5250	13		-6	
1506	7.5300	14		-6	
1507	7.5350	14		-7	
1508	7.5400	14		-7	
1509	7.5450	15		-8	
1510	7.5500	16		-8	
1511	7.5550	16		-8	
1512	7.5600	16		-8	
1513	7.5650	17		-8	
1514	7.5700	17		-9	
1515	7.5750	18		-9	
1516	7.5800	18		-9	
1517	7.5850	18		-10	
1518	7.5900	19		-10	
1519	7.5950	19		-10	
1520	7.6000	20		-10	
1521	7.6050	20		-10	
1522	7.6100	20		-10	
1523	7.6150	20		-10	
1524	7.6200	21		-10	
1525	7.6250	21		-10	
1526	7.6300	21		-10	
1527	7.6350	22		-10	
1528	7.6400	22		-10	
1529	7.6450	22		-10	
1530	7.6500	22		-10	
1531	7.6550	22		-10	
1532	7.6600	22		-10	
1533	7.6650	22		-9	
1534	7.6700	22		-9	
1535	7.6750	22		-9	
1536	7.6800	22		-8	
1537	7.6850	22		-8	
1538	7.6900	22		-8	
1539	7.6950	22		-8	
1540	7.7000	22		-8	
1541	7.7050	22		-7	
1542	7.7100	22		-7	
1543	7.7150	22		-6	
1544	7.7200	22		-6	
1545	7.7250	21		-6	
1546	7.7300	21		-5	
1547	7.7350	21		-5	
1548	7.7400	20		-4	
1549	7.7450	20		-4	
1550	7.7500	20		-3	
1551	7.7550	20		-3	
1552	7.7600	19		-2	
1553	7.7650	19		-2	
1554	7.7700	18		-2	
1555	7.7750	18		-1	
1556	7.7800	18		0	
1557	7.7850	18		0	
1558	7.7900	17		1	
1559	7.7950	16		2	
1560	7.8000	16		2	
1561	7.8050	16		2	
1562	7.8100	15		3	
1563	7.8150	14		4	
1564	7.8200	14		4	
1565	7.8250	14		5	
1566	7.8300	13		6	
1567	7.8350	12		6	
1568	7.8400	12		7	
1569	7.8450	11		7	
1570	7.8500	11		8	
1571	7.8550	10		8	
1572	7.8600	10		9	
1573	7.8650	9		10	
1574	7.8700	9		10	
1575	7.8750	8		10	
1576	7.8800	8		11	
1577	7.8850	7		12	
1578	7.8900	6		12	
1579	7.8950	6		13	
1580	7.9000	5		13	
1581	7.9050	4		14	
1582	7.9100	4		14	
1583	7.9150	3		15	
1584	7.9200	3		15	
1585	7.9250	2		16	
1586	7.9300	2		16	
1587	7.9350	1		16	
1588	7.9400	0		17	
1589	7.9450	0		17	
1590	7.9500	0		18	
1591	7.9550	-1		18	
1592	7.9600	-1		18	
1593	7.9650	-2		18	
1594	7.9700	-2		19	
1595	7.9750	-3		19	
1596	7.9800	-3		19	
1597	7.9850	-4		20	
1598	7.9900	-4		20	
1599	7.9950	-4		20	
1600	8.0000	-5		20	
1601	8.0050	-5		20	
1602	8.0100	-6		20	
1603	8.0150	-6		20	
1604	8.0200	-6		20	
1605	8.0250	-6		20	
1606	8.0300	-7		20	
1607	8.0350	-7		20	
1608	8.0400	-7		20	
1609	8.0450	-8		20	
1610	8.0500	-8		20	
1611	8.0550	-8		20	
1612	8.0600	-8		20	
1613	8.0650	-8		20	
1614	8.0700	-8		20	
1615	8.0750	-8		19	
1616	8.0800	-8		19	
1617	8.0850	-8		19	
1618	8.0900	-8		18	
1619	8.0950	-8		18	
1620	8.1000	-8		18	
1621	8.1050	-8		18	
1622	8.1100	-8		18	
1623	8.1150	-8		17	
1624	8.1200	-8		17	
1625	8.1250	-8		16	
1626	8.1300	-8		16	
1627	8.1350	-8		16	
1628	8.1400	-8		15	
1629	8.1450	-7		15	
1630	8.1500	-7		14	
1631	8.1550	-7		14	
1632	8.1600	-6		13	
1633	8.1650	-6		13	
1634	8.1700	-6		12	
1635	8.1750	-6		12	
1636	8.1800	-5		12	
1637	8.1850	-4		11	
1638	8.1900	-4		10	
1639	8.1950	-4		10	
1640	8.2000	-3		9	
1641	8.2050	-3		9	
1642	8.2100	-2		8	
1643	8.2150	-2		8	
1644	8.2200	-2		7	
1645	8.2250	-1		6	
1646	8.2300	0		6	
1647	8.2350	0		5	
1648	8.2400	0		5	
1649	8.2450	1		4	
1650	8.2500	2		4	
1651	8.2550	2		3	
1652	8.2600	3		2	
1653	8.2650	4		2	
1654	8.2700	4		2	
1655	8.2750	5		1	
1656	8.2800	5		0	
1657	8.2850	6		0	
1658	8.2900	6		-1	
1659	8.2950	7		-1	
1660	8.3000	8		-2	
1661	8.3050	8		-2	
1662	8.3100	8		-3	
1663	8.3150	9		-4	
1664	8.3200	10		-4	
1665	8.3250	10		-4	
1666	8.3300	11		-5	
1667	8.3350	12		-5	
1668	8.3400	12		-6	
1669	8.3450	13		-6	
1670	8.3500	13		-6	
1671	8.3550	14		-7	
1672	8.3600	14		-7	
1673	8.3650	15		-8	
1674	8.3700	15		-8	
1675	8.3750	16		-8	
1676	8.3800	16		-8	
1677	8.3850	17		-9	
1678	8.3900	17		-9	
1679	8.3950	18		-9	
1680	8.4000	18		-9	
1681	8.4050	18		-10	
1682	8.4100	18		-10	
1683	8.4150	19		-10	
1684	8.4200	19		-10	
1685	8.4250	20		-10	
1686	8.4300	20		-10	
1687	8.4350	20		-10	
1688	8.4400	20		-10	
1689	8.4450	21		-10	
1690	8.4500	21		-10	
1691	8.4550	21		-10	
1692	8.4600	22		-10	
1693	8.4650	22		-10	
1694	8.4700	22		-10	
1695	8.4750	22		-10	
1696	8.4800	22		-10	
1697	8.4850	22		-10	
1698	8.4900	22		-9	
1699	8.4950	22		-9	
1700	8.5000	22		-9	
1701	8.5050	22		-8	
1702	8.5100	22		-8	
1703	8.5150	22		-8	
1704	8.5200	22		-8	
1705	8.5250	22		-8	
1706	8.5300	22		-7	
1707	8.5350	22		-7	
1708	8.5400	22		-6	
1709	8.5450	22		-6	
1710	8.5500	21		-6	
1711	8.5550	21		-5	
1712	8.5600	21		-4	
1713	8.5650	20		-4	
1714	8.5700	20		-4	
1715	8.5750	20		-3	
1716	8.5800	19		-3	
1717	8.5850	19		-2	
1718	8.5900	19		-2	
1719	8.5950	18		-1	
1720	8.6000	18		0	
1721	8.6050	18		0	
1722	8.6100	17		0	
1723	8.6150	17		1	
1724	8.6200	16		2	
1725	8.6250	16		2	
1726	8.6300	15		3	
1727	8.6350	15		4	
1728	8.6400	14		4	
1729	8.6450	14		5	
1730	8.6500	13		5	
1731	8.6550	13		6	
1732	8.6600	12		6	
1733	8.6650	12		7	
1734	8.6700	11		8	
1735	8.6750	10		8	
1736	8.6800	10		9	
1737	8.6850	10		9	
1738	8.6900	9		10	
1739	8.6950	8		10	
1740	8.7000	8		11	
1741	8.7050	7		12	
1742	8.7100	6		12	
1743	8.7150	6		13	
1744	8.7200	6		13	
1745	8.7250	5		14	
1746	8.7300	4		14	
1747	8.7350	4		14	
1748	8.7400	3		15	
1749	8.7450	2		16	
1750	8.7500	2		16	
1751	8.7550	2		16	
1752	8.7600	1		17	
1753	8.7650	0		17	
1754	8.7700	0		18	
1755	8.7750	0		18	
1756	8.7800	-1		18	
1757	8.7850	-2		18	
1758	8.7900	-2		19	
1759	8.7950	-2		19	
1760	8.8000	-3		19	
1761	8.8050	-4		20	
1762	8.8100	-4		20	
1763	8.8150	-4		20	
1764	8.8200	-5		20	
1765	8.8250	-5		20	
1766	8.8300	-6		20	
1767	8.8350	-6		20	
1768	8.8400	-6		20	
1769	8.8450	-6		20	
1770	8.8500	-7		20	
1771	8.8550	-7		20	
1772	8.8600	-7		20	
1773	8.8650	-8		20	
1774	8.8700	-8		20	
1775	8.8750	-8		20	
1776	8.8800	-8		20	
1777	8.8850	-8		20	
1778	8.8900	-8		20	
1779	8.8950	-8		20	
1780	8.9000	-8		20	
1781	8.9050	-8		19	
1782	8.9100	-8		19	
1783	8.9150	-8		19	
1784	8.9200	-8		18	
1785	8.9250	-8		18	
1786	8.9300	-8		18	
1787	8.9350	-8		18	
1788	8.9400	-8		17	
1789	8.9450	-8		17	
1790	8.9500	-8		16	
1791	8.9550	-8		16	
1792	8.9600	-8		16	
1793	8.9650	-8		15	
1794	8.9700	-7		15	
1795	8.9750	-7		14	
1796	8.9800	-7		14	
1797	8.9850	-6		13	
1798	8.9900	-6		13	
1799	8.9950	-6		12	
1800	9.0000	-5		12	
1801	9.0050	-5		11	
1802	9.0100	-4		11	
1803	9.0150	-4		10	
1804	9.0200	-4		10	
1805	9.0250	-3		9	
1806	9.0300	-3		8	
1807	9.0350	-2		8	
1808	9.0400	-2		8	
1809	9.0450	-1		7	
1810	9.0500	-1		6	
1811	9.0550	0		6	
1812	9.0600	0		5	
1813	9.0650	1		4	
1814	9.0700	1		4	
1815	9.0750	2		4	
1816	9.0800	2		3	
1817	9.0850	3		2	
1818	9.0900	4		2	
1819	9.0950	4		1	
1820	9.1000	5		1	
1821	9.1050	6		0	
1822	9.1100	6		0	
1823	9.1150	7		-1	
1824	9.1200	7		-2	
1825	9.1250	8		-2	
1826	9.1300	8		-2	
1827	9.1350	9		-3	
1828	9.1400	10		-4	
1829	9.1450	10		-4	
1830	9.1500	11		-4	
1831	9.1550	11		-5	
1832	9.1600	12		-5	
1833	9.1650	12		-6	
1834	9.1700	13		-6	
1835	9.1750	14		-6	
1836	9.1800	14		-7	
1837	9.1850	14		-7	
1838	9.1900	15		-8	
1839	9.1950	16		-8	
1840	9.2000	16		-8	
1841	9.2050	16		-8	
1842	9.2100	17		-9	
1843	9.2150	17		-9	
1844	9.2200	18		-9	
1845	9.2250	18		-10	
1846	9.2300	18		-10	
1847	9.2350	19		-10	
1848	9.2400	19		-10	
1849	9.2450	20		-10	
1850	9.2500	20		-10	
1851	9.2550	20		-10	
1852	9.2600	20		-10	
1853	9.2650	21		-10	
1854	9.2700	21		-10	
1855	9.2750	21		-10	
1856	9.2800	22		-10	
1857	9.2850	22		-10	
1858	9.2900	22		-10	
1859	9.2950	22		-10	
1860	9.3000	22		-10	
1861	9.3050	22		-10	
1862	9.3100	22		-10	
1863	9.3150	22		-9	
1864	9.3200	22		-9	
1865	9.3250	22		-9	
1866	9.3300	22		-8	
1867	9.3350	22		-8	
1868	9.3400	22		-8	
1869	9.3450	22		-8	
1870	9.3500	22		-8	
1871	9.3550	22		-7	
1872	9.3600	22		-7	
1873	9.3650	22		-6	
1874	9.3700	21		-6	
1875	9.3750	21		-6	
1876	9.3800	21		-5	
1877	9.3850	20		-4	
1878	9.3900	20		-4	
1879	9.3950	20		-4	
1880	9.4000	20		-3	
1881	9.4050	19		-2	
1882	9.4100	19		-2	
1883	9.4150	18		-2	
1884	9.4200	18		-1	
1885	9.4250	18		0	
1886	9.4300	17		0	
1887	9.4350	17		1	
1888	9.4400	16		1	
1889	9.4450	16		2	
1890	9.4500	16		2	
1891	9.4550	15		3	
1892	9.4600	14		4	
1893	9.4650	14		4	
1894	9.4700	14		5	
1895	9.4750	13		6	
1896	9.4800	12		6	
1897	9.4850	12		6	
1898	9.4900	11		7	
1899	9.4950	11		8	
1900	9.5000	10		8	
1901	9.5050	10		9	
1902	9.5100	9		10	
1903	9.5150	8		10	
1904	9.5200	8		11	
1905	9.5250	8		11	
1906	9.5300	7		12	
1907	9.5350	6		12	
1908	9.5400	6		13	
1909	9.5450	5		13	
1910	9.5500	4		14	
1911	9.5550	4		14	
1912	9.5600	3		15	
1913	9.5650	3		15	
1914	9.5700	2		16	
1915	9.5750	2		16	
1916	9.5800	1		16	
1917	9.5850	0		17	
1918	9.5900	0		17	
1919	9.5950	0		18	
1920	9.6000	-1		18	
1921	9.6050	-1		18	
1922	9.6100	-2		18	
1923	9.6150	-2		19	
1924	9.6200	-3		19	
1925	9.6250	-3		20	
1926	9.6300	-4		20	
1927	9.6350	-4		20	
1928	9.6400	-4		20	
1929	9.6450	-5		20	
1930	9.6500	-5		20	
1931	9.6550	-6		20	
1932	9.6600	-6		20	
1933	9.6650	-6		20	
1934	9.6700	-6		20	
1935	9.6750	-7		20	
1936	9.6800	-7		20	
1937	9.6850	-7		20	
1938	9.6900	-8		20	
1939	9.6950	-8		20	
1940	9.7000	-8		20	
1941	9.7050	-8		20	
1942	9.7100	-8		20	
1943	9.7150	-8		20	
1944	9.7200	-8		20	
1945	9.7250	-8		20	
1946	9.7300	-8		19	
1947	9.7350	-8		19	
1948	9.7400	-8		19	
1949	9.7450	-8		18	
1950	9.7500	-8		18	
1951	9.7550	-8		18	
1952	9.7600	-8		18	
1953	9.7650	-8		17	
1954	9.7700	-8		17	
1955	9.7750	-8		16	
1956	9.7800	-8		16	
1957	9.7850	-8		16	
1958	9.7900	-7		15	
1959	9.7950	-7		14	
1960	9.8000	-7		14	
1961	9.8050	-6		14	
1962	9.8100	-6		13	
1963	9.8150	-6		13	
1964	9.8200	-6		12	
1965	9.8250	-5		12	
1966	9.8300	-4		11	
1967	9.8350	-4		11	
1968	9.8400	-4		10	
1969	9.8450	-3		10	
1970	9.8500	-3		9	
1971	9.8550	-2		8	
1972	9.8600	-2		8	
1973	9.8650	-2		8	
1974	9.8700	-1		7	
1975	9.8750	0		6	
1976	9.8800	0		6	
1977	9.8850	0		5	
1978	9.8900	1		4	
1979	9.8950	2		4	
1980	9.9000	2		4	
1981	9.9050	3		3	
1982	9.9100	4		2	
1983	9.9150	4		2	
1984	9.9200	5		1	
1985	9.9250	5		0	
1986	9.9300	6		0	
1987	9.9350	6		0	
1988	9.9400	7		-1	
1989	9.9450	8		-2	
1990	9.9500	8		-2	
1991	9.9550	9		-3	
1992	9.9600	9		-3	
1993	9.9650	10		-4	
1994	9.9700	10		-4	
1995	9.9750	11		-4	
1996	9.9800	12		-5	
1997	9.9850	12		-6	
1998	9.9900	13		-6	
1999	9.9950	13		-6	
2000	10.0000	14		-7	
