#	time(s)	count A	count B	count C	count D
1	0.0050	34		37	
2	0.0100	34		36	
3	0.0150	34		36	
4	0.0200	34		36	
5	0.0250	33		36	
6	0.0300	33		36	
7	0.0350	32		36	
8	0.0400	32		36	
9	0.0450	32		35	
10	0.0500	32		35	
11	0.0550	32		35	
12	0.0600	31		35	
13	0.0650	30		34	
14	0.0700	30		34	
15	0.0750	30		34	
16	0.0800	29		33	
17	0.0850	29		33	
18	0.0900	28		33	
19	0.0950	28		32	
20	0.1000	27		32	
21	0.1050	27		31	
22	0.1100	26		31	
23	0.1150	26		30	
24	0.1200	25		30	
25	0.1250	25		30	
26	0.1300	24		29	
27	0.1350	24		29	
28	0.1400	23		28	
29	0.1450	22		28	
30	0.1500	22		27	
31	0.1550	21		26	
32	0.1600	20		26	
33	0.1650	20		25	
34	0.1700	19		25	
35	0.1750	19		24	
36	0.1800	18		23	
37	0.1850	18		23	
38	0.1900	17		22	
39	0.1950	16		22	
40	0.2000	16		21	
41	0.2050	14		20	
42	0.2100	14		20	
43	0.2150	13		19	
44	0.2200	12		18	
45	0.2250	12		18	
46	0.2300	11		17	
47	0.2350	10		16	
48	0.2400	10		15	
49	0.2450	9		14	
50	0.2500	8		14	
51	0.2550	8		13	
52	0.2600	7		12	
53	0.2650	6		12	
54	0.2700	6		11	
55	0.2750	5		10	
56	0.2800	4		9	
57	0.2850	4		8	
58	0.2900	2		8	
59	0.2950	2		7	
60	0.3000	1		6	
61	0.3050	0		5	
62	0.3100	0		5	
63	0.3150	-1		4	
64	0.3200	-2		3	
65	0.3250	-2		2	
66	0.3300	-3		2	
67	0.3350	-4		1	
68	0.3400	-4		0	
69	0.3450	-5		-1	
70	0.3500	-6		-2	
71	0.3550	-7		-2	
72	0.3600	-8		-3	
73	0.3650	-8		-4	
74	0.3700	-9		-5	
75	0.3750	-10		-6	
76	0.3800	-10		-6	
77	0.3850	-11		-7	
78	0.3900	-12		-8	
79	0.3950	-12		-8	
80	0.4000	-13		-9	
81	0.4050	-14		-10	
82	0.4100	-14		-11	
83	0.4150	-14		-12	
84	0.4200	-15		-12	
85	0.4250	-16		-13	
86	0.4300	-16		-14	
87	0.4350	-17		-14	
88	0.4400	-18		-15	
89	0.4450	-18		-16	
90	0.4500	-18		-16	
91	0.4550	-19		-17	
92	0.4600	-20		-18	
93	0.4650	-20		-18	
94	0.4700	-20		-19	
95	0.4750	-21		-20	
96	0.4800	-22		-20	
97	0.4850	-22		-21	
98	0.4900	-22		-21	
99	0.4950	-23		-22	
100	0.5000	-23		-22	
101	0.5050	-24		-23	
102	0.5100	-24		-24	
103	0.5150	-24		-24	
104	0.5200	-25		-25	
105	0.5250	-25		-25	
106	0.5300	-26		-26	
107	0.5350	-26		-26	
108	0.5400	-26		-26	
109	0.5450	-26		-27	
110	0.5500	-26		-27	
111	0.5550	-27		-28	
112	0.5600	-27		-28	
113	0.5650	-27		-28	
114	0.5700	-28		-29	
115	0.5750	-28		-29	
116	0.5800	-28		-29	
117	0.5850	-28		-30	
118	0.5900	-28		-30	
119	0.5950	-28		-30	
120	0.6000	-28		-30	
121	0.6050	-28		-31	
122	0.6100	-28		-31	
123	0.6150	-28		-31	
124	0.6200	-28		-31	
125	0.6250	-28		-32	
126	0.6300	-28		-32	
127	0.6350	-28		-32	
128	0.6400	-28		-32	
129	0.6450	-28		-32	
130	0.6500	-28		-32	
131	0.6550	-28		-32	
132	0.6600	-28		-32	
133	0.6650	-28		-32	
134	0.6700	-28		-32	
135	0.6750	-28		-32	
136	0.6800	-28		-32	
137	0.6850	-27		-32	
138	0.6900	-27		-32	
139	0.6950	-26		-32	
140	0.7000	-26		-32	
141	0.7050	-26		-32	
142	0.7100	-26		-32	
143	0.7150	-26		-31	
144	0.7200	-25		-31	
145	0.7250	-25		-31	
146	0.7300	-24		-31	
147	0.7350	-24		-30	
148	0.7400	-24		-30	
149	0.7450	-23		-30	
150	0.7500	-23		-30	
151	0.7550	-22		-29	
152	0.7600	-22		-29	
153	0.7650	-22		-29	
154	0.7700	-21		-28	
155	0.7750	-20		-28	
156	0.7800	-20		-28	
157	0.7850	-20		-27	
158	0.7900	-19		-27	
159	0.7950	-18		-26	
160	0.8000	-18		-26	
161	0.8050	-17		-26	
162	0.8100	-17		-25	
163	0.8150	-16		-24	
164	0.8200	-16		-24	
165	0.8250	-15		-24	
166	0.8300	-14		-23	
167	0.8350	-14		-22	
168	0.8400	-13		-22	
169	0.8450	-12		-21	
170	0.8500	-12		-21	
171	0.8550	-11		-20	
172	0.8600	-10		-20	
173	0.8650	-10		-19	
174	0.8700	-9		-18	
175	0.8750	-8		-18	
176	0.8800	-8		-17	
177	0.8850	-7		-17	
178	0.8900	-6		-16	
179	0.8950	-6		-15	
180	0.9000	-4		-15	
181	0.9050	-4		-14	
182	0.9100	-3		-13	
183	0.9150	-2		-12	
184	0.9200	-2		-12	
185	0.9250	-1		-11	
186	0.9300	0		-10	
187	0.9350	0		-10	
188	0.9400	2		-9	
189	0.9450	2		-8	
190	0.9500	3		-8	
191	0.9550	4		-7	
192	0.9600	4		-6	
193	0.9650	5		-5	
194	0.9700	6		-4	
195	0.9750	7		-4	
196	0.9800	8		-3	
197	0.9850	8		-2	
198	0.9900	9		-1	
199	0.9950	10		-1	
200	1.0000	10		0	
201	1.0050	11		1	
202	1.0100	12		2	
203	1.0150	12		2	
204	1.0200	13		3	
205	1.0250	14		4	
206	1.0300	15		5	
207	1.0350	16		6	
208	1.0400	16		6	
209	1.0450	17		7	
210	1.0500	18		8	
211	1.0550	18		9	
212	1.0600	19		10	
213	1.0650	20		10	
214	1.0700	20		11	
215	1.0750	21		12	
216	1.0800	22		12	
217	1.0850	22		13	
218	1.0900	22		14	
219	1.0950	23		15	
220	1.1000	24		15	
221	1.1050	24		16	
222	1.1100	25		17	
223	1.1150	26		18	
224	1.1200	26		18	
225	1.1250	26		19	
226	1.1300	27		20	
227	1.1350	28		20	
228	1.1400	28		21	
229	1.1450	28		22	
230	1.1500	29		22	
231	1.1550	29		23	
232	1.1600	30		24	
233	1.1650	30		24	
234	1.1700	30		25	
235	1.1750	31		25	
236	1.1800	31		26	
237	1.1850	32		27	
238	1.1900	32		27	
239	1.1950	32		28	
240	1.2000	33		28	
241	1.2050	33		29	
242	1.2100	33		29	
243	1.2150	34		30	
244	1.2200	34		30	
245	1.2250	34		31	
246	1.2300	34		31	
247	1.2350	34		32	
248	1.2400	34		32	
249	1.2450	35		32	
250	1.2500	35		33	
251	1.2550	35		33	
252	1.2600	35		33	
253	1.2650	36		34	
254	1.2700	36		34	
255	1.2750	36		34	
256	1.2800	36		35	
257	1.2850	36		35	
258	1.2900	36		35	
259	1.2950	36		35	
260	1.3000	36		36	
261	1.3050	36		36	
262	1.3100	36		36	
263	1.3150	36		36	
264	1.3200	36		36	
265	1.3250	36		36	
266	1.3300	36		36	
267	1.3350	36		36	
268	1.3400	36		36	
269	1.3450	35		36	
270	1.3500	35		36	
271	1.3550	35		36	
272	1.3600	35		36	
273	1.3650	34		36	
274	1.3700	34		36	
275	1.3750	34		36	
276	1.3800	34		36	
277	1.3850	34		36	
278	1.3900	33		36	
279	1.3950	33		36	
280	1.4000	32		36	
281	1.4050	32		35	
282	1.4100	32		35	
283	1.4150	32		35	
284	1.4200	31		35	
285	1.4250	31		34	
286	1.4300	30		34	
287	1.4350	30		34	
288	1.4400	30		34	
289	1.4450	29		33	
290	1.4500	29		33	
291	1.4550	28		32	
292	1.4600	28		32	
293	1.4650	27		32	
294	1.4700	27		31	
295	1.4750	26		31	
296	1.4800	26		30	
297	1.4850	25		30	
298	1.4900	25		30	
299	1.4950	24		29	
300	1.5000	24		28	
301	1.5050	23		28	
302	1.5100	22		27	
303	1.5150	22		27	
304	1.5200	21		26	
305	1.5250	20		26	
306	1.5300	20		25	
307	1.5350	19		25	
308	1.5400	18		24	
309	1.5450	18		23	
310	1.5500	18		23	
311	1.5550	17		22	
312	1.5600	16		22	
313	1.5650	16		21	
314	1.5700	15		20	
315	1.5750	14		20	
316	1.5800	13		19	
317	1.5850	12		18	
318	1.5900	12		18	
319	1.5950	11		17	
320	1.6000	10		16	
321	1.6050	10		15	
322	1.6100	9		14	
323	1.6150	8		14	
324	1.6200	8		13	
325	1.6250	7		12	
326	1.6300	6		12	
327	1.6350	6		11	
328	1.6400	5		10	
329	1.6450	4		9	
330	1.6500	3		8	
331	1.6550	2		8	
332	1.6600	2		7	
333	1.6650	1		6	
334	1.6700	0		6	
335	1.6750	0		5	
336	1.6800	-1		4	
337	1.6850	-2		3	
338	1.6900	-2		2	
339	1.6950	-3		2	
340	1.7000	-4		1	
341	1.7050	-5		0	
342	1.7100	-6		-1	
343	1.7150	-6		-2	
344	1.7200	-7		-2	
345	1.7250	-8		-3	
346	1.7300	-8		-4	
347	1.7350	-9		-5	
348	1.7400	-10		-6	
349	1.7450	-10		-6	
350	1.7500	-11		-7	
351	1.7550	-12		-8	
352	1.7600	-12		-8	
353	1.7650	-13		-9	
354	1.7700	-14		-10	
355	1.7750	-14		-11	
356	1.7800	-14		-11	
357	1.7850	-15		-12	
358	1.7900	-16		-13	
359	1.7950	-16		-14	
360	1.8000	-17		-14	
361	1.8050	-18		-15	
362	1.8100	-18		-16	
363	1.8150	-19		-16	
364	1.8200	-19		-17	
365	1.8250	-20		-18	
366	1.8300	-20		-18	
367	1.8350	-21		-19	
368	1.8400	-21		-19	
369	1.8450	-22		-20	
370	1.8500	-22		-21	
371	1.8550	-22		-21	
372	1.8600	-23		-22	
373	1.8650	-23		-22	
374	1.8700	-24		-23	
375	1.8750	-24		-23	
376	1.8800	-24		-24	
377	1.8850	-25		-24	
378	1.8900	-25		-25	
379	1.8950	-26		-25	
380	1.9000	-26		-26	
381	1.9050	-26		-26	
382	1.9100	-26		-27	
383	1.9150	-26		-27	
384	1.9200	-27		-28	
385	1.9250	-27		-28	
386	1.9300	-27		-28	
387	1.9350	-28		-29	
388	1.9400	-28		-29	
389	1.9450	-28		-29	
390	1.9500	-28		-30	
391	1.9550	-28		-30	
392	1.9600	-28		-30	
393	1.9650	-28		-30	
394	1.9700	-28		-31	
395	1.9750	-28		-31	
396	1.9800	-28		-31	
397	1.9850	-28		-31	
398	1.9900	-28		-31	
399	1.9950	-28		-32	
400	2.0000	-28		-32	
401	2.0050	-28		-32	
402	2.0100	-28		-32	
403	2.0150	-28		-32	
404	2.0200	-28		-32	
405	2.0250	-28		-32	
406	2.0300	-28		-32	
407	2.0350	-28		-32	
408	2.0400	-28		-32	
409	2.0450	-28		-32	
410	2.0500	-27		-32	
411	2.0550	-27		-32	
412	2.0600	-26		-32	
413	2.0650	-26		-32	
414	2.0700	-26		-32	
415	2.0750	-26		-32	
416	2.0800	-26		-31	
417	2.0850	-25		-31	
418	2.0900	-25		-31	
419	2.0950	-24		-31	
420	2.1000	-24		-30	
421	2.1050	-24		-30	
422	2.1100	-23		-30	
423	2.1150	-23		-30	
424	2.1200	-22		-29	
425	2.1250	-22		-29	
426	2.1300	-22		-29	
427	2.1350	-21		-28	
428	2.1400	-20		-28	
429	2.1450	-20		-28	
430	2.1500	-20		-27	
431	2.1550	-19		-27	
432	2.1600	-18		-26	
433	2.1650	-18		-26	
434	2.1700	-17		-26	
435	2.1750	-17		-25	
436	2.1800	-16		-25	
437	2.1850	-16		-24	
438	2.1900	-15		-24	
439	2.1950	-14		-23	
440	2.2000	-14		-23	
441	2.2050	-13		-22	
442	2.2100	-12		-22	
443	2.2150	-12		-21	
444	2.2200	-11		-20	
445	2.2250	-10		-20	
446	2.2300	-10		-19	
447	2.2350	-9		-18	
448	2.2400	-8		-18	
449	2.2450	-8		-17	
450	2.2500	-7		-17	
451	2.2550	-6		-16	
452	2.2600	-5		-15	
453	2.2650	-4		-15	
454	2.2700	-4		-14	
455	2.2750	-3		-13	
456	2.2800	-2		-13	
457	2.2850	-2		-12	
458	2.2900	-1		-11	
459	2.2950	0		-10	
460	2.3000	0		-10	
461	2.3050	2		-9	
462	2.3100	2		-8	
463	2.3150	3		-8	
464	2.3200	4		-7	
465	2.3250	4		-6	
466	2.3300	6		-5	
467	2.3350	6		-5	
468	2.3400	7		-4	
469	2.3450	8		-3	
470	2.3500	8		-2	
471	2.3550	9		-2	
472	2.3600	10		-1	
473	2.3650	10		0	
474	2.3700	11		1	
475	2.3750	12		2	
476	2.3800	12		2	
477	2.3850	13		3	
478	2.3900	14		4	
479	2.3950	15		5	
480	2.4000	16		6	
481	2.4050	16		6	
482	2.4100	17		7	
483	2.4150	18		8	
484	2.4200	18		9	
485	2.4250	19		9	
486	2.4300	20		10	
487	2.4350	20		11	
488	2.4400	21		12	
489	2.4450	22		12	
490	2.4500	22		13	
491	2.4550	22		14	
492	2.4600	23		15	
493	2.4650	24		15	
494	2.4700	24		16	
495	2.4750	25		17	
496	2.4800	26		18	
497	2.4850	26		18	
498	2.4900	26		19	
499	2.4950	27		20	
500	2.5000	28		20	
501	2.5050	28		21	
502	2.5100	28		22	
503	2.5150	29		22	
504	2.5200	29		23	
505	2.5250	30		24	
506	2.5300	30		24	
507	2.5350	30		25	
508	2.5400	31		26	
509	2.5450	32		26	
510	2.5500	32		27	
511	2.5550	32		27	
512	2.5600	32		28	
513	2.5650	33		28	
514	2.5700	33		29	
515	2.5750	33		29	
516	2.5800	34		30	
517	2.5850	34		30	
518	2.5900	34		31	
519	2.5950	34		31	
520	2.6000	34		32	
521	2.6050	34		32	
522	2.6100	35		32	
523	2.6150	35		33	
524	2.6200	35		33	
525	2.6250	35		34	
526	2.6300	36		34	
527	2.6350	36		34	
528	2.6400	36		34	
529	2.6450	36		35	
530	2.6500	36		35	
531	2.6550	36		35	
532	2.6600	36		36	
533	2.6650	36		36	
534	2.6700	36		36	
535	2.6750	36		36	
536	2.6800	36		36	
537	2.6850	36		36	
538	2.6900	36		36	
539	2.6950	36		37	
540	2.7000	36		37	
541	2.7050	36		37	
542	2.7100	35		37	
543	2.7150	35		37	
544	2.7200	35		37	
545	2.7250	35		37	
546	2.7300	34		37	
547	2.7350	34		37	
548	2.7400	34		36	
549	2.7450	34		36	
550	2.7500	34		36	
551	2.7550	33		36	
552	2.7600	33		36	
553	2.7650	32		36	
554	2.7700	32		36	
555	2.7750	32		35	
556	2.7800	32		35	
557	2.7850	31		35	
558	2.7900	31		35	
559	2.7950	30		34	
560	2.8000	30		34	
561	2.8050	30		34	
562	2.8100	29		33	
563	2.8150	28		33	
564	2.8200	28		33	
565	2.8250	28		32	
566	2.8300	27		32	
567	2.8350	27		31	
568	2.8400	26		31	
569	2.8450	26		30	
570	2.8500	25		30	
571	2.8550	24		30	
572	2.8600	24		29	
573	2.8650	24		29	
574	2.8700	23		28	
575	2.8750	22		28	
576	2.8800	22		27	
577	2.8850	21		26	
578	2.8900	20		26	
579	2.8950	20		25	
580	2.9000	19		25	
581	2.9050	18		24	
582	2.9100	18		24	
583	2.9150	17		23	
584	2.9200	16		22	
585	2.9250	16		22	
586	2.9300	15		21	
587	2.9350	14		20	
588	2.9400	14		20	
589	2.9450	13		19	
590	2.9500	12		18	
591	2.9550	12		18	
592	2.9600	11		17	
593	2.9650	10		16	
594	2.9700	10		15	
595	2.9750	9		15	
596	2.9800	8		14	
597	2.9850	8		13	
598	2.9900	7		12	
599	2.9950	6		12	
600	3.0000	6		11	
601	3.0050	4		10	
602	3.0100	4		9	
603	3.0150	3		8	
604	3.0200	2		8	
605	3.0250	2		7	
606	3.0300	1		6	
607	3.0350	0		6	
608	3.0400	0		5	
609	3.0450	-1		4	
610	3.0500	-2		3	
611	3.0550	-2		2	
612	3.0600	-4		2	
613	3.0650	-4		1	
614	3.0700	-5		0	
615	3.0750	-6		-1	
616	3.0800	-6		-2	
617	3.0850	-7		-2	
618	3.0900	-8		-3	
619	3.0950	-8		-4	
620	3.1000	-9		-5	
621	3.1050	-10		-6	
622	3.1100	-10		-6	
623	3.1150	-11		-7	
624	3.1200	-12		-8	
625	3.1250	-12		-8	
626	3.1300	-13		-9	
627	3.1350	-14		-10	
628	3.1400	-14		-11	
629	3.1450	-15		-12	
630	3.1500	-15		-12	
631	3.1550	-16		-13	
632	3.1600	-16		-14	
633	3.1650	-17		-14	
634	3.1700	-18		-15	
635	3.1750	-18		-16	
636	3.1800	-19		-16	
637	3.1850	-19		-17	
638	3.1900	-20		-18	
639	3.1950	-20		-18	
640	3.2000	-21		-19	
641	3.2050	-21		-20	
642	3.2100	-22		-20	
643	3.2150	-22		-21	
644	3.2200	-22		-21	
645	3.2250	-23		-22	
646	3.2300	-24		-22	
647	3.2350	-24		-23	
648	3.2400	-24		-24	
649	3.2450	-24		-24	
650	3.2500	-25		-25	
651	3.2550	-25		-25	
652	3.2600	-26		-26	
653	3.2650	-26		-26	
654	3.2700	-26		-26	
655	3.2750	-26		-27	
656	3.2800	-26		-27	
657	3.2850	-27		-28	
658	3.2900	-27		-28	
659	3.2950	-27		-28	
660	3.3000	-28		-29	
661	3.3050	-28		-29	
662	3.3100	-28		-29	
663	3.3150	-28		-30	
664	3.3200	-28		-30	
665	3.3250	-28		-30	
666	3.3300	-28		-30	
667	3.3350	-28		-31	
668	3.3400	-28		-31	
669	3.3450	-28		-31	
670	3.3500	-28		-31	
671	3.3550	-28		-32	
672	3.3600	-28		-32	
673	3.3650	-28		-32	
674	3.3700	-28		-32	
675	3.3750	-28		-32	
676	3.3800	-28		-32	
677	3.3850	-28		-32	
678	3.3900	-28		-32	
679	3.3950	-28		-32	
680	3.4000	-28		-32	
681	3.4050	-28		-32	
682	3.4100	-28		-32	
683	3.4150	-27		-32	
684	3.4200	-27		-32	
685	3.4250	-26		-32	
686	3.4300	-26		-32	
687	3.4350	-26		-32	
688	3.4400	-26		-32	
689	3.4450	-26		-31	
690	3.4500	-25		-31	
691	3.4550	-25		-31	
692	3.4600	-24		-31	
693	3.4650	-24		-31	
694	3.4700	-24		-30	
695	3.4750	-23		-30	
696	3.4800	-23		-30	
697	3.4850	-22		-30	
698	3.4900	-22		-29	
699	3.4950	-22		-29	
700	3.5000	-21		-28	
701	3.5050	-20		-28	
702	3.5100	-20		-28	
703	3.5150	-20		-27	
704	3.5200	-19		-27	
705	3.5250	-18		-26	
706	3.5300	-18		-26	
707	3.5350	-17		-26	
708	3.5400	-17		-25	
709	3.5450	-16		-25	
710	3.5500	-16		-24	
711	3.5550	-15		-24	
712	3.5600	-14		-23	
713	3.5650	-14		-22	
714	3.5700	-13		-22	
715	3.5750	-12		-22	
716	3.5800	-12		-21	
717	3.5850	-11		-20	
718	3.5900	-10		-20	
719	3.5950	-10		-19	
720	3.6000	-9		-18	
721	3.6050	-8		-18	
722	3.6100	-8		-17	
723	3.6150	-7		-17	
724	3.6200	-6		-16	
725	3.6250	-5		-15	
726	3.6300	-4		-15	
727	3.6350	-4		-14	
728	3.6400	-3		-13	
729	3.6450	-2		-12	
730	3.6500	-2		-12	
731	3.6550	-1		-11	
732	3.6600	0		-10	
733	3.6650	0		-10	
734	3.6700	1		-9	
735	3.6750	2		-8	
736	3.6800	3		-8	
737	3.6850	4		-7	
738	3.6900	4		-6	
739	3.6950	5		-5	
740	3.7000	6		-4	
741	3.7050	7		-4	
742	3.7100	8		-3	
743	3.7150	8		-2	
744	3.7200	9		-1	
745	3.7250	10		-1	
746	3.7300	10		0	
747	3.7350	11		1	
748	3.7400	12		2	
749	3.7450	12		2	
750	3.7500	14		3	
751	3.7550	14		4	
752	3.7600	15		5	
753	3.7650	16		6	
754	3.7700	16		6	
755	3.7750	17		7	
756	3.7800	18		8	
757	3.7850	18		9	
758	3.7900	19		10	
759	3.7950	20		10	
760	3.8000	20		11	
761	3.8050	21		12	
762	3.8100	22		13	
763	3.8150	22		13	
764	3.8200	23		14	
765	3.8250	23		15	
766	3.8300	24		16	
767	3.8350	24		16	
768	3.8400	25		17	
769	3.8450	26		18	
770	3.8500	26		18	
771	3.8550	26		19	
772	3.8600	27		20	
773	3.8650	28		20	
774	3.8700	28		21	
775	3.8750	28		22	
776	3.8800	29		22	
777	3.8850	29		23	
778	3.8900	30		24	
779	3.8950	30		24	
780	3.9000	30		25	
781	3.9050	31		26	
782	3.9100	32		26	
783	3.9150	32		27	
784	3.9200	32		27	
785	3.9250	32		28	
786	3.9300	33		28	
787	3.9350	33		29	
788	3.9400	33		29	
789	3.9450	34		30	
790	3.9500	34		30	
791	3.9550	34		31	
792	3.9600	34		31	
793	3.9650	34		32	
794	3.9700	34		32	
795	3.9750	35		32	
796	3.9800	35		33	
797	3.9850	35		33	
798	3.9900	35		33	
799	3.9950	36		34	
800	4.0000	36		34	
801	4.0050	36		34	
802	4.0100	36		35	
803	4.0150	36		35	
804	4.0200	36		35	
805	4.0250	36		35	
806	4.0300	36		36	
807	4.0350	36		36	
808	4.0400	36		36	
809	4.0450	36		36	
810	4.0500	36		36	
811	4.0550	36		36	
812	4.0600	36		36	
813	4.0650	36		36	
814	4.0700	36		36	
815	4.0750	35		36	
816	4.0800	35		36	
817	4.0850	35		36	
818	4.0900	34		36	
819	4.0950	34		36	
820	4.1000	34		36	
821	4.1050	34		36	
822	4.1100	34		36	
823	4.1150	34		36	
824	4.1200	33		36	
825	4.1250	33		36	
826	4.1300	32		36	
827	4.1350	32		35	
828	4.1400	32		35	
829	4.1450	32		35	
830	4.1500	31		35	
831	4.1550	31		34	
832	4.1600	30		34	
833	4.1650	30		34	
834	4.1700	30		33	
835	4.1750	29		33	
836	4.1800	28		33	
837	4.1850	28		32	
838	4.1900	28		32	
839	4.1950	27		32	
840	4.2000	26		31	
841	4.2050	26		31	
842	4.2100	26		30	
843	4.2150	25		30	
844	4.2200	24		29	
845	4.2250	24		29	
846	4.2300	24		28	
847	4.2350	23		28	
848	4.2400	22		27	
849	4.2450	22		27	
850	4.2500	21		26	
851	4.2550	20		26	
852	4.2600	20		25	
853	4.2650	19		24	
854	4.2700	18		24	
855	4.2750	18		23	
856	4.2800	17		23	
857	4.2850	16		22	
858	4.2900	16		22	
859	4.2950	15		21	
860	4.3000	14		20	
861	4.3050	14		19	
862	4.3100	13		19	
863	4.3150	12		18	
864	4.3200	12		17	
865	4.3250	11		17	
866	4.3300	10		16	
867	4.3350	10		15	
868	4.3400	9		14	
869	4.3450	8		14	
870	4.3500	8		13	
871	4.3550	7		12	
872	4.3600	6		12	
873	4.3650	6		11	
874	4.3700	4		10	
875	4.3750	4		9	
876	4.3800	3		9	
877	4.3850	2		8	
878	4.3900	2		7	
879	4.3950	1		6	
880	4.4000	0		6	
881	4.4050	0		5	
882	4.4100	-1		4	
883	4.4150	-2		3	
884	4.4200	-3		2	
885	4.4250	-4		2	
886	4.4300	-4		1	
887	4.4350	-5		0	
888	4.4400	-6		-1	
889	4.4450	-6		-2	
890	4.4500	-7		-2	
891	4.4550	-8		-3	
892	4.4600	-8		-4	
893	4.4650	-9		-5	
894	4.4700	-10		-5	
895	4.4750	-10		-6	
896	4.4800	-11		-7	
897	4.4850	-12		-8	
898	4.4900	-12		-8	
899	4.4950	-13		-9	
900	4.5000	-14		-10	
901	4.5050	-14		-11	
902	4.5100	-15		-11	
903	4.5150	-16		-12	
904	4.5200	-16		-13	
905	4.5250	-16		-13	
906	4.5300	-17		-14	
907	4.5350	-18		-15	
908	4.5400	-18		-15	
909	4.5450	-19		-16	
910	4.5500	-19		-17	
911	4.5550	-20		-17	
912	4.5600	-20		-18	
913	4.5650	-21		-19	
914	4.5700	-21		-19	
915	4.5750	-22		-20	
916	4.5800	-22		-20	
917	4.5850	-22		-21	
918	4.5900	-23		-22	
919	4.5950	-24		-22	
920	4.6000	-24		-23	
921	4.6050	-24		-23	
922	4.6100	-24		-24	
923	4.6150	-25		-24	
924	4.6200	-25		-25	
925	4.6250	-26		-25	
926	4.6300	-26		-26	
927	4.6350	-26		-26	
928	4.6400	-26		-27	
929	4.6450	-26		-27	
930	4.6500	-27		-28	
931	4.6550	-27		-28	
932	4.6600	-27		-28	
933	4.6650	-28		-29	
934	4.6700	-28		-29	
935	4.6750	-28		-29	
936	4.6800	-28		-30	
937	4.6850	-28		-30	
938	4.6900	-28		-30	
939	4.6950	-28		-30	
940	4.7000	-28		-31	
941	4.7050	-28		-31	
942	4.7100	-28		-31	
943	4.7150	-28		-31	
944	4.7200	-28		-32	
945	4.7250	-28		-32	
946	4.7300	-28		-32	
947	4.7350	-28		-32	
948	4.7400	-28		-32	
949	4.7450	-28		-32	
950	4.7500	-28		-32	
951	4.7550	-28		-32	
952	4.7600	-28		-32	
953	4.7650	-28		-32	
954	4.7700	-28		-32	
955	4.7750	-28		-32	
956	4.7800	-27		-32	
957	4.7850	-27		-32	
958	4.7900	-27		-32	
959	4.7950	-26		-32	
960	4.8000	-26		-32	
961	4.8050	-26		-32	
962	4.8100	-26		-31	
963	4.8150	-25		-31	
964	4.8200	-25		-31	
965	4.8250	-24		-31	
966	4.8300	-24		-31	
967	4.8350	-24		-30	
968	4.8400	-23		-30	
969	4.8450	-23		-30	
970	4.8500	-22		-30	
971	4.8550	-22		-29	
972	4.8600	-22		-29	
973	4.8650	-21		-28	
974	4.8700	-20		-28	
975	4.8750	-20		-28	
976	4.8800	-20		-27	
977	4.8850	-19		-27	
978	4.8900	-18		-27	
979	4.8950	-18		-26	
980	4.9000	-17		-26	
981	4.9050	-17		-25	
982	4.9100	-16		-25	
983	4.9150	-16		-24	
984	4.9200	-15		-24	
985	4.9250	-14		-23	
986	4.9300	-14		-23	
987	4.9350	-13		-22	
988	4.9400	-12		-22	
989	4.9450	-12		-21	
990	4.9500	-11		-20	
991	4.9550	-10		-20	
992	4.9600	-10		-19	
993	4.9650	-9		-19	
994	4.9700	-8		-18	
995	4.9750	-8		-17	
996	4.9800	-7		-17	
997	4.9850	-6		-16	
998	4.9900	-6		-16	
999	4.9950	-4		-15	
1000	5.0000	-4		-14	
1001	5.0050	-3		-13	
1002	5.0100	-2		-13	
1003	5.0150	-2		-12	
1004	5.0200	-1		-11	
1005	5.0250	0		-10	
1006	5.0300	0		-10	
1007	5.0350	2		-9	
1008	5.0400	2		-8	
1009	5.0450	3		-8	
1010	5.0500	4		-7	
1011	5.0550	4		-6	
1012	5.0600	5		-5	
1013	5.0650	6		-5	
1014	5.0700	7		-4	
1015	5.0750	8		-3	
1016	5.0800	8		-2	
1017	5.0850	9		-2	
1018	5.0900	10		-1	
1019	5.0950	10		0	
1020	5.1000	11		1	
1021	5.1050	12		2	
1022	5.1100	12		2	
1023	5.1150	14		3	
1024	5.1200	14		4	
1025	5.1250	15		5	
1026	5.1300	16		6	
1027	5.1350	16		6	
1028	5.1400	17		7	
1029	5.1450	18		8	
1030	5.1500	18		9	
1031	5.1550	19		10	
1032	5.1600	20		10	
1033	5.1650	20		11	
1034	5.1700	21		12	
1035	5.1750	22		13	
1036	5.1800	22		13	
1037	5.1850	22		14	
1038	5.1900	23		15	
1039	5.1950	24		16	
1040	5.2000	24		16	
1041	5.2050	25		17	
1042	5.2100	26		18	
1043	5.2150	26		18	
1044	5.2200	26		19	
1045	5.2250	27		20	
1046	5.2300	28		20	
1047	5.2350	28		21	
1048	5.2400	28		22	
1049	5.2450	29		22	
1050	5.2500	29		23	
1051	5.2550	30		24	
1052	5.2600	30		24	
1053	5.2650	30		25	
1054	5.2700	31		26	
1055	5.2750	32		26	
1056	5.2800	32		27	
1057	5.2850	32		27	
1058	5.2900	32		28	
1059	5.2950	33		28	
1060	5.3000	33		29	
1061	5.3050	33		30	
1062	5.3100	34		30	
1063	5.3150	34		30	
1064	5.3200	34		31	
1065	5.3250	34		31	
1066	5.3300	34		32	
1067	5.3350	34		32	
1068	5.3400	35		33	
1069	5.3450	35		33	
1070	5.3500	35		33	
1071	5.3550	35		34	
1072	5.3600	36		34	
1073	5.3650	36		34	
1074	5.3700	36		35	
1075	5.3750	36		35	
1076	5.3800	36		35	
1077	5.3850	36		36	
1078	5.3900	36		36	
1079	5.3950	36		36	
1080	5.4000	36		36	
1081	5.4050	36		36	
1082	5.4100	36		36	
1083	5.4150	36		37	
1084	5.4200	36		37	
1085	5.4250	36		37	
1086	5.4300	36		37	
1087	5.4350	35		37	
1088	5.4400	35		37	
1089	5.4450	35		37	
1090	5.4500	35		37	
1091	5.4550	34		37	
1092	5.4600	34		37	
1093	5.4650	34		37	
1094	5.4700	34		37	
1095	5.4750	34		36	
1096	5.4800	34		36	
1097	5.4850	33		36	
1098	5.4900	33		36	
1099	5.4950	32		36	
1100	5.5000	32		36	
1101	5.5050	32		36	
1102	5.5100	32		35	
1103	5.5150	31		35	
1104	5.5200	31		35	
1105	5.5250	30		34	
1106	5.5300	30		34	
1107	5.5350	30		34	
1108	5.5400	29		33	
1109	5.5450	28		33	
1110	5.5500	28		33	
1111	5.5550	28		32	
1112	5.5600	27		32	
1113	5.5650	27		31	
1114	5.5700	26		31	
1115	5.5750	26		30	
1116	5.5800	25		30	
1117	5.5850	24		30	
1118	5.5900	24		29	
1119	5.5950	24		29	
1120	5.6000	23		28	
1121	5.6050	22		27	
1122	5.6100	22		27	
1123	5.6150	21		26	
1124	5.6200	20		26	
1125	5.6250	20		25	
1126	5.6300	19		25	
1127	5.6350	18		24	
1128	5.6400	18		23	
1129	5.6450	17		23	
1130	5.6500	16		22	
1131	5.6550	16		21	
1132	5.6600	15		21	
1133	5.6650	14		20	
1134	5.6700	14		19	
1135	5.6750	13		19	
1136	5.6800	12		18	
1137	5.6850	12		17	
1138	5.6900	11		16	
1139	5.6950	10		16	
1140	5.7000	10		15	
1141	5.7050	9		14	
1142	5.7100	8		14	
1143	5.7150	8		13	
1144	5.7200	7		12	
1145	5.7250	6		11	
1146	5.7300	5		10	
1147	5.7350	4		10	
1148	5.7400	4		9	
1149	5.7450	3		8	
1150	5.7500	2		7	
1151	5.7550	2		7	
1152	5.7600	1		6	
1153	5.7650	0		5	
1154	5.7700	0		4	
1155	5.7750	-1		4	
1156	5.7800	-2		3	
1157	5.7850	-3		2	
1158	5.7900	-4		1	
1159	5.7950	-4		0	
1160	5.8000	-5		0	
1161	5.8050	-6		-1	
1162	5.8100	-6		-2	
1163	5.8150	-7		-3	
1164	5.8200	-8		-4	
1165	5.8250	-8		-4	
1166	5.8300	-9		-5	
1167	5.8350	-10		-6	
1168	5.8400	-10		-7	
1169	5.8450	-11		-7	
1170	5.8500	-12		-8	
1171	5.8550	-12		-9	
1172	5.8600	-13		-10	
1173	5.8650	-14		-10	
1174	5.8700	-14		-11	
1175	5.8750	-15		-12	
1176	5.8800	-16		-12	
1177	5.8850	-16		-13	
1178	5.8900	-16		-14	
1179	5.8950	-17		-14	
1180	5.9000	-18		-15	
1181	5.9050	-18		-16	
1182	5.9100	-19		-17	
1183	5.9150	-19		-17	
1184	5.9200	-20		-18	
1185	5.9250	-20		-18	
1186	5.9300	-21		-19	
1187	5.9350	-21		-20	
1188	5.9400	-22		-20	
1189	5.9450	-22		-21	
1190	5.9500	-22		-22	
1191	5.9550	-23		-22	
1192	5.9600	-24		-23	
1193	5.9650	-24		-23	
1194	5.9700	-24		-24	
1195	5.9750	-24		-24	
1196	5.9800	-25		-25	
1197	5.9850	-25		-25	
1198	5.9900	-26		-26	
1199	5.9950	-26		-26	
1200	6.0000	-26		-27	
1201	6.0050	-26		-27	
1202	6.0100	-26		-27	
1203	6.0150	-27		-28	
1204	6.0200	-27		-28	
1205	6.0250	-27		-28	
1206	6.0300	-28		-29	
1207	6.0350	-28		-29	
1208	6.0400	-28		-30	
1209	6.0450	-28		-30	
1210	6.0500	-28		-30	
1211	6.0550	-28		-30	
1212	6.0600	-28		-30	
1213	6.0650	-28		-31	
1214	6.0700	-28		-31	
1215	6.0750	-28		-31	
1216	6.0800	-28		-31	
1217	6.0850	-28		-32	
1218	6.0900	-28		-32	
1219	6.0950	-28		-32	
1220	6.1000	-28		-32	
1221	6.1050	-28		-32	
1222	6.1100	-28		-32	
1223	6.1150	-28		-32	
1224	6.1200	-28		-32	
1225	6.1250	-28		-32	
1226	6.1300	-28		-32	
1227	6.1350	-28		-32	
1228	6.1400	-28		-32	
1229	6.1450	-27		-32	
1230	6.1500	-27		-32	
1231	6.1550	-26		-32	
1232	6.1600	-26		-32	
1233	6.1650	-26		-32	
1234	6.1700	-26		-31	
1235	6.1750	-26		-31	
1236	6.1800	-25		-31	
1237	6.1850	-25		-31	
1238	6.1900	-24		-30	
1239	6.1950	-24		-30	
1240	6.2000	-24		-30	
1241	6.2050	-23		-30	
1242	6.2100	-23		-30	
1243	6.2150	-22		-29	
1244	6.2200	-22		-29	
1245	6.2250	-22		-28	
1246	6.2300	-21		-28	
1247	6.2350	-20		-28	
1248	6.2400	-20		-27	
1249	6.2450	-20		-27	
1250	6.2500	-19		-27	
1251	6.2550	-18		-26	
1252	6.2600	-18		-26	
1253	6.2650	-17		-25	
1254	6.2700	-16		-25	
1255	6.2750	-16		-24	
1256	6.2800	-16		-24	
1257	6.2850	-15		-23	
1258	6.2900	-14		-23	
1259	6.2950	-14		-22	
1260	6.3000	-13		-22	
1261	6.3050	-12		-21	
1262	6.3100	-12		-20	
1263	6.3150	-11		-20	
1264	6.3200	-10		-19	
1265	6.3250	-10		-19	
1266	6.3300	-9		-18	
1267	6.3350	-8		-18	
1268	6.3400	-8		-17	
1269	6.3450	-7		-16	
1270	6.3500	-6		-16	
1271	6.3550	-5		-15	
1272	6.3600	-4		-14	
1273	6.3650	-4		-14	
1274	6.3700	-3		-13	
1275	6.3750	-2		-12	
1276	6.3800	-2		-12	
1277	6.3850	-1		-11	
1278	6.3900	0		-10	
1279	6.3950	0		-9	
1280	6.4000	2		-9	
1281	6.4050	2		-8	
1282	6.4100	3		-7	
1283	6.4150	4		-6	
1284	6.4200	4		-6	
1285	6.4250	6		-5	
1286	6.4300	6		-4	
1287	6.4350	7		-4	
1288	6.4400	8		-3	
1289	6.4450	8		-2	
1290	6.4500	9		-1	
1291	6.4550	10		0	
1292	6.4600	10		0	
1293	6.4650	11		1	
1294	6.4700	12		2	
1295	6.4750	12		3	
1296	6.4800	14		3	
1297	6.4850	14		4	
1298	6.4900	15		5	
1299	6.4950	16		6	
1300	6.5000	16		6	
1301	6.5050	17		7	
1302	6.5100	18		8	
1303	6.5150	18		9	
1304	6.5200	19		10	
1305	6.5250	20		10	
1306	6.5300	20		11	
1307	6.5350	21		12	
1308	6.5400	22		13	
1309	6.5450	22		14	
1310	6.5500	22		14	
1311	6.5550	23		15	
1312	6.5600	24		16	
1313	6.5650	24		16	
1314	6.5700	25		17	
1315	6.5750	26		18	
1316	6.5800	26		18	
1317	6.5850	26		19	
1318	6.5900	27		20	
1319	6.5950	28		20	
1320	6.6000	28		21	
1321	6.6050	28		22	
1322	6.6100	29		22	
1323	6.6150	30		23	
1324	6.6200	30		24	
1325	6.6250	30		24	
1326	6.6300	30		25	
1327	6.6350	31		26	
1328	6.6400	32		26	
1329	6.6450	32		27	
1330	6.6500	32		27	
1331	6.6550	32		28	
1332	6.6600	33		28	
1333	6.6650	33		29	
1334	6.6700	33		29	
1335	6.6750	34		30	
1336	6.6800	34		30	
1337	6.6850	34		31	
1338	6.6900	34		31	
1339	6.6950	34		32	
1340	6.7000	34		32	
1341	6.7050	35		32	
1342	6.7100	35		33	
1343	6.7150	35		33	
1344	6.7200	35		33	
1345	6.7250	36		34	
1346	6.7300	36		34	
1347	6.7350	36		34	
1348	6.7400	36		35	
1349	6.7450	36		35	
1350	6.7500	36		35	
1351	6.7550	36		35	
1352	6.7600	36		36	
1353	6.7650	36		36	
1354	6.7700	36		36	
1355	6.7750	36		36	
1356	6.7800	36		36	
1357	6.7850	36		36	
1358	6.7900	36		36	
1359	6.7950	36		36	
1360	6.8000	35		36	
1361	6.8050	35		36	
1362	6.8100	35		36	
1363	6.8150	35		36	
1364	6.8200	34		36	
1365	6.8250	34		36	
1366	6.8300	34		36	
1367	6.8350	34		36	
1368	6.8400	34		36	
1369	6.8450	34		36	
1370	6.8500	33		36	
1371	6.8550	33		36	
1372	6.8600	32		35	
1373	6.8650	32		35	
1374	6.8700	32		35	
1375	6.8750	32		35	
1376	6.8800	31		35	
1377	6.8850	31		34	
1378	6.8900	30		34	
1379	6.8950	30		34	
1380	6.9000	30		33	
1381	6.9050	29		33	
1382	6.9100	28		33	
1383	6.9150	28		32	
1384	6.9200	28		32	
1385	6.9250	27		32	
1386	6.9300	26		31	
1387	6.9350	26		31	
1388	6.9400	26		30	
1389	6.9450	25		30	
1390	6.9500	24		29	
1391	6.9550	24		29	
1392	6.9600	24		28	
1393	6.9650	23		28	
1394	6.9700	22		27	
1395	6.9750	22		27	
1396	6.9800	21		26	
1397	6.9850	20		26	
1398	6.9900	20		25	
1399	6.9950	19		25	
1400	7.0000	18		24	
1401	7.0050	18		23	
1402	7.0100	17		23	
1403	7.0150	16		22	
1404	7.0200	16		22	
1405	7.0250	15		21	
1406	7.0300	14		20	
1407	7.0350	14		20	
1408	7.0400	13		19	
1409	7.0450	12		18	
1410	7.0500	12		18	
1411	7.0550	11		17	
1412	7.0600	10		16	
1413	7.0650	10		15	
1414	7.0700	9		14	
1415	7.0750	8		14	
1416	7.0800	8		13	
1417	7.0850	7		12	
1418	7.0900	6		12	
1419	7.0950	5		11	
1420	7.1000	4		10	
1421	7.1050	4		9	
1422	7.1100	3		8	
1423	7.1150	2		8	
1424	7.1200	2		7	
1425	7.1250	1		6	
1426	7.1300	0		6	
1427	7.1350	0		5	
1428	7.1400	-1		4	
1429	7.1450	-2		3	
1430	7.1500	-3		2	
1431	7.1550	-4		2	
1432	7.1600	-4		1	
1433	7.1650	-5		0	
1434	7.1700	-6		-1	
1435	7.1750	-6		-1	
1436	7.1800	-7		-2	
1437	7.1850	-8		-3	
1438	7.1900	-8		-4	
1439	7.1950	-9		-5	
1440	7.2000	-10		-5	
1441	7.2050	-10		-6	
1442	7.2100	-11		-7	
1443	7.2150	-12		-8	
1444	7.2200	-12		-8	
1445	7.2250	-13		-9	
1446	7.2300	-14		-10	
1447	7.2350	-14		-11	
1448	7.2400	-15		-11	
1449	7.2450	-16		-12	
1450	7.2500	-16		-13	
1451	7.2550	-16		-13	
1452	7.2600	-17		-14	
1453	7.2650	-18		-15	
1454	7.2700	-18		-15	
1455	7.2750	-19		-16	
1456	7.2800	-19		-17	
1457	7.2850	-20		-17	
1458	7.2900	-20		-18	
1459	7.2950	-21		-19	
1460	7.3000	-21		-19	
1461	7.3050	-22		-20	
1462	7.3100	-22		-20	
1463	7.3150	-22		-21	
1464	7.3200	-23		-22	
1465	7.3250	-24		-22	
1466	7.3300	-24		-23	
1467	7.3350	-24		-23	
1468	7.3400	-24		-24	
1469	7.3450	-25		-24	
1470	7.3500	-25		-25	
1471	7.3550	-26		-25	
1472	7.3600	-26		-26	
1473	7.3650	-26		-26	
1474	7.3700	-26		-27	
1475	7.3750	-26		-27	
1476	7.3800	-27		-27	
1477	7.3850	-27		-28	
1478	7.3900	-27		-28	
1479	7.3950	-28		-28	
1480	7.4000	-28		-29	
1481	7.4050	-28		-29	
1482	7.4100	-28		-30	
1483	7.4150	-28		-30	
1484	7.4200	-28		-30	
1485	7.4250	-28		-30	
1486	7.4300	-28		-31	
1487	7.4350	-28		-31	
1488	7.4400	-28		-31	
1489	7.4450	-28		-31	
1490	7.4500	-28		-31	
1491	7.4550	-28		-32	
1492	7.4600	-28		-32	
1493	7.4650	-28		-32	
1494	7.4700	-28		-32	
1495	7.4750	-28		-32	
1496	7.4800	-28		-32	
1497	7.4850	-28		-32	
1498	7.4900	-28		-32	
1499	7.4950	-28		-32	
1500	7.5000	-28		-32	
1501	7.5050	-28		-32	
1502	7.5100	-27		-32	
1503	7.5150	-27		-32	
1504	7.5200	-26		-32	
1505	7.5250	-26		-32	
1506	7.5300	-26		-32	
1507	7.5350	-26		-32	
1508	7.5400	-25		-31	
1509	7.5450	-25		-31	
1510	7.5500	-24		-31	
1511	7.5550	-24		-31	
1512	7.5600	-24		-30	
1513	7.5650	-24		-30	
1514	7.5700	-23		-30	
1515	7.5750	-23		-30	
1516	7.5800	-22		-30	
1517	7.5850	-22		-29	
1518	7.5900	-22		-29	
1519	7.5950	-21		-28	
1520	7.6000	-20		-28	
1521	7.6050	-20		-28	
1522	7.6100	-20		-27	
1523	7.6150	-19		-27	
1524	7.6200	-18		-26	
1525	7.6250	-18		-26	
1526	7.6300	-17		-26	
1527	7.6350	-16		-25	
1528	7.6400	-16		-25	
1529	7.6450	-16		-24	
1530	7.6500	-15		-24	
1531	7.6550	-14		-23	
1532	7.6600	-14		-23	
1533	7.6650	-13		-22	
1534	7.6700	-12		-22	
1535	7.6750	-12		-21	
1536	7.6800	-11		-20	
1537	7.6850	-10		-20	
1538	7.6900	-10		-19	
1539	7.6950	-9		-19	
1540	7.7000	-8		-18	
1541	7.7050	-8		-17	
1542	7.7100	-6		-17	
1543	7.7150	-6		-16	
1544	7.7200	-5		-15	
1545	7.7250	-4		-15	
1546	7.7300	-4		-14	
1547	7.7350	-3		-13	
1548	7.7400	-2		-13	
1549	7.7450	-2		-12	
1550	7.7500	-1		-11	
1551	7.7550	0		-10	
1552	7.7600	0		-10	
1553	7.7650	2		-9	
1554	7.7700	2		-8	
1555	7.7750	3		-8	
1556	7.7800	4		-7	
1557	7.7850	4		-6	
1558	7.7900	6		-5	
1559	7.7950	6		-5	
1560	7.8000	7		-4	
1561	7.8050	8		-3	
1562	7.8100	8		-2	
1563	7.8150	9		-2	
1564	7.8200	10		-1	
1565	7.8250	10		0	
1566	7.8300	11		1	
1567	7.8350	12		2	
1568	7.8400	13		2	
1569	7.8450	14		3	
1570	7.8500	14		4	
1571	7.8550	15		5	
1572	7.8600	16		6	
1573	7.8650	16		6	
1574	7.8700	17		7	
1575	7.8750	18		8	
1576	7.8800	18		9	
1577	7.8850	19		9	
1578	7.8900	20		10	
1579	7.8950	20		11	
1580	7.9000	21		12	
1581	7.9050	22		12	
1582	7.9100	22		13	
1583	7.9150	23		14	
1584	7.9200	24		15	
1585	7.9250	24		16	
1586	7.9300	24		16	
1587	7.9350	25		17	
1588	7.9400	26		18	
1589	7.9450	26		18	
1590	7.9500	27		19	
1591	7.9550	27		20	
1592	7.9600	28		20	
1593	7.9650	28		21	
1594	7.9700	28		22	
1595	7.9750	29		22	
1596	7.9800	30		23	
1597	7.9850	30		24	
1598	7.9900	30		24	
1599	7.9950	30		25	
1600	8.0000	31		26	
1601	8.0050	32		26	
1602	8.0100	32		27	
1603	8.0150	32		27	
1604	8.0200	32		28	
1605	8.0250	33		28	
1606	8.0300	33		29	
1607	8.0350	34		30	
1608	8.0400	34		30	
1609	8.0450	34		30	
1610	8.0500	34		31	
1611	8.0550	34		31	
1612	8.0600	34		32	
1613	8.0650	34		32	
1614	8.0700	35		32	
1615	8.0750	35		33	
1616	8.0800	35		33	
1617	8.0850	35		34	
1618	8.0900	36		34	
1619	8.0950	36		34	
1620	8.1000	36		35	
1621	8.1050	36		35	
1622	8.1100	36		35	
1623	8.1150	36		35	
1624	8.1200	36		36	
1625	8.1250	36		36	
1626	8.1300	36		36	
1627	8.1350	36		36	
1628	8.1400	36		36	
1629	8.1450	36		36	
1630	8.1500	36		37	
1631	8.1550	36		37	
1632	8.1600	36		37	
1633	8.1650	36		37	
1634	8.1700	35		37	
1635	8.1750	35		37	
1636	8.1800	35		37	
1637	8.1850	35		37	
1638	8.1900	34		37	
1639	8.1950	34		37	
1640	8.2000	34		37	
1641	8.2050	34		36	
1642	8.2100	34		36	
1643	8.2150	33		36	
1644	8.2200	33		36	
1645	8.2250	32		36	
1646	8.2300	32		36	
1647	8.2350	32		36	
1648	8.2400	32		35	
1649	8.2450	31		35	
1650	8.2500	31		35	
1651	8.2550	30		34	
1652	8.2600	30		34	
1653	8.2650	30		34	
1654	8.2700	29		34	
1655	8.2750	28		33	
1656	8.2800	28		33	
1657	8.2850	28		32	
1658	8.2900	27		32	
1659	8.2950	26		32	
1660	8.3000	26		31	
1661	8.3050	26		31	
1662	8.3100	25		30	
1663	8.3150	24		30	
1664	8.3200	24		29	
1665	8.3250	24		29	
1666	8.3300	23		28	
1667	8.3350	22		28	
1668	8.3400	22		27	
1669	8.3450	21		27	
1670	8.3500	20		26	
1671	8.3550	20		25	
1672	8.3600	19		25	
1673	8.3650	18		24	
1674	8.3700	18		24	
1675	8.3750	17		23	
1676	8.3800	16		22	
1677	8.3850	16		22	
1678	8.3900	15		21	
1679	8.3950	14		20	
1680	8.4000	14		20	
1681	8.4050	13		19	
1682	8.4100	12		18	
1683	8.4150	12		18	
1684	8.4200	11		17	
1685	8.4250	10		16	
1686	8.4300	10		15	
1687	8.4350	9		15	
1688	8.4400	8		14	
1689	8.4450	8		13	
1690	8.4500	7		12	
1691	8.4550	6		12	
1692	8.4600	5		11	
1693	8.4650	4		10	
1694	8.4700	4		9	
1695	8.4750	3		9	
1696	8.4800	2		8	
1697	8.4850	2		7	
1698	8.4900	1		6	
1699	8.4950	0		6	
1700	8.5000	0		5	
1701	8.5050	-2		4	
1702	8.5100	-2		3	
1703	8.5150	-3		2	
1704	8.5200	-4		2	
1705	8.5250	-4		1	
1706	8.5300	-5		0	
1707	8.5350	-6		-1	
1708	8.5400	-6		-2	
1709	8.5450	-7		-2	
1710	8.5500	-8		-3	
1711	8.5550	-8		-4	
1712	8.5600	-9		-5	
1713	8.5650	-10		-6	
1714	8.5700	-10		-6	
1715	8.5750	-11		-7	
1716	8.5800	-12		-8	
1717	8.5850	-12		-8	
1718	8.5900	-13		-9	
1719	8.5950	-14		-10	
1720	8.6000	-14		-11	
1721	8.6050	-15		-12	
1722	8.6100	-16		-12	
1723	8.6150	-16		-13	
1724	8.6200	-16		-14	
1725	8.6250	-17		-14	
1726	8.6300	-18		-15	
1727	8.6350	-18		-16	
1728	8.6400	-19		-16	
1729	8.6450	-19		-17	
1730	8.6500	-20		-18	
1731	8.6550	-20		-18	
1732	8.6600	-21		-19	
1733	8.6650	-21		-20	
1734	8.6700	-22		-20	
1735	8.6750	-22		-21	
1736	8.6800	-22		-21	
1737	8.6850	-23		-22	
1738	8.6900	-24		-23	
1739	8.6950	-24		-23	
1740	8.7000	-24		-24	
1741	8.7050	-24		-24	
1742	8.7100	-25		-25	
1743	8.7150	-25		-25	
1744	8.7200	-26		-26	
1745	8.7250	-26		-26	
1746	8.7300	-26		-27	
1747	8.7350	-26		-27	
1748	8.7400	-26		-28	
1749	8.7450	-27		-28	
1750	8.7500	-27		-28	
1751	8.7550	-27		-29	
1752	8.7600	-28		-29	
1753	8.7650	-28		-29	
1754	8.7700	-28		-30	
1755	8.7750	-28		-30	
1756	8.7800	-28		-30	
1757	8.7850	-28		-30	
1758	8.7900	-28		-31	
1759	8.7950	-28		-31	
1760	8.8000	-28		-31	
1761	8.8050	-28		-31	
1762	8.8100	-28		-32	
1763	8.8150	-28		-32	
1764	8.8200	-28		-32	
1765	8.8250	-28		-32	
1766	8.8300	-28		-32	
1767	8.8350	-28		-32	
1768	8.8400	-28		-32	
1769	8.8450	-28		-32	
1770	8.8500	-28		-32	
1771	8.8550	-28		-32	
1772	8.8600	-28		-32	
1773	8.8650	-28		-32	
1774	8.8700	-28		-32	
1775	8.8750	-27		-32	
1776	8.8800	-27		-32	
1777	8.8850	-26		-32	
1778	8.8900	-26		-32	
1779	8.8950	-26		-32	
1780	8.9000	-26		-32	
1781	8.9050	-25		-32	
1782	8.9100	-25		-31	
1783	8.9150	-24		-31	
1784	8.9200	-24		-31	
1785	8.9250	-24		-31	
1786	8.9300	-24		-30	
1787	8.9350	-23		-30	
1788	8.9400	-23		-30	
1789	8.9450	-22		-30	
1790	8.9500	-22		-29	
1791	8.9550	-22		-29	
1792	8.9600	-21		-28	
1793	8.9650	-20		-28	
1794	8.9700	-20		-28	
1795	8.9750	-20		-27	
1796	8.9800	-19		-27	
1797	8.9850	-18		-26	
1798	8.9900	-18		-26	
1799	8.9950	-17		-26	
1800	9.0000	-16		-25	
1801	9.0050	-16		-25	
1802	9.0100	-16		-24	
1803	9.0150	-15		-24	
1804	9.0200	-14		-23	
1805	9.0250	-14		-22	
1806	9.0300	-13		-22	
1807	9.0350	-12		-22	
1808	9.0400	-12		-21	
1809	9.0450	-11		-20	
1810	9.0500	-10		-20	
1811	9.0550	-10		-19	
1812	9.0600	-9		-18	
1813	9.0650	-8		-18	
1814	9.0700	-8		-17	
1815	9.0750	-6		-17	
1816	9.0800	-6		-16	
1817	9.0850	-5		-15	
1818	9.0900	-4		-15	
1819	9.0950	-4		-14	
1820	9.1000	-3		-13	
1821	9.1050	-2		-12	
1822	9.1100	-2		-12	
1823	9.1150	-1		-11	
1824	9.1200	0		-10	
1825	9.1250	1		-10	
1826	9.1300	2		-9	
1827	9.1350	2		-8	
1828	9.1400	3		-7	
1829	9.1450	4		-6	
1830	9.1500	5		-6	
1831	9.1550	6		-5	
1832	9.1600	6		-4	
1833	9.1650	7		-4	
1834	9.1700	8		-3	
1835	9.1750	8		-2	
1836	9.1800	9		-1	
1837	9.1850	10		0	
1838	9.1900	10		0	
1839	9.1950	11		1	
1840	9.2000	12		2	
1841	9.2050	13		3	
1842	9.2100	14		4	
1843	9.2150	14		4	
1844	9.2200	15		5	
1845	9.2250	16		6	
1846	9.2300	16		7	
1847	9.2350	17		8	
1848	9.2400	18		8	
1849	9.2450	18		9	
1850	9.2500	19		10	
1851	9.2550	20		11	
1852	9.2600	20		11	
1853	9.2650	21		12	
1854	9.2700	22		13	
1855	9.2750	22		14	
1856	9.2800	23		14	
1857	9.2850	24		15	
1858	9.2900	24		16	
1859	9.2950	24		17	
1860	9.3000	25		17	
1861	9.3050	26		18	
1862	9.3100	26		19	
1863	9.3150	27		20	
1864	9.3200	27		20	
1865	9.3250	28		21	
1866	9.3300	28		22	
1867	9.3350	28		22	
1868	9.3400	29		23	
1869	9.3450	30		23	
1870	9.3500	30		24	
1871	9.3550	30		25	
1872	9.3600	30		25	
1873	9.3650	31		26	
1874	9.3700	32		26	
1875	9.3750	32		27	
1876	9.3800	32		28	
1877	9.3850	32		28	
1878	9.3900	33		29	
1879	9.3950	33		29	
1880	9.4000	34		30	
1881	9.4050	34		30	
1882	9.4100	34		31	
1883	9.4150	34		31	
1884	9.4200	34		32	
1885	9.4250	34		32	
1886	9.4300	34		32	
1887	9.4350	35		33	
1888	9.4400	35		33	
1889	9.4450	35		33	
1890	9.4500	35		34	
1891	9.4550	36		34	
1892	9.4600	36		34	
1893	9.4650	36		35	
1894	9.4700	36		35	
1895	9.4750	36		35	
1896	9.4800	36		36	
1897	9.4850	36		36	
1898	9.4900	36		36	
1899	9.4950	36		36	
1900	9.5000	36		36	
1901	9.5050	36		36	
1902	9.5100	36		36	
1903	9.5150	36		37	
1904	9.5200	36		37	
1905	9.5250	36		37	
1906	9.5300	35		37	
1907	9.5350	35		37	
1908	9.5400	35		37	
1909	9.5450	35		37	
1910	9.5500	34		37	
1911	9.5550	34		37	
1912	9.5600	34		37	
1913	9.5650	34		36	
1914	9.5700	34		36	
1915	9.5750	34		36	
1916	9.5800	33		36	
1917	9.5850	33		36	
1918	9.5900	32		36	
1919	9.5950	32		36	
1920	9.6000	32		35	
1921	9.6050	32		35	
1922	9.6100	31		35	
1923	9.6150	31		34	
1924	9.6200	30		34	
1925	9.6250	30		34	
1926	9.6300	30		34	
1927	9.6350	29		33	
1928	9.6400	28		33	
1929	9.6450	28		32	
1930	9.6500	28		32	
1931	9.6550	27		32	
1932	9.6600	26		31	
1933	9.6650	26		31	
1934	9.6700	26		30	
1935	9.6750	25		30	
1936	9.6800	24		29	
1937	9.6850	24		29	
1938	9.6900	24		28	
1939	9.6950	23		28	
1940	9.7000	22		27	
1941	9.7050	22		27	
1942	9.7100	21		26	
1943	9.7150	20		26	
1944	9.7200	20		25	
1945	9.7250	19		24	
1946	9.7300	18		24	
1947	9.7350	18		23	
1948	9.7400	17		22	
1949	9.7450	16		22	
1950	9.7500	16		21	
1951	9.7550	15		21	
1952	9.7600	14		20	
1953	9.7650	14		19	
1954	9.7700	13		19	
1955	9.7750	12		18	
1956	9.7800	12		17	
1957	9.7850	11		16	
1958	9.7900	10		16	
1959	9.7950	10		15	
1960	9.8000	9		14	
1961	9.8050	8		14	
1962	9.8100	8		13	
1963	9.8150	7		12	
1964	9.8200	6		11	
1965	9.8250	5		10	
1966	9.8300	4		10	
1967	9.8350	4		9	
1968	9.8400	3		8	
1969	9.8450	2		7	
1970	9.8500	2		7	
1971	9.8550	1		6	
1972	9.8600	0		5	
1973	9.8650	0		4	
1974	9.8700	-1		4	
1975	9.8750	-2		3	
1976	9.8800	-3		2	
1977	9.8850	-4		1	
1978	9.8900	-4		0	
1979	9.8950	-5		0	
1980	9.9000	-6		-1	
1981	9.9050	-6		-2	
1982	9.9100	-7		-3	
1983	9.9150	-8		-4	
1984	9.9200	-8		-4	
1985	9.9250	-9		-5	
1986	9.9300	-10		-6	
1987	9.9350	-10		-7	
1988	9.9400	-11		-7	
1989	9.9450	-12		-8	
1990	9.9500	-12		-9	
1991	9.9550	-13		-10	
1992	9.9600	-14		-10	
1993	9.9650	-14		-11	
1994	9.9700	-15		-12	
1995	9.9750	-16		-12	
1996	9.9800	-16		-13	
1997	9.9850	-16		-14	
1998	9.9900	-17		-14	
1999	9.9950	-18		-15	
2000	10.0000	-18		-16	
