#	time(s)	count A	count B	count C	count D
1	0.0050	-35		81	
2	0.0100	-36		80	
3	0.0150	-36		78	
4	0.0200	-36		75	
5	0.0250	-37		73	
6	0.0300	-37		71	
7	0.0350	-38		68	
8	0.0400	-38		66	
9	0.0450	-38		64	
10	0.0500	-39		61	
11	0.0550	-39		58	
12	0.0600	-40		56	
13	0.0650	-40		53	
14	0.0700	-40		50	
15	0.0750	-40		47	
16	0.0800	-41		44	
17	0.0850	-41		41	
18	0.0900	-41		38	
19	0.0950	-41		35	
20	0.1000	-42		32	
21	0.1050	-42		29	
22	0.1100	-42		26	
23	0.1150	-42		22	
24	0.1200	-42		19	
25	0.1250	-42		16	
26	0.1300	-42		12	
27	0.1350	-42		9	
28	0.1400	-42		6	
29	0.1450	-42		2	
30	0.1500	-42		-1	
31	0.1550	-42		-4	
32	0.1600	-42		-8	
33	0.1650	-42		-11	
34	0.1700	-42		-14	
35	0.1750	-42		-18	
36	0.1800	-42		-22	
37	0.1850	-41		-25	
38	0.1900	-41		-28	
39	0.1950	-41		-32	
40	0.2000	-40		-35	
41	0.2050	-40		-38	
42	0.2100	-40		-42	
43	0.2150	-40		-45	
44	0.2200	-39		-48	
45	0.2250	-39		-52	
46	0.2300	-38		-54	
47	0.2350	-38		-58	
48	0.2400	-38		-61	
49	0.2450	-37		-64	
50	0.2500	-37		-67	
51	0.2550	-36		-70	
52	0.2600	-36		-72	
53	0.2650	-36		-75	
54	0.2700	-35		-78	
55	0.2750	-34		-81	
56	0.2800	-34		-83	
57	0.2850	-34		-86	
58	0.2900	-33		-88	
59	0.2950	-32		-91	
60	0.3000	-32		-93	
61	0.3050	-31		-96	
62	0.3100	-30		-98	
63	0.3150	-30		-100	
64	0.3200	-29		-102	
65	0.3250	-29		-104	
66	0.3300	-28		-105	
67	0.3350	-27		-107	
68	0.3400	-27		-109	
69	0.3450	-26		-110	
70	0.3500	-26		-112	
71	0.3550	-25		-113	
72	0.3600	-24		-114	
73	0.3650	-24		-115	
74	0.3700	-23		-116	
75	0.3750	-22		-117	
76	0.3800	-21		-118	
77	0.3850	-21		-119	
78	0.3900	-20		-120	
79	0.3950	-19		-120	
80	0.4000	-19		-120	
81	0.4050	-18		-121	
82	0.4100	-17		-121	
83	0.4150	-17		-121	
84	0.4200	-16		-121	
85	0.4250	-15		-121	
86	0.4300	-14		-121	
87	0.4350	-14		-120	
88	0.4400	-13		-120	
89	0.4450	-13		-119	
90	0.4500	-12		-118	
91	0.4550	-12		-118	
92	0.4600	-11		-117	
93	0.4650	-10		-116	
94	0.4700	-10		-115	
95	0.4750	-9		-114	
96	0.4800	-8		-112	
97	0.4850	-8		-111	
98	0.4900	-8		-110	
99	0.4950	-7		-108	
100	0.5000	-6		-106	
101	0.5050	-6		-104	
102	0.5100	-5		-103	
103	0.5150	-5		-101	
104	0.5200	-4		-99	
105	0.5250	-4		-96	
106	0.5300	-4		-94	
107	0.5350	-3		-92	
108	0.5400	-3		-90	
109	0.5450	-2		-88	
110	0.5500	-2		-85	
111	0.5550	-2		-82	
112	0.5600	-1		-80	
113	0.5650	-1		-77	
114	0.5700	-1		-74	
115	0.5750	0		-72	
116	0.5800	0		-68	
117	0.5850	0		-66	
118	0.5900	0		-62	
119	0.5950	0		-60	
120	0.6000	0		-56	
121	0.6050	1		-53	
122	0.6100	1		-50	
123	0.6150	1		-47	
124	0.6200	1		-44	
125	0.6250	1		-40	
126	0.6300	1		-37	
127	0.6350	1		-34	
128	0.6400	1		-30	
129	0.6450	1		-27	
130	0.6500	1		-23	
131	0.6550	1		-20	
132	0.6600	1		-16	
133	0.6650	1		-13	
134	0.6700	1		-10	
135	0.6750	1		-6	
136	0.6800	1		-3	
137	0.6850	0		1	
138	0.6900	0		4	
139	0.6950	0		8	
140	0.7000	0		11	
141	0.7050	0		14	
142	0.7100	0		18	
143	0.7150	-1		21	
144	0.7200	-1		24	
145	0.7250	-2		28	
146	0.7300	-2		31	
147	0.7350	-2		34	
148	0.7400	-3		37	
149	0.7450	-3		40	
150	0.7500	-4		44	
151	0.7550	-4		46	
152	0.7600	-4		50	
153	0.7650	-5		52	
154	0.7700	-5		55	
155	0.7750	-6		58	
156	0.7800	-6		60	
157	0.7850	-6		63	
158	0.7900	-7		66	
159	0.7950	-8		68	
160	0.8000	-8		70	
161	0.8050	-9		73	
162	0.8100	-10		75	
163	0.8150	-10		78	
164	0.8200	-11		80	
165	0.8250	-11		82	
166	0.8300	-12		83	
167	0.8350	-12		85	
168	0.8400	-13		87	
169	0.8450	-14		88	
170	0.8500	-14		90	
171	0.8550	-15		91	
172	0.8600	-16		93	
173	0.8650	-16		94	
174	0.8700	-17		95	
175	0.8750	-18		96	
176	0.8800	-18		97	
177	0.8850	-19		98	
178	0.8900	-20		98	
179	0.8950	-20		99	
180	0.9000	-21		100	
181	0.9050	-22		100	
182	0.9100	-22		100	
183	0.9150	-23		100	
184	0.9200	-24		100	
185	0.9250	-24		100	
186	0.9300	-25		100	
187	0.9350	-26		100	
188	0.9400	-26		100	
189	0.9450	-27		99	
190	0.9500	-28		98	
191	0.9550	-28		98	
192	0.9600	-29		97	
193	0.9650	-29		96	
194	0.9700	-30		95	
195	0.9750	-30		94	
196	0.9800	-31		93	
197	0.9850	-32		92	
198	0.9900	-32		90	
199	0.9950	-33		89	
200	1.0000	-33		87	
201	1.0050	-34		85	
202	1.0100	-34		84	
203	1.0150	-35		82	
204	1.0200	-36		80	
205	1.0250	-36		78	
206	1.0300	-36		76	
207	1.0350	-37		74	
208	1.0400	-37		71	
209	1.0450	-38		69	
210	1.0500	-38		66	
211	1.0550	-38		64	
212	1.0600	-39		61	
213	1.0650	-39		59	
214	1.0700	-40		56	
215	1.0750	-40		53	
216	1.0800	-40		50	
217	1.0850	-40		48	
218	1.0900	-41		44	
219	1.0950	-41		42	
220	1.1000	-41		39	
221	1.1050	-41		36	
222	1.1100	-42		32	
223	1.1150	-42		29	
224	1.1200	-42		26	
225	1.1250	-42		23	
226	1.1300	-42		20	
227	1.1350	-42		16	
228	1.1400	-42		13	
229	1.1450	-42		10	
230	1.1500	-42		6	
231	1.1550	-42		3	
232	1.1600	-42		0	
233	1.1650	-42		-4	
234	1.1700	-42		-8	
235	1.1750	-42		-11	
236	1.1800	-42		-14	
237	1.1850	-42		-18	
238	1.1900	-42		-21	
239	1.1950	-41		-24	
240	1.2000	-41		-28	
241	1.2050	-41		-32	
242	1.2100	-40		-35	
243	1.2150	-40		-38	
244	1.2200	-40		-41	
245	1.2250	-40		-44	
246	1.2300	-39		-48	
247	1.2350	-39		-51	
248	1.2400	-38		-54	
249	1.2450	-38		-57	
250	1.2500	-38		-60	
251	1.2550	-38		-64	
252	1.2600	-37		-66	
253	1.2650	-36		-69	
254	1.2700	-36		-72	
255	1.2750	-36		-75	
256	1.2800	-35		-78	
257	1.2850	-34		-80	
258	1.2900	-34		-83	
259	1.2950	-34		-86	
260	1.3000	-33		-88	
261	1.3050	-32		-91	
262	1.3100	-32		-93	
263	1.3150	-31		-95	
264	1.3200	-30		-98	
265	1.3250	-30		-100	
266	1.3300	-29		-102	
267	1.3350	-29		-103	
268	1.3400	-28		-105	
269	1.3450	-28		-107	
270	1.3500	-27		-108	
271	1.3550	-26		-110	
272	1.3600	-26		-112	
273	1.3650	-25		-113	
274	1.3700	-24		-114	
275	1.3750	-24		-115	
276	1.3800	-23		-116	
277	1.3850	-22		-117	
278	1.3900	-22		-118	
279	1.3950	-21		-119	
280	1.4000	-20		-120	
281	1.4050	-19		-120	
282	1.4100	-19		-120	
283	1.4150	-18		-121	
284	1.4200	-18		-121	
285	1.4250	-17		-121	
286	1.4300	-16		-121	
287	1.4350	-16		-121	
288	1.4400	-15		-121	
289	1.4450	-14		-120	
290	1.4500	-14		-120	
291	1.4550	-13		-119	
292	1.4600	-12		-119	
293	1.4650	-12		-118	
294	1.4700	-11		-117	
295	1.4750	-10		-116	
296	1.4800	-10		-115	
297	1.4850	-9		-114	
298	1.4900	-8		-112	
299	1.4950	-8		-111	
300	1.5000	-8		-110	
301	1.5050	-7		-108	
302	1.5100	-6		-106	
303	1.5150	-6		-105	
304	1.5200	-6		-103	
305	1.5250	-5		-101	
306	1.5300	-4		-99	
307	1.5350	-4		-97	
308	1.5400	-4		-94	
309	1.5450	-3		-92	
310	1.5500	-3		-90	
311	1.5550	-2		-88	
312	1.5600	-2		-85	
313	1.5650	-2		-82	
314	1.5700	-1		-80	
315	1.5750	-1		-77	
316	1.5800	-1		-74	
317	1.5850	0		-72	
318	1.5900	0		-69	
319	1.5950	0		-66	
320	1.6000	0		-63	
321	1.6050	0		-60	
322	1.6100	0		-56	
323	1.6150	1		-53	
324	1.6200	1		-50	
325	1.6250	1		-47	
326	1.6300	1		-44	
327	1.6350	1		-40	
328	1.6400	1		-37	
329	1.6450	1		-34	
330	1.6500	1		-30	
331	1.6550	1		-27	
332	1.6600	1		-24	
333	1.6650	1		-20	
334	1.6700	1		-17	
335	1.6750	1		-13	
336	1.6800	1		-10	
337	1.6850	1		-6	
338	1.6900	1		-3	
339	1.6950	0		0	
340	1.7000	0		4	
341	1.7050	0		8	
342	1.7100	0		11	
343	1.7150	0		14	
344	1.7200	0		18	
345	1.7250	-1		21	
346	1.7300	-1		24	
347	1.7350	-2		28	
348	1.7400	-2		31	
349	1.7450	-2		34	
350	1.7500	-3		37	
351	1.7550	-3		40	
352	1.7600	-4		43	
353	1.7650	-4		46	
354	1.7700	-4		49	
355	1.7750	-5		52	
356	1.7800	-5		55	
357	1.7850	-6		58	
358	1.7900	-6		60	
359	1.7950	-7		63	
360	1.8000	-7		66	
361	1.8050	-8		68	
362	1.8100	-8		70	
363	1.8150	-9		73	
364	1.8200	-9		75	
365	1.8250	-10		77	
366	1.8300	-10		79	
367	1.8350	-11		81	
368	1.8400	-12		83	
369	1.8450	-12		85	
370	1.8500	-13		87	
371	1.8550	-14		88	
372	1.8600	-14		90	
373	1.8650	-15		91	
374	1.8700	-16		92	
375	1.8750	-16		94	
376	1.8800	-17		95	
377	1.8850	-18		96	
378	1.8900	-18		97	
379	1.8950	-19		98	
380	1.9000	-20		98	
381	1.9050	-20		99	
382	1.9100	-21		100	
383	1.9150	-22		100	
384	1.9200	-22		100	
385	1.9250	-23		100	
386	1.9300	-24		100	
387	1.9350	-24		100	
388	1.9400	-25		100	
389	1.9450	-26		100	
390	1.9500	-26		100	
391	1.9550	-27		99	
392	1.9600	-28		98	
393	1.9650	-28		98	
394	1.9700	-29		97	
395	1.9750	-29		96	
396	1.9800	-30		95	
397	1.9850	-30		94	
398	1.9900	-31		93	
399	1.9950	-32		92	
400	2.0000	-32		90	
401	2.0050	-33		88	
402	2.0100	-33		87	
403	2.0150	-34		85	
404	2.0200	-34		84	
405	2.0250	-35		82	
406	2.0300	-36		80	
407	2.0350	-36		78	
408	2.0400	-36		76	
409	2.0450	-37		74	
410	2.0500	-37		71	
411	2.0550	-38		69	
412	2.0600	-38		66	
413	2.0650	-38		64	
414	2.0700	-39		62	
415	2.0750	-39		59	
416	2.0800	-40		56	
417	2.0850	-40		54	
418	2.0900	-40		50	
419	2.0950	-40		48	
420	2.1000	-40		45	
421	2.1050	-41		42	
422	2.1100	-41		39	
423	2.1150	-41		36	
424	2.1200	-42		32	
425	2.1250	-42		29	
426	2.1300	-42		26	
427	2.1350	-42		23	
428	2.1400	-42		20	
429	2.1450	-42		16	
430	2.1500	-42		13	
431	2.1550	-42		10	
432	2.1600	-42		6	
433	2.1650	-42		3	
434	2.1700	-42		0	
435	2.1750	-42		-4	
436	2.1800	-42		-7	
437	2.1850	-42		-10	
438	2.1900	-42		-14	
439	2.1950	-42		-17	
440	2.2000	-42		-21	
441	2.2050	-41		-24	
442	2.2100	-41		-28	
443	2.2150	-41		-31	
444	2.2200	-40		-34	
445	2.2250	-40		-38	
446	2.2300	-40		-41	
447	2.2350	-40		-44	
448	2.2400	-39		-48	
449	2.2450	-39		-51	
450	2.2500	-38		-54	
451	2.2550	-38		-57	
452	2.2600	-38		-60	
453	2.2650	-38		-63	
454	2.2700	-37		-66	
455	2.2750	-36		-69	
456	2.2800	-36		-72	
457	2.2850	-36		-75	
458	2.2900	-35		-78	
459	2.2950	-35		-80	
460	2.3000	-34		-83	
461	2.3050	-34		-86	
462	2.3100	-33		-88	
463	2.3150	-32		-90	
464	2.3200	-32		-93	
465	2.3250	-31		-95	
466	2.3300	-30		-97	
467	2.3350	-30		-99	
468	2.3400	-29		-101	
469	2.3450	-29		-103	
470	2.3500	-28		-105	
471	2.3550	-28		-107	
472	2.3600	-27		-108	
473	2.3650	-26		-110	
474	2.3700	-26		-112	
475	2.3750	-25		-113	
476	2.3800	-24		-114	
477	2.3850	-24		-115	
478	2.3900	-23		-116	
479	2.3950	-22		-117	
480	2.4000	-22		-118	
481	2.4050	-21		-119	
482	2.4100	-20		-120	
483	2.4150	-20		-120	
484	2.4200	-19		-120	
485	2.4250	-18		-121	
486	2.4300	-18		-121	
487	2.4350	-17		-121	
488	2.4400	-16		-121	
489	2.4450	-16		-121	
490	2.4500	-15		-121	
491	2.4550	-14		-120	
492	2.4600	-14		-120	
493	2.4650	-13		-120	
494	2.4700	-12		-119	
495	2.4750	-12		-118	
496	2.4800	-11		-117	
497	2.4850	-10		-116	
498	2.4900	-10		-115	
499	2.4950	-9		-114	
500	2.5000	-8		-113	
501	2.5050	-8		-111	
502	2.5100	-8		-110	
503	2.5150	-7		-108	
504	2.5200	-6		-106	
505	2.5250	-6		-105	
506	2.5300	-6		-103	
507	2.5350	-5		-101	
508	2.5400	-4		-99	
509	2.5450	-4		-97	
510	2.5500	-4		-95	
511	2.5550	-3		-92	
512	2.5600	-3		-90	
513	2.5650	-2		-88	
514	2.5700	-2		-86	
515	2.5750	-2		-83	
516	2.5800	-1		-80	
517	2.5850	-1		-78	
518	2.5900	-1		-75	
519	2.5950	0		-72	
520	2.6000	0		-69	
521	2.6050	0		-66	
522	2.6100	0		-63	
523	2.6150	0		-60	
524	2.6200	0		-57	
525	2.6250	1		-54	
526	2.6300	1		-50	
527	2.6350	1		-47	
528	2.6400	1		-44	
529	2.6450	1		-41	
530	2.6500	1		-37	
531	2.6550	1		-34	
532	2.6600	1		-30	
533	2.6650	1		-27	
534	2.6700	1		-24	
535	2.6750	1		-20	
536	2.6800	1		-17	
537	2.6850	1		-14	
538	2.6900	1		-10	
539	2.6950	1		-7	
540	2.7000	1		-3	
541	2.7050	0		0	
542	2.7100	0		4	
543	2.7150	0		7	
544	2.7200	0		11	
545	2.7250	0		14	
546	2.7300	0		18	
547	2.7350	-1		21	
548	2.7400	-1		24	
549	2.7450	-2		27	
550	2.7500	-2		30	
551	2.7550	-2		34	
552	2.7600	-2		37	
553	2.7650	-3		40	
554	2.7700	-3		43	
555	2.7750	-4		46	
556	2.7800	-4		49	
557	2.7850	-5		52	
558	2.7900	-5		54	
559	2.7950	-6		58	
560	2.8000	-6		60	
561	2.8050	-7		63	
562	2.8100	-7		66	
563	2.8150	-8		68	
564	2.8200	-8		70	
565	2.8250	-9		73	
566	2.8300	-10		75	
567	2.8350	-10		77	
568	2.8400	-10		79	
569	2.8450	-11		81	
570	2.8500	-12		83	
571	2.8550	-12		85	
572	2.8600	-13		86	
573	2.8650	-14		88	
574	2.8700	-14		90	
575	2.8750	-15		91	
576	2.8800	-16		92	
577	2.8850	-16		94	
578	2.8900	-17		95	
579	2.8950	-18		96	
580	2.9000	-18		97	
581	2.9050	-19		98	
582	2.9100	-20		98	
583	2.9150	-20		99	
584	2.9200	-21		100	
585	2.9250	-22		100	
586	2.9300	-22		100	
587	2.9350	-23		100	
588	2.9400	-24		100	
589	2.9450	-24		100	
590	2.9500	-25		100	
591	2.9550	-26		100	
592	2.9600	-26		100	
593	2.9650	-27		99	
594	2.9700	-27		98	
595	2.9750	-28		98	
596	2.9800	-28		97	
597	2.9850	-29		96	
598	2.9900	-30		95	
599	2.9950	-30		94	
600	3.0000	-31		93	
601	3.0050	-32		92	
602	3.0100	-32		90	
603	3.0150	-33		89	
604	3.0200	-33		87	
605	3.0250	-34		86	
606	3.0300	-34		84	
607	3.0350	-35		82	
608	3.0400	-35		80	
609	3.0450	-36		78	
610	3.0500	-36		76	
611	3.0550	-37		74	
612	3.0600	-37		72	
613	3.0650	-38		69	
614	3.0700	-38		67	
615	3.0750	-38		64	
616	3.0800	-39		62	
617	3.0850	-39		59	
618	3.0900	-40		56	
619	3.0950	-40		54	
620	3.1000	-40		51	
621	3.1050	-40		48	
622	3.1100	-40		45	
623	3.1150	-41		42	
624	3.1200	-41		39	
625	3.1250	-41		36	
626	3.1300	-42		33	
627	3.1350	-42		30	
628	3.1400	-42		26	
629	3.1450	-42		23	
630	3.1500	-42		20	
631	3.1550	-42		17	
632	3.1600	-42		14	
633	3.1650	-42		10	
634	3.1700	-42		7	
635	3.1750	-42		4	
636	3.1800	-42		0	
637	3.1850	-42		-4	
638	3.1900	-42		-7	
639	3.1950	-42		-10	
640	3.2000	-42		-14	
641	3.2050	-42		-17	
642	3.2100	-42		-21	
643	3.2150	-41		-24	
644	3.2200	-41		-28	
645	3.2250	-41		-31	
646	3.2300	-40		-34	
647	3.2350	-40		-38	
648	3.2400	-40		-41	
649	3.2450	-40		-44	
650	3.2500	-39		-47	
651	3.2550	-39		-50	
652	3.2600	-38		-54	
653	3.2650	-38		-57	
654	3.2700	-38		-60	
655	3.2750	-37		-63	
656	3.2800	-37		-66	
657	3.2850	-36		-69	
658	3.2900	-36		-72	
659	3.2950	-36		-74	
660	3.3000	-35		-77	
661	3.3050	-34		-80	
662	3.3100	-34		-83	
663	3.3150	-34		-85	
664	3.3200	-33		-88	
665	3.3250	-32		-90	
666	3.3300	-32		-92	
667	3.3350	-31		-95	
668	3.3400	-31		-97	
669	3.3450	-30		-99	
670	3.3500	-30		-101	
671	3.3550	-29		-103	
672	3.3600	-28		-105	
673	3.3650	-28		-106	
674	3.3700	-27		-108	
675	3.3750	-26		-110	
676	3.3800	-26		-111	
677	3.3850	-25		-112	
678	3.3900	-24		-114	
679	3.3950	-24		-115	
680	3.4000	-23		-116	
681	3.4050	-22		-117	
682	3.4100	-22		-118	
683	3.4150	-21		-119	
684	3.4200	-20		-120	
685	3.4250	-20		-120	
686	3.4300	-19		-120	
687	3.4350	-18		-121	
688	3.4400	-18		-121	
689	3.4450	-17		-121	
690	3.4500	-16		-121	
691	3.4550	-15		-121	
692	3.4600	-15		-121	
693	3.4650	-14		-120	
694	3.4700	-14		-120	
695	3.4750	-13		-120	
696	3.4800	-12		-119	
697	3.4850	-12		-118	
698	3.4900	-11		-117	
699	3.4950	-10		-116	
700	3.5000	-10		-115	
701	3.5050	-9		-114	
702	3.5100	-8		-113	
703	3.5150	-8		-112	
704	3.5200	-8		-110	
705	3.5250	-7		-108	
706	3.5300	-6		-107	
707	3.5350	-6		-105	
708	3.5400	-6		-103	
709	3.5450	-5		-101	
710	3.5500	-4		-99	
711	3.5550	-4		-97	
712	3.5600	-4		-95	
713	3.5650	-3		-93	
714	3.5700	-3		-90	
715	3.5750	-2		-88	
716	3.5800	-2		-86	
717	3.5850	-2		-83	
718	3.5900	-1		-80	
719	3.5950	-1		-78	
720	3.6000	-1		-75	
721	3.6050	0		-72	
722	3.6100	0		-69	
723	3.6150	0		-66	
724	3.6200	0		-63	
725	3.6250	0		-60	
726	3.6300	0		-57	
727	3.6350	1		-54	
728	3.6400	1		-51	
729	3.6450	1		-48	
730	3.6500	1		-44	
731	3.6550	1		-41	
732	3.6600	1		-38	
733	3.6650	1		-34	
734	3.6700	1		-31	
735	3.6750	1		-28	
736	3.6800	1		-24	
737	3.6850	1		-21	
738	3.6900	1		-17	
739	3.6950	1		-14	
740	3.7000	1		-10	
741	3.7050	1		-7	
742	3.7100	1		-3	
743	3.7150	1		0	
744	3.7200	0		4	
745	3.7250	0		7	
746	3.7300	0		10	
747	3.7350	0		14	
748	3.7400	0		17	
749	3.7450	-1		20	
750	3.7500	-1		24	
751	3.7550	-2		27	
752	3.7600	-2		30	
753	3.7650	-2		34	
754	3.7700	-2		36	
755	3.7750	-3		40	
756	3.7800	-3		43	
757	3.7850	-4		46	
758	3.7900	-4		48	
759	3.7950	-4		52	
760	3.8000	-5		54	
761	3.8050	-6		57	
762	3.8100	-6		60	
763	3.8150	-6		63	
764	3.8200	-7		65	
765	3.8250	-8		68	
766	3.8300	-8		70	
767	3.8350	-9		72	
768	3.8400	-10		75	
769	3.8450	-10		77	
770	3.8500	-10		79	
771	3.8550	-11		81	
772	3.8600	-12		83	
773	3.8650	-12		85	
774	3.8700	-13		86	
775	3.8750	-14		88	
776	3.8800	-14		90	
777	3.8850	-15		91	
778	3.8900	-16		92	
779	3.8950	-16		94	
780	3.9000	-17		95	
781	3.9050	-17		96	
782	3.9100	-18		97	
783	3.9150	-19		98	
784	3.9200	-20		98	
785	3.9250	-20		99	
786	3.9300	-21		100	
787	3.9350	-22		100	
788	3.9400	-22		100	
789	3.9450	-23		100	
790	3.9500	-24		100	
791	3.9550	-24		100	
792	3.9600	-25		100	
793	3.9650	-26		100	
794	3.9700	-26		100	
795	3.9750	-27		99	
796	3.9800	-27		98	
797	3.9850	-28		98	
798	3.9900	-28		97	
799	3.9950	-29		96	
800	4.0000	-30		95	
801	4.0050	-30		94	
802	4.0100	-31		93	
803	4.0150	-32		92	
804	4.0200	-32		90	
805	4.0250	-33		89	
806	4.0300	-33		87	
807	4.0350	-34		86	
808	4.0400	-34		84	
809	4.0450	-35		82	
810	4.0500	-35		80	
811	4.0550	-36		78	
812	4.0600	-36		76	
813	4.0650	-37		74	
814	4.0700	-37		72	
815	4.0750	-38		69	
816	4.0800	-38		67	
817	4.0850	-38		64	
818	4.0900	-39		62	
819	4.0950	-39		59	
820	4.1000	-40		57	
821	4.1050	-40		54	
822	4.1100	-40		51	
823	4.1150	-40		48	
824	4.1200	-40		45	
825	4.1250	-41		42	
826	4.1300	-41		39	
827	4.1350	-41		36	
828	4.1400	-41		33	
829	4.1450	-42		30	
830	4.1500	-42		27	
831	4.1550	-42		24	
832	4.1600	-42		20	
833	4.1650	-42		17	
834	4.1700	-42		14	
835	4.1750	-42		10	
836	4.1800	-42		7	
837	4.1850	-42		4	
838	4.1900	-42		0	
839	4.1950	-42		-3	
840	4.2000	-42		-6	
841	4.2050	-42		-10	
842	4.2100	-42		-14	
843	4.2150	-42		-17	
844	4.2200	-42		-20	
845	4.2250	-41		-24	
846	4.2300	-41		-27	
847	4.2350	-41		-30	
848	4.2400	-40		-34	
849	4.2450	-40		-37	
850	4.2500	-40		-40	
851	4.2550	-40		-44	
852	4.2600	-39		-47	
853	4.2650	-39		-50	
854	4.2700	-39		-53	
855	4.2750	-38		-56	
856	4.2800	-38		-60	
857	4.2850	-38		-62	
858	4.2900	-37		-66	
859	4.2950	-36		-68	
860	4.3000	-36		-71	
861	4.3050	-36		-74	
862	4.3100	-35		-77	
863	4.3150	-34		-80	
864	4.3200	-34		-82	
865	4.3250	-34		-85	
866	4.3300	-33		-88	
867	4.3350	-32		-90	
868	4.3400	-32		-92	
869	4.3450	-31		-94	
870	4.3500	-31		-97	
871	4.3550	-30		-99	
872	4.3600	-30		-101	
873	4.3650	-29		-103	
874	4.3700	-28		-104	
875	4.3750	-28		-106	
876	4.3800	-27		-108	
877	4.3850	-26		-110	
878	4.3900	-26		-111	
879	4.3950	-25		-112	
880	4.4000	-24		-114	
881	4.4050	-24		-115	
882	4.4100	-23		-116	
883	4.4150	-22		-117	
884	4.4200	-22		-118	
885	4.4250	-21		-118	
886	4.4300	-20		-119	
887	4.4350	-20		-120	
888	4.4400	-19		-120	
889	4.4450	-18		-120	
890	4.4500	-18		-121	
891	4.4550	-17		-121	
892	4.4600	-16		-121	
893	4.4650	-16		-121	
894	4.4700	-15		-120	
895	4.4750	-14		-120	
896	4.4800	-14		-120	
897	4.4850	-13		-119	
898	4.4900	-12		-119	
899	4.4950	-12		-118	
900	4.5000	-11		-117	
901	4.5050	-10		-116	
902	4.5100	-10		-115	
903	4.5150	-9		-114	
904	4.5200	-8		-112	
905	4.5250	-8		-111	
906	4.5300	-8		-110	
907	4.5350	-7		-108	
908	4.5400	-6		-107	
909	4.5450	-6		-105	
910	4.5500	-6		-103	
911	4.5550	-5		-101	
912	4.5600	-4		-99	
913	4.5650	-4		-97	
914	4.5700	-4		-95	
915	4.5750	-3		-93	
916	4.5800	-3		-90	
917	4.5850	-2		-88	
918	4.5900	-2		-86	
919	4.5950	-2		-83	
920	4.6000	-1		-80	
921	4.6050	-1		-78	
922	4.6100	-1		-75	
923	4.6150	0		-72	
924	4.6200	0		-69	
925	4.6250	0		-66	
926	4.6300	0		-63	
927	4.6350	0		-60	
928	4.6400	0		-57	
929	4.6450	1		-54	
930	4.6500	1		-51	
931	4.6550	1		-48	
932	4.6600	1		-44	
933	4.6650	1		-41	
934	4.6700	1		-38	
935	4.6750	1		-34	
936	4.6800	1		-31	
937	4.6850	1		-28	
938	4.6900	1		-24	
939	4.6950	1		-21	
940	4.7000	1		-18	
941	4.7050	1		-14	
942	4.7100	1		-10	
943	4.7150	1		-7	
944	4.7200	1		-4	
945	4.7250	1		0	
946	4.7300	0		4	
947	4.7350	0		7	
948	4.7400	0		10	
949	4.7450	0		14	
950	4.7500	0		17	
951	4.7550	-1		20	
952	4.7600	-1		24	
953	4.7650	-2		27	
954	4.7700	-2		30	
955	4.7750	-2		33	
956	4.7800	-2		36	
957	4.7850	-3		40	
958	4.7900	-3		42	
959	4.7950	-4		46	
960	4.8000	-4		48	
961	4.8050	-4		52	
962	4.8100	-5		54	
963	4.8150	-6		57	
964	4.8200	-6		60	
965	4.8250	-6		62	
966	4.8300	-7		65	
967	4.8350	-8		68	
968	4.8400	-8		70	
969	4.8450	-8		72	
970	4.8500	-9		74	
971	4.8550	-10		77	
972	4.8600	-10		79	
973	4.8650	-11		81	
974	4.8700	-12		83	
975	4.8750	-12		85	
976	4.8800	-13		86	
977	4.8850	-14		88	
978	4.8900	-14		90	
979	4.8950	-15		91	
980	4.9000	-16		92	
981	4.9050	-16		94	
982	4.9100	-17		95	
983	4.9150	-17		96	
984	4.9200	-18		97	
985	4.9250	-19		98	
986	4.9300	-19		98	
987	4.9350	-20		99	
988	4.9400	-21		100	
989	4.9450	-21		100	
990	4.9500	-22		100	
991	4.9550	-23		100	
992	4.9600	-23		100	
993	4.9650	-24		100	
994	4.9700	-25		100	
995	4.9750	-25		100	
996	4.9800	-26		100	
997	4.9850	-27		99	
998	4.9900	-27		98	
999	4.9950	-28		98	
1000	5.0000	-28		97	
1001	5.0050	-29		96	
1002	5.0100	-30		95	
1003	5.0150	-30		94	
1004	5.0200	-31		93	
1005	5.0250	-32		92	
1006	5.0300	-32		90	
1007	5.0350	-33		89	
1008	5.0400	-33		88	
1009	5.0450	-34		86	
1010	5.0500	-34		84	
1011	5.0550	-35		82	
1012	5.0600	-35		80	
1013	5.0650	-36		78	
1014	5.0700	-36		76	
1015	5.0750	-37		74	
1016	5.0800	-37		72	
1017	5.0850	-38		70	
1018	5.0900	-38		67	
1019	5.0950	-38		64	
1020	5.1000	-39		62	
1021	5.1050	-39		59	
1022	5.1100	-40		56	
1023	5.1150	-40		54	
1024	5.1200	-40		51	
1025	5.1250	-40		48	
1026	5.1300	-40		45	
1027	5.1350	-41		42	
1028	5.1400	-41		40	
1029	5.1450	-41		36	
1030	5.1500	-42		33	
1031	5.1550	-42		30	
1032	5.1600	-42		27	
1033	5.1650	-42		24	
1034	5.1700	-42		20	
1035	5.1750	-42		17	
1036	5.1800	-42		14	
1037	5.1850	-42		10	
1038	5.1900	-42		7	
1039	5.1950	-42		4	
1040	5.2000	-42		0	
1041	5.2050	-42		-3	
1042	5.2100	-42		-6	
1043	5.2150	-42		-10	
1044	5.2200	-42		-14	
1045	5.2250	-42		-17	
1046	5.2300	-42		-20	
1047	5.2350	-41		-24	
1048	5.2400	-41		-27	
1049	5.2450	-41		-30	
1050	5.2500	-40		-34	
1051	5.2550	-40		-37	
1052	5.2600	-40		-40	
1053	5.2650	-40		-44	
1054	5.2700	-39		-47	
1055	5.2750	-39		-50	
1056	5.2800	-39		-53	
1057	5.2850	-38		-56	
1058	5.2900	-38		-60	
1059	5.2950	-38		-62	
1060	5.3000	-37		-66	
1061	5.3050	-36		-68	
1062	5.3100	-36		-72	
1063	5.3150	-36		-74	
1064	5.3200	-35		-77	
1065	5.3250	-35		-80	
1066	5.3300	-34		-82	
1067	5.3350	-34		-85	
1068	5.3400	-33		-88	
1069	5.3450	-32		-90	
1070	5.3500	-32		-92	
1071	5.3550	-31		-94	
1072	5.3600	-31		-96	
1073	5.3650	-30		-99	
1074	5.3700	-30		-101	
1075	5.3750	-29		-103	
1076	5.3800	-28		-104	
1077	5.3850	-28		-106	
1078	5.3900	-27		-108	
1079	5.3950	-26		-110	
1080	5.4000	-26		-111	
1081	5.4050	-25		-112	
1082	5.4100	-24		-114	
1083	5.4150	-24		-115	
1084	5.4200	-23		-116	
1085	5.4250	-22		-117	
1086	5.4300	-22		-118	
1087	5.4350	-21		-118	
1088	5.4400	-20		-119	
1089	5.4450	-20		-120	
1090	5.4500	-19		-120	
1091	5.4550	-18		-120	
1092	5.4600	-18		-121	
1093	5.4650	-17		-121	
1094	5.4700	-16		-121	
1095	5.4750	-16		-121	
1096	5.4800	-15		-121	
1097	5.4850	-14		-120	
1098	5.4900	-14		-120	
1099	5.4950	-13		-120	
1100	5.5000	-12		-119	
1101	5.5050	-12		-118	
1102	5.5100	-11		-117	
1103	5.5150	-10		-116	
1104	5.5200	-10		-115	
1105	5.5250	-9		-114	
1106	5.5300	-8		-113	
1107	5.5350	-8		-112	
1108	5.5400	-8		-110	
1109	5.5450	-7		-108	
1110	5.5500	-6		-107	
1111	5.5550	-6		-105	
1112	5.5600	-6		-103	
1113	5.5650	-5		-102	
1114	5.5700	-4		-100	
1115	5.5750	-4		-98	
1116	5.5800	-4		-95	
1117	5.5850	-3		-93	
1118	5.5900	-3		-91	
1119	5.5950	-2		-88	
1120	5.6000	-2		-86	
1121	5.6050	-2		-83	
1122	5.6100	-1		-80	
1123	5.6150	-1		-78	
1124	5.6200	-1		-75	
1125	5.6250	0		-72	
1126	5.6300	0		-69	
1127	5.6350	0		-66	
1128	5.6400	0		-64	
1129	5.6450	0		-60	
1130	5.6500	0		-57	
1131	5.6550	1		-54	
1132	5.6600	1		-51	
1133	5.6650	1		-48	
1134	5.6700	1		-44	
1135	5.6750	1		-41	
1136	5.6800	1		-38	
1137	5.6850	1		-35	
1138	5.6900	1		-31	
1139	5.6950	1		-28	
1140	5.7000	1		-24	
1141	5.7050	1		-21	
1142	5.7100	1		-18	
1143	5.7150	1		-14	
1144	5.7200	1		-10	
1145	5.7250	1		-7	
1146	5.7300	1		-4	
1147	5.7350	1		0	
1148	5.7400	0		3	
1149	5.7450	0		7	
1150	5.7500	0		10	
1151	5.7550	0		14	
1152	5.7600	0		17	
1153	5.7650	-1		20	
1154	5.7700	-1		24	
1155	5.7750	-2		26	
1156	5.7800	-2		30	
1157	5.7850	-2		33	
1158	5.7900	-2		36	
1159	5.7950	-3		39	
1160	5.8000	-3		42	
1161	5.8050	-4		46	
1162	5.8100	-4		48	
1163	5.8150	-4		52	
1164	5.8200	-5		54	
1165	5.8250	-6		57	
1166	5.8300	-6		60	
1167	5.8350	-6		62	
1168	5.8400	-7		65	
1169	5.8450	-8		68	
1170	5.8500	-8		70	
1171	5.8550	-8		72	
1172	5.8600	-9		74	
1173	5.8650	-10		77	
1174	5.8700	-10		79	
1175	5.8750	-11		81	
1176	5.8800	-12		83	
1177	5.8850	-12		84	
1178	5.8900	-13		86	
1179	5.8950	-14		88	
1180	5.9000	-14		90	
1181	5.9050	-15		91	
1182	5.9100	-16		92	
1183	5.9150	-16		94	
1184	5.9200	-17		95	
1185	5.9250	-17		96	
1186	5.9300	-18		97	
1187	5.9350	-19		98	
1188	5.9400	-19		98	
1189	5.9450	-20		99	
1190	5.9500	-21		100	
1191	5.9550	-21		100	
1192	5.9600	-22		100	
1193	5.9650	-23		100	
1194	5.9700	-23		100	
1195	5.9750	-24		100	
1196	5.9800	-25		100	
1197	5.9850	-25		100	
1198	5.9900	-26		100	
1199	5.9950	-27		99	
1200	6.0000	-27		99	
1201	6.0050	-28		98	
1202	6.0100	-28		97	
1203	6.0150	-29		96	
1204	6.0200	-30		95	
1205	6.0250	-30		94	
1206	6.0300	-31		93	
1207	6.0350	-32		92	
1208	6.0400	-32		90	
1209	6.0450	-32		89	
1210	6.0500	-33		88	
1211	6.0550	-34		86	
1212	6.0600	-34		84	
1213	6.0650	-35		82	
1214	6.0700	-35		80	
1215	6.0750	-36		78	
1216	6.0800	-36		76	
1217	6.0850	-37		74	
1218	6.0900	-37		72	
1219	6.0950	-38		70	
1220	6.1000	-38		67	
1221	6.1050	-38		64	
1222	6.1100	-39		62	
1223	6.1150	-39		60	
1224	6.1200	-40		57	
1225	6.1250	-40		54	
1226	6.1300	-40		51	
1227	6.1350	-40		48	
1228	6.1400	-40		46	
1229	6.1450	-41		42	
1230	6.1500	-41		40	
1231	6.1550	-41		36	
1232	6.1600	-41		34	
1233	6.1650	-42		30	
1234	6.1700	-42		27	
1235	6.1750	-42		24	
1236	6.1800	-42		21	
1237	6.1850	-42		18	
1238	6.1900	-42		14	
1239	6.1950	-42		11	
1240	6.2000	-42		8	
1241	6.2050	-42		4	
1242	6.2100	-42		0	
1243	6.2150	-42		-3	
1244	6.2200	-42		-6	
1245	6.2250	-42		-10	
1246	6.2300	-42		-13	
1247	6.2350	-42		-16	
1248	6.2400	-42		-20	
1249	6.2450	-41		-23	
1250	6.2500	-41		-27	
1251	6.2550	-41		-30	
1252	6.2600	-40		-34	
1253	6.2650	-40		-37	
1254	6.2700	-40		-40	
1255	6.2750	-40		-43	
1256	6.2800	-40		-46	
1257	6.2850	-39		-50	
1258	6.2900	-39		-53	
1259	6.2950	-38		-56	
1260	6.3000	-38		-59	
1261	6.3050	-38		-62	
1262	6.3100	-37		-66	
1263	6.3150	-36		-68	
1264	6.3200	-36		-71	
1265	6.3250	-36		-74	
1266	6.3300	-35		-77	
1267	6.3350	-35		-80	
1268	6.3400	-34		-82	
1269	6.3450	-34		-85	
1270	6.3500	-33		-87	
1271	6.3550	-32		-90	
1272	6.3600	-32		-92	
1273	6.3650	-31		-94	
1274	6.3700	-31		-96	
1275	6.3750	-30		-98	
1276	6.3800	-30		-100	
1277	6.3850	-29		-102	
1278	6.3900	-28		-104	
1279	6.3950	-28		-106	
1280	6.4000	-27		-108	
1281	6.4050	-26		-110	
1282	6.4100	-26		-111	
1283	6.4150	-25		-112	
1284	6.4200	-24		-114	
1285	6.4250	-24		-115	
1286	6.4300	-23		-116	
1287	6.4350	-22		-117	
1288	6.4400	-22		-118	
1289	6.4450	-21		-118	
1290	6.4500	-20		-119	
1291	6.4550	-20		-120	
1292	6.4600	-19		-120	
1293	6.4650	-18		-120	
1294	6.4700	-18		-121	
1295	6.4750	-17		-121	
1296	6.4800	-16		-121	
1297	6.4850	-16		-121	
1298	6.4900	-15		-121	
1299	6.4950	-14		-120	
1300	6.5000	-14		-120	
1301	6.5050	-13		-120	
1302	6.5100	-12		-119	
1303	6.5150	-12		-118	
1304	6.5200	-11		-117	
1305	6.5250	-10		-116	
1306	6.5300	-10		-115	
1307	6.5350	-9		-114	
1308	6.5400	-9		-113	
1309	6.5450	-8		-112	
1310	6.5500	-8		-110	
1311	6.5550	-7		-108	
1312	6.5600	-6		-107	
1313	6.5650	-6		-105	
1314	6.5700	-6		-104	
1315	6.5750	-5		-102	
1316	6.5800	-4		-100	
1317	6.5850	-4		-98	
1318	6.5900	-4		-95	
1319	6.5950	-3		-93	
1320	6.6000	-3		-91	
1321	6.6050	-2		-88	
1322	6.6100	-2		-86	
1323	6.6150	-2		-83	
1324	6.6200	-1		-80	
1325	6.6250	-1		-78	
1326	6.6300	-1		-75	
1327	6.6350	0		-72	
1328	6.6400	0		-70	
1329	6.6450	0		-66	
1330	6.6500	0		-64	
1331	6.6550	0		-60	
1332	6.6600	0		-58	
1333	6.6650	1		-54	
1334	6.6700	1		-51	
1335	6.6750	1		-48	
1336	6.6800	1		-45	
1337	6.6850	1		-42	
1338	6.6900	1		-38	
1339	6.6950	1		-35	
1340	6.7000	1		-32	
1341	6.7050	1		-28	
1342	6.7100	1		-24	
1343	6.7150	1		-21	
1344	6.7200	1		-18	
1345	6.7250	1		-14	
1346	6.7300	1		-11	
1347	6.7350	1		-7	
1348	6.7400	1		-4	
1349	6.7450	1		0	
1350	6.7500	0		3	
1351	6.7550	0		6	
1352	6.7600	0		10	
1353	6.7650	0		13	
1354	6.7700	0		16	
1355	6.7750	-1		20	
1356	6.7800	-1		23	
1357	6.7850	-2		26	
1358	6.7900	-2		30	
1359	6.7950	-2		33	
1360	6.8000	-2		36	
1361	6.8050	-3		40	
1362	6.8100	-3		42	
1363	6.8150	-4		46	
1364	6.8200	-4		48	
1365	6.8250	-4		51	
1366	6.8300	-5		54	
1367	6.8350	-6		57	
1368	6.8400	-6		60	
1369	6.8450	-6		62	
1370	6.8500	-7		65	
1371	6.8550	-8		67	
1372	6.8600	-8		70	
1373	6.8650	-9		72	
1374	6.8700	-9		74	
1375	6.8750	-10		76	
1376	6.8800	-10		78	
1377	6.8850	-11		80	
1378	6.8900	-12		82	
1379	6.8950	-12		84	
1380	6.9000	-13		86	
1381	6.9050	-14		88	
1382	6.9100	-14		89	
1383	6.9150	-15		91	
1384	6.9200	-15		92	
1385	6.9250	-16		94	
1386	6.9300	-16		94	
1387	6.9350	-17		96	
1388	6.9400	-18		96	
1389	6.9450	-19		97	
1390	6.9500	-19		98	
1391	6.9550	-20		99	
1392	6.9600	-21		99	
1393	6.9650	-21		100	
1394	6.9700	-22		100	
1395	6.9750	-23		100	
1396	6.9800	-23		100	
1397	6.9850	-24		100	
1398	6.9900	-24		100	
1399	6.9950	-25		100	
1400	7.0000	-26		100	
1401	7.0050	-26		99	
1402	7.0100	-27		98	
1403	7.0150	-28		98	
1404	7.0200	-28		97	
1405	7.0250	-29		96	
1406	7.0300	-30		95	
1407	7.0350	-30		94	
1408	7.0400	-31		93	
1409	7.0450	-32		92	
1410	7.0500	-32		90	
1411	7.0550	-32		89	
1412	7.0600	-33		88	
1413	7.0650	-34		86	
1414	7.0700	-34		84	
1415	7.0750	-34		82	
1416	7.0800	-35		80	
1417	7.0850	-36		78	
1418	7.0900	-36		76	
1419	7.0950	-37		74	
1420	7.1000	-37		72	
1421	7.1050	-38		70	
1422	7.1100	-38		67	
1423	7.1150	-38		65	
1424	7.1200	-39		62	
1425	7.1250	-39		60	
1426	7.1300	-40		57	
1427	7.1350	-40		54	
1428	7.1400	-40		52	
1429	7.1450	-40		48	
1430	7.1500	-40		46	
1431	7.1550	-41		43	
1432	7.1600	-41		40	
1433	7.1650	-41		37	
1434	7.1700	-41		34	
1435	7.1750	-42		30	
1436	7.1800	-42		27	
1437	7.1850	-42		24	
1438	7.1900	-42		21	
1439	7.1950	-42		18	
1440	7.2000	-42		14	
1441	7.2050	-42		11	
1442	7.2100	-42		8	
1443	7.2150	-42		4	
1444	7.2200	-42		1	
1445	7.2250	-42		-3	
1446	7.2300	-42		-6	
1447	7.2350	-42		-10	
1448	7.2400	-42		-13	
1449	7.2450	-42		-16	
1450	7.2500	-42		-20	
1451	7.2550	-41		-23	
1452	7.2600	-41		-26	
1453	7.2650	-41		-30	
1454	7.2700	-40		-33	
1455	7.2750	-40		-36	
1456	7.2800	-40		-40	
1457	7.2850	-40		-43	
1458	7.2900	-40		-46	
1459	7.2950	-39		-50	
1460	7.3000	-39		-53	
1461	7.3050	-38		-56	
1462	7.3100	-38		-59	
1463	7.3150	-38		-62	
1464	7.3200	-37		-65	
1465	7.3250	-36		-68	
1466	7.3300	-36		-71	
1467	7.3350	-36		-74	
1468	7.3400	-35		-76	
1469	7.3450	-35		-79	
1470	7.3500	-34		-82	
1471	7.3550	-34		-84	
1472	7.3600	-33		-87	
1473	7.3650	-32		-90	
1474	7.3700	-32		-92	
1475	7.3750	-32		-94	
1476	7.3800	-31		-96	
1477	7.3850	-30		-98	
1478	7.3900	-30		-100	
1479	7.3950	-29		-102	
1480	7.4000	-28		-104	
1481	7.4050	-28		-106	
1482	7.4100	-27		-108	
1483	7.4150	-26		-109	
1484	7.4200	-26		-111	
1485	7.4250	-25		-112	
1486	7.4300	-24		-114	
1487	7.4350	-24		-114	
1488	7.4400	-23		-116	
1489	7.4450	-22		-117	
1490	7.4500	-22		-118	
1491	7.4550	-21		-118	
1492	7.4600	-20		-119	
1493	7.4650	-20		-120	
1494	7.4700	-19		-120	
1495	7.4750	-18		-120	
1496	7.4800	-18		-120	
1497	7.4850	-17		-121	
1498	7.4900	-16		-121	
1499	7.4950	-16		-121	
1500	7.5000	-15		-120	
1501	7.5050	-14		-120	
1502	7.5100	-14		-120	
1503	7.5150	-13		-119	
1504	7.5200	-12		-119	
1505	7.5250	-12		-118	
1506	7.5300	-11		-117	
1507	7.5350	-10		-116	
1508	7.5400	-10		-115	
1509	7.5450	-9		-114	
1510	7.5500	-9		-113	
1511	7.5550	-8		-112	
1512	7.5600	-8		-110	
1513	7.5650	-7		-108	
1514	7.5700	-6		-107	
1515	7.5750	-6		-105	
1516	7.5800	-6		-103	
1517	7.5850	-5		-102	
1518	7.5900	-4		-100	
1519	7.5950	-4		-98	
1520	7.6000	-4		-95	
1521	7.6050	-3		-93	
1522	7.6100	-3		-90	
1523	7.6150	-2		-88	
1524	7.6200	-2		-86	
1525	7.6250	-2		-83	
1526	7.6300	-2		-80	
1527	7.6350	-1		-78	
1528	7.6400	-1		-75	
1529	7.6450	0		-72	
1530	7.6500	0		-70	
1531	7.6550	0		-66	
1532	7.6600	0		-64	
1533	7.6650	0		-61	
1534	7.6700	0		-58	
1535	7.6750	1		-54	
1536	7.6800	1		-51	
1537	7.6850	1		-48	
1538	7.6900	1		-45	
1539	7.6950	1		-42	
1540	7.7000	1		-38	
1541	7.7050	1		-35	
1542	7.7100	1		-31	
1543	7.7150	1		-28	
1544	7.7200	1		-24	
1545	7.7250	1		-21	
1546	7.7300	1		-18	
1547	7.7350	1		-14	
1548	7.7400	1		-11	
1549	7.7450	1		-8	
1550	7.7500	1		-4	
1551	7.7550	1		0	
1552	7.7600	0		3	
1553	7.7650	0		6	
1554	7.7700	0		10	
1555	7.7750	0		13	
1556	7.7800	0		16	
1557	7.7850	-1		20	
1558	7.7900	-1		23	
1559	7.7950	-2		26	
1560	7.8000	-2		30	
1561	7.8050	-2		33	
1562	7.8100	-2		36	
1563	7.8150	-3		39	
1564	7.8200	-3		42	
1565	7.8250	-4		45	
1566	7.8300	-4		48	
1567	7.8350	-4		51	
1568	7.8400	-5		54	
1569	7.8450	-5		57	
1570	7.8500	-6		60	
1571	7.8550	-6		62	
1572	7.8600	-7		65	
1573	7.8650	-8		67	
1574	7.8700	-8		70	
1575	7.8750	-9		72	
1576	7.8800	-9		74	
1577	7.8850	-10		76	
1578	7.8900	-10		78	
1579	7.8950	-11		80	
1580	7.9000	-12		82	
1581	7.9050	-12		84	
1582	7.9100	-13		86	
1583	7.9150	-14		88	
1584	7.9200	-14		89	
1585	7.9250	-15		91	
1586	7.9300	-15		92	
1587	7.9350	-16		94	
1588	7.9400	-16		94	
1589	7.9450	-17		96	
1590	7.9500	-18		96	
1591	7.9550	-18		97	
1592	7.9600	-19		98	
1593	7.9650	-20		99	
1594	7.9700	-21		99	
1595	7.9750	-21		100	
1596	7.9800	-22		100	
1597	7.9850	-23		100	
1598	7.9900	-23		100	
1599	7.9950	-24		100	
1600	8.0000	-24		100	
1601	8.0050	-25		100	
1602	8.0100	-26		100	
1603	8.0150	-26		99	
1604	8.0200	-27		99	
1605	8.0250	-28		98	
1606	8.0300	-28		97	
1607	8.0350	-29		96	
1608	8.0400	-30		96	
1609	8.0450	-30		94	
1610	8.0500	-31		93	
1611	8.0550	-32		92	
1612	8.0600	-32		91	
1613	8.0650	-33		89	
1614	8.0700	-33		88	
1615	8.0750	-34		86	
1616	8.0800	-34		84	
1617	8.0850	-35		82	
1618	8.0900	-35		80	
1619	8.0950	-36		78	
1620	8.1000	-36		76	
1621	8.1050	-36		74	
1622	8.1100	-37		72	
1623	8.1150	-38		70	
1624	8.1200	-38		67	
1625	8.1250	-38		65	
1626	8.1300	-39		62	
1627	8.1350	-39		60	
1628	8.1400	-40		57	
1629	8.1450	-40		54	
1630	8.1500	-40		52	
1631	8.1550	-40		49	
1632	8.1600	-40		46	
1633	8.1650	-41		43	
1634	8.1700	-41		40	
1635	8.1750	-41		37	
1636	8.1800	-41		34	
1637	8.1850	-42		30	
1638	8.1900	-42		28	
1639	8.1950	-42		24	
1640	8.2000	-42		21	
1641	8.2050	-42		18	
1642	8.2100	-42		14	
1643	8.2150	-42		11	
1644	8.2200	-42		8	
1645	8.2250	-42		4	
1646	8.2300	-42		1	
1647	8.2350	-42		-2	
1648	8.2400	-42		-6	
1649	8.2450	-42		-10	
1650	8.2500	-42		-13	
1651	8.2550	-42		-16	
1652	8.2600	-42		-20	
1653	8.2650	-41		-23	
1654	8.2700	-41		-26	
1655	8.2750	-41		-30	
1656	8.2800	-40		-33	
1657	8.2850	-40		-36	
1658	8.2900	-40		-40	
1659	8.2950	-40		-43	
1660	8.3000	-40		-46	
1661	8.3050	-39		-50	
1662	8.3100	-39		-53	
1663	8.3150	-38		-56	
1664	8.3200	-38		-59	
1665	8.3250	-38		-62	
1666	8.3300	-37		-65	
1667	8.3350	-36		-68	
1668	8.3400	-36		-71	
1669	8.3450	-36		-74	
1670	8.3500	-35		-76	
1671	8.3550	-35		-79	
1672	8.3600	-34		-82	
1673	8.3650	-34		-84	
1674	8.3700	-33		-87	
1675	8.3750	-32		-90	
1676	8.3800	-32		-92	
1677	8.3850	-32		-94	
1678	8.3900	-31		-96	
1679	8.3950	-30		-98	
1680	8.4000	-30		-100	
1681	8.4050	-29		-102	
1682	8.4100	-28		-104	
1683	8.4150	-28		-106	
1684	8.4200	-27		-108	
1685	8.4250	-26		-109	
1686	8.4300	-26		-111	
1687	8.4350	-25		-112	
1688	8.4400	-24		-114	
1689	8.4450	-24		-115	
1690	8.4500	-23		-116	
1691	8.4550	-22		-117	
1692	8.4600	-22		-118	
1693	8.4650	-21		-118	
1694	8.4700	-20		-119	
1695	8.4750	-20		-120	
1696	8.4800	-19		-120	
1697	8.4850	-18		-120	
1698	8.4900	-18		-121	
1699	8.4950	-17		-121	
1700	8.5000	-16		-121	
1701	8.5050	-16		-121	
1702	8.5100	-15		-120	
1703	8.5150	-14		-120	
1704	8.5200	-14		-120	
1705	8.5250	-13		-120	
1706	8.5300	-12		-119	
1707	8.5350	-12		-118	
1708	8.5400	-11		-117	
1709	8.5450	-10		-116	
1710	8.5500	-10		-115	
1711	8.5550	-9		-114	
1712	8.5600	-9		-113	
1713	8.5650	-8		-112	
1714	8.5700	-8		-110	
1715	8.5750	-7		-109	
1716	8.5800	-7		-107	
1717	8.5850	-6		-105	
1718	8.5900	-6		-104	
1719	8.5950	-5		-102	
1720	8.6000	-4		-100	
1721	8.6050	-4		-98	
1722	8.6100	-4		-95	
1723	8.6150	-3		-93	
1724	8.6200	-3		-91	
1725	8.6250	-2		-88	
1726	8.6300	-2		-86	
1727	8.6350	-2		-84	
1728	8.6400	-2		-81	
1729	8.6450	-1		-78	
1730	8.6500	-1		-76	
1731	8.6550	0		-72	
1732	8.6600	0		-70	
1733	8.6650	0		-67	
1734	8.6700	0		-64	
1735	8.6750	0		-61	
1736	8.6800	0		-58	
1737	8.6850	1		-55	
1738	8.6900	1		-52	
1739	8.6950	1		-48	
1740	8.7000	1		-45	
1741	8.7050	1		-42	
1742	8.7100	1		-38	
1743	8.7150	1		-35	
1744	8.7200	1		-32	
1745	8.7250	1		-28	
1746	8.7300	1		-25	
1747	8.7350	1		-21	
1748	8.7400	1		-18	
1749	8.7450	1		-14	
1750	8.7500	1		-11	
1751	8.7550	1		-8	
1752	8.7600	1		-4	
1753	8.7650	1		-1	
1754	8.7700	0		3	
1755	8.7750	0		6	
1756	8.7800	0		10	
1757	8.7850	0		13	
1758	8.7900	0		16	
1759	8.7950	-1		20	
1760	8.8000	-1		23	
1761	8.8050	-2		26	
1762	8.8100	-2		30	
1763	8.8150	-2		33	
1764	8.8200	-2		36	
1765	8.8250	-3		39	
1766	8.8300	-3		42	
1767	8.8350	-4		45	
1768	8.8400	-4		48	
1769	8.8450	-4		51	
1770	8.8500	-5		54	
1771	8.8550	-5		56	
1772	8.8600	-6		59	
1773	8.8650	-6		62	
1774	8.8700	-7		64	
1775	8.8750	-7		67	
1776	8.8800	-8		70	
1777	8.8850	-8		72	
1778	8.8900	-9		74	
1779	8.8950	-10		76	
1780	8.9000	-10		78	
1781	8.9050	-11		80	
1782	8.9100	-12		82	
1783	8.9150	-12		84	
1784	8.9200	-13		86	
1785	8.9250	-14		88	
1786	8.9300	-14		89	
1787	8.9350	-15		91	
1788	8.9400	-15		92	
1789	8.9450	-16		94	
1790	8.9500	-16		94	
1791	8.9550	-17		96	
1792	8.9600	-18		96	
1793	8.9650	-18		97	
1794	8.9700	-19		98	
1795	8.9750	-20		99	
1796	8.9800	-20		99	
1797	8.9850	-21		100	
1798	8.9900	-22		100	
1799	8.9950	-22		100	
1800	9.0000	-23		100	
1801	9.0050	-24		100	
1802	9.0100	-25		100	
1803	9.0150	-25		100	
1804	9.0200	-26		100	
1805	9.0250	-26		99	
1806	9.0300	-27		99	
1807	9.0350	-28		98	
1808	9.0400	-28		97	
1809	9.0450	-29		96	
1810	9.0500	-30		96	
1811	9.0550	-30		94	
1812	9.0600	-31		93	
1813	9.0650	-32		92	
1814	9.0700	-32		91	
1815	9.0750	-32		89	
1816	9.0800	-33		88	
1817	9.0850	-34		86	
1818	9.0900	-34		84	
1819	9.0950	-35		82	
1820	9.1000	-35		81	
1821	9.1050	-36		78	
1822	9.1100	-36		76	
1823	9.1150	-37		74	
1824	9.1200	-37		72	
1825	9.1250	-38		70	
1826	9.1300	-38		68	
1827	9.1350	-38		65	
1828	9.1400	-39		62	
1829	9.1450	-39		60	
1830	9.1500	-40		57	
1831	9.1550	-40		54	
1832	9.1600	-40		52	
1833	9.1650	-40		49	
1834	9.1700	-40		46	
1835	9.1750	-41		43	
1836	9.1800	-41		40	
1837	9.1850	-41		37	
1838	9.1900	-42		34	
1839	9.1950	-42		31	
1840	9.2000	-42		28	
1841	9.2050	-42		24	
1842	9.2100	-42		21	
1843	9.2150	-42		18	
1844	9.2200	-42		14	
1845	9.2250	-42		11	
1846	9.2300	-42		8	
1847	9.2350	-42		4	
1848	9.2400	-42		1	
1849	9.2450	-42		-2	
1850	9.2500	-42		-6	
1851	9.2550	-42		-9	
1852	9.2600	-42		-12	
1853	9.2650	-42		-16	
1854	9.2700	-42		-20	
1855	9.2750	-41		-23	
1856	9.2800	-41		-26	
1857	9.2850	-41		-30	
1858	9.2900	-41		-33	
1859	9.2950	-40		-36	
1860	9.3000	-40		-40	
1861	9.3050	-40		-43	
1862	9.3100	-40		-46	
1863	9.3150	-39		-50	
1864	9.3200	-39		-53	
1865	9.3250	-38		-56	
1866	9.3300	-38		-59	
1867	9.3350	-38		-62	
1868	9.3400	-37		-65	
1869	9.3450	-37		-68	
1870	9.3500	-36		-71	
1871	9.3550	-36		-74	
1872	9.3600	-35		-76	
1873	9.3650	-35		-79	
1874	9.3700	-34		-82	
1875	9.3750	-34		-84	
1876	9.3800	-33		-87	
1877	9.3850	-33		-89	
1878	9.3900	-32		-92	
1879	9.3950	-32		-94	
1880	9.4000	-31		-96	
1881	9.4050	-30		-98	
1882	9.4100	-30		-100	
1883	9.4150	-29		-102	
1884	9.4200	-28		-104	
1885	9.4250	-28		-106	
1886	9.4300	-27		-108	
1887	9.4350	-26		-109	
1888	9.4400	-26		-111	
1889	9.4450	-25		-112	
1890	9.4500	-24		-114	
1891	9.4550	-24		-115	
1892	9.4600	-23		-116	
1893	9.4650	-22		-117	
1894	9.4700	-22		-118	
1895	9.4750	-21		-118	
1896	9.4800	-20		-119	
1897	9.4850	-20		-120	
1898	9.4900	-19		-120	
1899	9.4950	-18		-120	
1900	9.5000	-18		-121	
1901	9.5050	-17		-121	
1902	9.5100	-16		-121	
1903	9.5150	-16		-121	
1904	9.5200	-15		-121	
1905	9.5250	-14		-120	
1906	9.5300	-14		-120	
1907	9.5350	-13		-120	
1908	9.5400	-12		-119	
1909	9.5450	-12		-118	
1910	9.5500	-11		-118	
1911	9.5550	-10		-116	
1912	9.5600	-10		-116	
1913	9.5650	-9		-114	
1914	9.5700	-9		-113	
1915	9.5750	-8		-112	
1916	9.5800	-8		-110	
1917	9.5850	-7		-109	
1918	9.5900	-7		-107	
1919	9.5950	-6		-106	
1920	9.6000	-6		-104	
1921	9.6050	-5		-102	
1922	9.6100	-5		-100	
1923	9.6150	-4		-98	
1924	9.6200	-4		-96	
1925	9.6250	-3		-93	
1926	9.6300	-3		-91	
1927	9.6350	-2		-88	
1928	9.6400	-2		-86	
1929	9.6450	-2		-84	
1930	9.6500	-2		-81	
1931	9.6550	-1		-78	
1932	9.6600	-1		-76	
1933	9.6650	0		-73	
1934	9.6700	0		-70	
1935	9.6750	0		-67	
1936	9.6800	0		-64	
1937	9.6850	0		-61	
1938	9.6900	0		-58	
1939	9.6950	0		-55	
1940	9.7000	1		-52	
1941	9.7050	1		-48	
1942	9.7100	1		-45	
1943	9.7150	1		-42	
1944	9.7200	1		-38	
1945	9.7250	1		-35	
1946	9.7300	1		-32	
1947	9.7350	1		-28	
1948	9.7400	1		-25	
1949	9.7450	1		-22	
1950	9.7500	1		-18	
1951	9.7550	1		-15	
1952	9.7600	1		-11	
1953	9.7650	1		-8	
1954	9.7700	1		-4	
1955	9.7750	0		-1	
1956	9.7800	0		2	
1957	9.7850	0		6	
1958	9.7900	0		9	
1959	9.7950	0		13	
1960	9.8000	0		16	
1961	9.8050	-1		20	
1962	9.8100	-1		23	
1963	9.8150	-2		26	
1964	9.8200	-2		30	
1965	9.8250	-2		33	
1966	9.8300	-2		36	
1967	9.8350	-3		39	
1968	9.8400	-3		42	
1969	9.8450	-4		45	
1970	9.8500	-4		48	
1971	9.8550	-4		51	
1972	9.8600	-5		54	
1973	9.8650	-6		56	
1974	9.8700	-6		59	
1975	9.8750	-6		62	
1976	9.8800	-7		64	
1977	9.8850	-8		67	
1978	9.8900	-8		70	
1979	9.8950	-8		72	
1980	9.9000	-9		74	
1981	9.9050	-10		76	
1982	9.9100	-10		78	
1983	9.9150	-11		80	
1984	9.9200	-12		82	
1985	9.9250	-12		84	
1986	9.9300	-13		86	
1987	9.9350	-14		88	
1988	9.9400	-14		89	
1989	9.9450	-15		91	
1990	9.9500	-15		92	
1991	9.9550	-16		93	
1992	9.9600	-17		94	
1993	9.9650	-17		96	
1994	9.9700	-18		96	
1995	9.9750	-18		97	
1996	9.9800	-19		98	
1997	9.9850	-20		99	
1998	9.9900	-20		99	
1999	9.9950	-21		100	
2000	10.0000	-22		100	
