#	time(s)	count A	count B	count C	count D
1	0.0050	35		41	
2	0.0100	35		42	
3	0.0150	35		42	
4	0.0200	36		42	
5	0.0250	36		43	
6	0.0300	36		44	
7	0.0350	36		44	
8	0.0400	36		44	
9	0.0450	36		45	
10	0.0500	36		45	
11	0.0550	36		45	
12	0.0600	36		46	
13	0.0650	36		46	
14	0.0700	36		46	
15	0.0750	36		46	
16	0.0800	36		46	
17	0.0850	36		47	
18	0.0900	36		47	
19	0.0950	35		47	
20	0.1000	35		47	
21	0.1050	35		47	
22	0.1100	34		47	
23	0.1150	34		47	
24	0.1200	34		47	
25	0.1250	34		47	
26	0.1300	34		47	
27	0.1350	33		46	
28	0.1400	33		46	
29	0.1450	32		46	
30	0.1500	32		46	
31	0.1550	32		46	
32	0.1600	32		45	
33	0.1650	31		45	
34	0.1700	30		45	
35	0.1750	30		44	
36	0.1800	30		44	
37	0.1850	29		44	
38	0.1900	29		43	
39	0.1950	28		43	
40	0.2000	28		42	
41	0.2050	27		42	
42	0.2100	26		41	
43	0.2150	26		40	
44	0.2200	26		40	
45	0.2250	25		39	
46	0.2300	24		39	
47	0.2350	24		38	
48	0.2400	23		37	
49	0.2450	22		37	
50	0.2500	22		36	
51	0.2550	21		35	
52	0.2600	20		34	
53	0.2650	20		34	
54	0.2700	19		33	
55	0.2750	18		32	
56	0.2800	18		31	
57	0.2850	17		30	
58	0.2900	16		30	
59	0.2950	16		29	
60	0.3000	14		28	
61	0.3050	14		27	
62	0.3100	13		26	
63	0.3150	12		25	
64	0.3200	12		24	
65	0.3250	11		23	
66	0.3300	10		22	
67	0.3350	9		21	
68	0.3400	8		20	
69	0.3450	8		19	
70	0.3500	7		18	
71	0.3550	6		17	
72	0.3600	6		16	
73	0.3650	4		15	
74	0.3700	4		14	
75	0.3750	3		13	
76	0.3800	2		12	
77	0.3850	2		10	
78	0.3900	0		10	
79	0.3950	0		8	
80	0.4000	-1		7	
81	0.4050	-2		6	
82	0.4100	-2		5	
83	0.4150	-4		4	
84	0.4200	-4		3	
85	0.4250	-5		2	
86	0.4300	-6		0	
87	0.4350	-6		-1	
88	0.4400	-7		-2	
89	0.4450	-8		-3	
90	0.4500	-9		-4	
91	0.4550	-10		-5	
92	0.4600	-10		-6	
93	0.4650	-11		-7	
94	0.4700	-12		-8	
95	0.4750	-12		-9	
96	0.4800	-13		-10	
97	0.4850	-14		-11	
98	0.4900	-14		-12	
99	0.4950	-15		-14	
100	0.5000	-16		-14	
101	0.5050	-16		-16	
102	0.5100	-17		-17	
103	0.5150	-18		-18	
104	0.5200	-18		-19	
105	0.5250	-19		-20	
106	0.5300	-19		-20	
107	0.5350	-20		-22	
108	0.5400	-20		-22	
109	0.5450	-21		-23	
110	0.5500	-22		-24	
111	0.5550	-22		-25	
112	0.5600	-22		-26	
113	0.5650	-23		-27	
114	0.5700	-23		-28	
115	0.5750	-24		-28	
116	0.5800	-24		-29	
117	0.5850	-24		-30	
118	0.5900	-25		-31	
119	0.5950	-25		-32	
120	0.6000	-26		-32	
121	0.6050	-26		-33	
122	0.6100	-26		-34	
123	0.6150	-26		-34	
124	0.6200	-27		-35	
125	0.6250	-27		-36	
126	0.6300	-27		-36	
127	0.6350	-28		-37	
128	0.6400	-28		-37	
129	0.6450	-28		-38	
130	0.6500	-28		-38	
131	0.6550	-28		-39	
132	0.6600	-28		-39	
133	0.6650	-28		-40	
134	0.6700	-28		-40	
135	0.6750	-28		-40	
136	0.6800	-28		-41	
137	0.6850	-28		-41	
138	0.6900	-28		-41	
139	0.6950	-28		-42	
140	0.7000	-28		-42	
141	0.7050	-28		-42	
142	0.7100	-28		-42	
143	0.7150	-28		-42	
144	0.7200	-28		-42	
145	0.7250	-28		-42	
146	0.7300	-28		-42	
147	0.7350	-28		-43	
148	0.7400	-28		-43	
149	0.7450	-27		-43	
150	0.7500	-27		-42	
151	0.7550	-26		-42	
152	0.7600	-26		-42	
153	0.7650	-26		-42	
154	0.7700	-26		-42	
155	0.7750	-25		-42	
156	0.7800	-24		-42	
157	0.7850	-24		-41	
158	0.7900	-24		-41	
159	0.7950	-24		-41	
160	0.8000	-23		-40	
161	0.8050	-22		-40	
162	0.8100	-22		-40	
163	0.8150	-22		-39	
164	0.8200	-21		-39	
165	0.8250	-20		-38	
166	0.8300	-20		-38	
167	0.8350	-20		-38	
168	0.8400	-19		-37	
169	0.8450	-18		-36	
170	0.8500	-18		-36	
171	0.8550	-17		-35	
172	0.8600	-16		-35	
173	0.8650	-16		-34	
174	0.8700	-15		-33	
175	0.8750	-14		-33	
176	0.8800	-14		-32	
177	0.8850	-13		-31	
178	0.8900	-12		-30	
179	0.8950	-12		-30	
180	0.9000	-11		-29	
181	0.9050	-10		-28	
182	0.9100	-10		-27	
183	0.9150	-8		-26	
184	0.9200	-8		-26	
185	0.9250	-7		-25	
186	0.9300	-6		-24	
187	0.9350	-6		-23	
188	0.9400	-4		-22	
189	0.9450	-4		-21	
190	0.9500	-3		-20	
191	0.9550	-2		-19	
192	0.9600	-2		-18	
193	0.9650	0		-17	
194	0.9700	0		-16	
195	0.9750	1		-15	
196	0.9800	2		-14	
197	0.9850	3		-13	
198	0.9900	4		-12	
199	0.9950	4		-11	
200	1.0000	5		-10	
201	1.0050	6		-9	
202	1.0100	7		-8	
203	1.0150	8		-7	
204	1.0200	8		-6	
205	1.0250	10		-4	
206	1.0300	10		-3	
207	1.0350	11		-2	
208	1.0400	12		-1	
209	1.0450	12		0	
210	1.0500	13		1	
211	1.0550	14		2	
212	1.0600	15		3	
213	1.0650	16		4	
214	1.0700	16		6	
215	1.0750	17		7	
216	1.0800	18		8	
217	1.0850	18		9	
218	1.0900	19		10	
219	1.0950	20		11	
220	1.1000	20		12	
221	1.1050	22		13	
222	1.1100	22		14	
223	1.1150	23		15	
224	1.1200	24		16	
225	1.1250	24		18	
226	1.1300	24		19	
227	1.1350	25		20	
228	1.1400	26		21	
229	1.1450	26		22	
230	1.1500	27		23	
231	1.1550	28		24	
232	1.1600	28		25	
233	1.1650	28		26	
234	1.1700	29		27	
235	1.1750	30		28	
236	1.1800	30		28	
237	1.1850	30		29	
238	1.1900	31		30	
239	1.1950	31		31	
240	1.2000	32		32	
241	1.2050	32		33	
242	1.2100	32		34	
243	1.2150	33		34	
244	1.2200	33		35	
245	1.2250	33		36	
246	1.2300	34		37	
247	1.2350	34		37	
248	1.2400	34		38	
249	1.2450	34		39	
250	1.2500	34		39	
251	1.2550	35		40	
252	1.2600	35		41	
253	1.2650	35		41	
254	1.2700	35		42	
255	1.2750	36		42	
256	1.2800	36		43	
257	1.2850	36		43	
258	1.2900	36		44	
259	1.2950	36		44	
260	1.3000	36		44	
261	1.3050	36		45	
262	1.3100	36		45	
263	1.3150	36		45	
264	1.3200	36		46	
265	1.3250	36		46	
266	1.3300	36		46	
267	1.3350	36		46	
268	1.3400	36		46	
269	1.3450	36		47	
270	1.3500	35		47	
271	1.3550	35		47	
272	1.3600	35		47	
273	1.3650	35		47	
274	1.3700	34		47	
275	1.3750	34		47	
276	1.3800	34		47	
277	1.3850	34		47	
278	1.3900	33		46	
279	1.3950	33		46	
280	1.4000	32		46	
281	1.4050	32		46	
282	1.4100	32		46	
283	1.4150	32		45	
284	1.4200	31		45	
285	1.4250	31		45	
286	1.4300	30		44	
287	1.4350	30		44	
288	1.4400	30		44	
289	1.4450	29		43	
290	1.4500	28		43	
291	1.4550	28		42	
292	1.4600	27		42	
293	1.4650	27		41	
294	1.4700	26		41	
295	1.4750	26		40	
296	1.4800	25		40	
297	1.4850	24		39	
298	1.4900	24		38	
299	1.4950	23		38	
300	1.5000	22		37	
301	1.5050	22		36	
302	1.5100	21		35	
303	1.5150	20		35	
304	1.5200	20		34	
305	1.5250	19		33	
306	1.5300	18		32	
307	1.5350	18		32	
308	1.5400	17		31	
309	1.5450	16		30	
310	1.5500	16		29	
311	1.5550	15		28	
312	1.5600	14		27	
313	1.5650	14		26	
314	1.5700	12		25	
315	1.5750	12		24	
316	1.5800	11		23	
317	1.5850	10		22	
318	1.5900	10		22	
319	1.5950	9		20	
320	1.6000	8		20	
321	1.6050	7		18	
322	1.6100	6		17	
323	1.6150	6		16	
324	1.6200	5		15	
325	1.6250	4		14	
326	1.6300	3		13	
327	1.6350	2		12	
328	1.6400	2		11	
329	1.6450	1		10	
330	1.6500	0		9	
331	1.6550	-1		8	
332	1.6600	-2		7	
333	1.6650	-2		6	
334	1.6700	-3		4	
335	1.6750	-4		3	
336	1.6800	-4		2	
337	1.6850	-5		1	
338	1.6900	-6		0	
339	1.6950	-7		-1	
340	1.7000	-8		-2	
341	1.7050	-8		-3	
342	1.7100	-9		-4	
343	1.7150	-10		-6	
344	1.7200	-10		-7	
345	1.7250	-12		-8	
346	1.7300	-12		-9	
347	1.7350	-13		-10	
348	1.7400	-14		-11	
349	1.7450	-14		-12	
350	1.7500	-15		-13	
351	1.7550	-16		-14	
352	1.7600	-16		-15	
353	1.7650	-16		-16	
354	1.7700	-17		-17	
355	1.7750	-18		-18	
356	1.7800	-18		-19	
357	1.7850	-19		-20	
358	1.7900	-20		-21	
359	1.7950	-20		-22	
360	1.8000	-21		-23	
361	1.8050	-21		-24	
362	1.8100	-22		-25	
363	1.8150	-22		-26	
364	1.8200	-22		-26	
365	1.8250	-23		-27	
366	1.8300	-24		-28	
367	1.8350	-24		-29	
368	1.8400	-24		-30	
369	1.8450	-25		-30	
370	1.8500	-25		-31	
371	1.8550	-26		-32	
372	1.8600	-26		-33	
373	1.8650	-26		-33	
374	1.8700	-26		-34	
375	1.8750	-27		-35	
376	1.8800	-27		-35	
377	1.8850	-27		-36	
378	1.8900	-28		-36	
379	1.8950	-28		-37	
380	1.9000	-28		-38	
381	1.9050	-28		-38	
382	1.9100	-28		-38	
383	1.9150	-28		-39	
384	1.9200	-28		-39	
385	1.9250	-28		-40	
386	1.9300	-28		-40	
387	1.9350	-28		-40	
388	1.9400	-28		-41	
389	1.9450	-28		-41	
390	1.9500	-28		-41	
391	1.9550	-28		-42	
392	1.9600	-28		-42	
393	1.9650	-28		-42	
394	1.9700	-28		-42	
395	1.9750	-28		-42	
396	1.9800	-28		-42	
397	1.9850	-28		-42	
398	1.9900	-28		-42	
399	1.9950	-28		-42	
400	2.0000	-27		-42	
401	2.0050	-27		-42	
402	2.0100	-26		-42	
403	2.0150	-26		-42	
404	2.0200	-26		-42	
405	2.0250	-26		-42	
406	2.0300	-25		-42	
407	2.0350	-25		-42	
408	2.0400	-24		-41	
409	2.0450	-24		-41	
410	2.0500	-24		-41	
411	2.0550	-23		-41	
412	2.0600	-23		-40	
413	2.0650	-22		-40	
414	2.0700	-22		-40	
415	2.0750	-22		-39	
416	2.0800	-21		-39	
417	2.0850	-20		-38	
418	2.0900	-20		-38	
419	2.0950	-19		-37	
420	2.1000	-18		-37	
421	2.1050	-18		-36	
422	2.1100	-17		-35	
423	2.1150	-16		-35	
424	2.1200	-16		-34	
425	2.1250	-15		-34	
426	2.1300	-14		-33	
427	2.1350	-14		-32	
428	2.1400	-13		-32	
429	2.1450	-12		-31	
430	2.1500	-12		-30	
431	2.1550	-11		-29	
432	2.1600	-10		-28	
433	2.1650	-10		-28	
434	2.1700	-9		-27	
435	2.1750	-8		-26	
436	2.1800	-8		-25	
437	2.1850	-6		-24	
438	2.1900	-6		-23	
439	2.1950	-5		-22	
440	2.2000	-4		-22	
441	2.2050	-3		-20	
442	2.2100	-2		-20	
443	2.2150	-2		-18	
444	2.2200	-1		-18	
445	2.2250	0		-17	
446	2.2300	1		-16	
447	2.2350	2		-14	
448	2.2400	2		-14	
449	2.2450	3		-12	
450	2.2500	4		-11	
451	2.2550	5		-10	
452	2.2600	6		-9	
453	2.2650	6		-8	
454	2.2700	8		-7	
455	2.2750	8		-6	
456	2.2800	9		-5	
457	2.2850	10		-4	
458	2.2900	10		-3	
459	2.2950	11		-2	
460	2.3000	12		-1	
461	2.3050	13		1	
462	2.3100	14		2	
463	2.3150	14		3	
464	2.3200	16		4	
465	2.3250	16		5	
466	2.3300	17		6	
467	2.3350	18		7	
468	2.3400	18		8	
469	2.3450	19		10	
470	2.3500	20		11	
471	2.3550	20		12	
472	2.3600	21		13	
473	2.3650	22		14	
474	2.3700	22		15	
475	2.3750	23		16	
476	2.3800	24		17	
477	2.3850	24		18	
478	2.3900	25		19	
479	2.3950	26		20	
480	2.4000	26		21	
481	2.4050	27		22	
482	2.4100	27		23	
483	2.4150	28		24	
484	2.4200	28		25	
485	2.4250	29		26	
486	2.4300	29		27	
487	2.4350	30		28	
488	2.4400	30		29	
489	2.4450	30		30	
490	2.4500	31		31	
491	2.4550	32		32	
492	2.4600	32		32	
493	2.4650	32		33	
494	2.4700	32		34	
495	2.4750	33		35	
496	2.4800	33		36	
497	2.4850	34		36	
498	2.4900	34		37	
499	2.4950	34		38	
500	2.5000	34		38	
501	2.5050	34		39	
502	2.5100	35		40	
503	2.5150	35		40	
504	2.5200	35		41	
505	2.5250	35		42	
506	2.5300	36		42	
507	2.5350	36		43	
508	2.5400	36		43	
509	2.5450	36		44	
510	2.5500	36		44	
511	2.5550	36		44	
512	2.5600	36		45	
513	2.5650	36		45	
514	2.5700	36		45	
515	2.5750	36		46	
516	2.5800	36		46	
517	2.5850	36		46	
518	2.5900	36		46	
519	2.5950	36		46	
520	2.6000	36		47	
521	2.6050	36		47	
522	2.6100	35		47	
523	2.6150	35		47	
524	2.6200	35		47	
525	2.6250	34		47	
526	2.6300	34		47	
527	2.6350	34		47	
528	2.6400	34		47	
529	2.6450	34		47	
530	2.6500	33		46	
531	2.6550	33		46	
532	2.6600	32		46	
533	2.6650	32		46	
534	2.6700	32		46	
535	2.6750	32		45	
536	2.6800	31		45	
537	2.6850	30		45	
538	2.6900	30		44	
539	2.6950	30		44	
540	2.7000	29		43	
541	2.7050	28		43	
542	2.7100	28		42	
543	2.7150	28		42	
544	2.7200	27		42	
545	2.7250	26		41	
546	2.7300	26		40	
547	2.7350	25		40	
548	2.7400	24		39	
549	2.7450	24		38	
550	2.7500	24		38	
551	2.7550	23		37	
552	2.7600	22		36	
553	2.7650	22		36	
554	2.7700	21		35	
555	2.7750	20		34	
556	2.7800	20		34	
557	2.7850	19		33	
558	2.7900	18		32	
559	2.7950	18		31	
560	2.8000	16		30	
561	2.8050	16		29	
562	2.8100	15		28	
563	2.8150	14		28	
564	2.8200	14		27	
565	2.8250	13		26	
566	2.8300	12		25	
567	2.8350	12		24	
568	2.8400	10		23	
569	2.8450	10		22	
570	2.8500	9		21	
571	2.8550	8		20	
572	2.8600	8		19	
573	2.8650	7		18	
574	2.8700	6		17	
575	2.8750	5		16	
576	2.8800	4		15	
577	2.8850	4		14	
578	2.8900	3		12	
579	2.8950	2		11	
580	2.9000	1		10	
581	2.9050	0		9	
582	2.9100	0		8	
583	2.9150	-1		7	
584	2.9200	-2		6	
585	2.9250	-3		5	
586	2.9300	-4		4	
587	2.9350	-4		3	
588	2.9400	-5		2	
589	2.9450	-6		0	
590	2.9500	-6		-1	
591	2.9550	-8		-2	
592	2.9600	-8		-3	
593	2.9650	-9		-4	
594	2.9700	-10		-5	
595	2.9750	-10		-6	
596	2.9800	-11		-7	
597	2.9850	-12		-8	
598	2.9900	-12		-9	
599	2.9950	-13		-10	
600	3.0000	-14		-12	
601	3.0050	-14		-13	
602	3.0100	-15		-14	
603	3.0150	-16		-15	
604	3.0200	-16		-16	
605	3.0250	-17		-17	
606	3.0300	-18		-18	
607	3.0350	-18		-19	
608	3.0400	-19		-20	
609	3.0450	-20		-21	
610	3.0500	-20		-22	
611	3.0550	-20		-22	
612	3.0600	-21		-24	
613	3.0650	-22		-24	
614	3.0700	-22		-25	
615	3.0750	-22		-26	
616	3.0800	-23		-27	
617	3.0850	-23		-28	
618	3.0900	-24		-29	
619	3.0950	-24		-29	
620	3.1000	-24		-30	
621	3.1050	-25		-31	
622	3.1100	-26		-32	
623	3.1150	-26		-32	
624	3.1200	-26		-33	
625	3.1250	-26		-34	
626	3.1300	-26		-34	
627	3.1350	-27		-35	
628	3.1400	-27		-36	
629	3.1450	-28		-36	
630	3.1500	-28		-37	
631	3.1550	-28		-37	
632	3.1600	-28		-38	
633	3.1650	-28		-38	
634	3.1700	-28		-39	
635	3.1750	-28		-39	
636	3.1800	-28		-40	
637	3.1850	-28		-40	
638	3.1900	-28		-40	
639	3.1950	-28		-41	
640	3.2000	-28		-41	
641	3.2050	-28		-41	
642	3.2100	-28		-42	
643	3.2150	-28		-42	
644	3.2200	-28		-42	
645	3.2250	-28		-42	
646	3.2300	-28		-42	
647	3.2350	-28		-42	
648	3.2400	-28		-42	
649	3.2450	-28		-43	
650	3.2500	-28		-43	
651	3.2550	-27		-43	
652	3.2600	-27		-43	
653	3.2650	-27		-42	
654	3.2700	-26		-42	
655	3.2750	-26		-42	
656	3.2800	-26		-42	
657	3.2850	-25		-42	
658	3.2900	-25		-42	
659	3.2950	-24		-42	
660	3.3000	-24		-41	
661	3.3050	-24		-41	
662	3.3100	-23		-41	
663	3.3150	-23		-40	
664	3.3200	-22		-40	
665	3.3250	-22		-40	
666	3.3300	-22		-39	
667	3.3350	-21		-39	
668	3.3400	-20		-38	
669	3.3450	-20		-38	
670	3.3500	-19		-37	
671	3.3550	-19		-37	
672	3.3600	-18		-36	
673	3.3650	-18		-36	
674	3.3700	-17		-35	
675	3.3750	-16		-34	
676	3.3800	-16		-34	
677	3.3850	-15		-33	
678	3.3900	-14		-32	
679	3.3950	-14		-32	
680	3.4000	-13		-31	
681	3.4050	-12		-30	
682	3.4100	-12		-30	
683	3.4150	-11		-29	
684	3.4200	-10		-28	
685	3.4250	-9		-27	
686	3.4300	-8		-26	
687	3.4350	-8		-25	
688	3.4400	-7		-24	
689	3.4450	-6		-24	
690	3.4500	-5		-23	
691	3.4550	-4		-22	
692	3.4600	-4		-21	
693	3.4650	-3		-20	
694	3.4700	-2		-19	
695	3.4750	-1		-18	
696	3.4800	0		-17	
697	3.4850	0		-16	
698	3.4900	1		-15	
699	3.4950	2		-14	
700	3.5000	3		-13	
701	3.5050	4		-12	
702	3.5100	4		-11	
703	3.5150	6		-10	
704	3.5200	6		-8	
705	3.5250	7		-7	
706	3.5300	8		-6	
707	3.5350	9		-5	
708	3.5400	10		-4	
709	3.5450	10		-3	
710	3.5500	11		-2	
711	3.5550	12		-1	
712	3.5600	12		0	
713	3.5650	14		1	
714	3.5700	14		2	
715	3.5750	15		4	
716	3.5800	16		5	
717	3.5850	16		6	
718	3.5900	18		7	
719	3.5950	18		8	
720	3.6000	19		9	
721	3.6050	20		10	
722	3.6100	20		11	
723	3.6150	21		12	
724	3.6200	22		14	
725	3.6250	22		15	
726	3.6300	23		16	
727	3.6350	24		17	
728	3.6400	24		18	
729	3.6450	25		19	
730	3.6500	26		20	
731	3.6550	26		21	
732	3.6600	26		22	
733	3.6650	27		23	
734	3.6700	28		24	
735	3.6750	28		25	
736	3.6800	28		26	
737	3.6850	29		27	
738	3.6900	30		28	
739	3.6950	30		29	
740	3.7000	30		30	
741	3.7050	31		31	
742	3.7100	31		32	
743	3.7150	32		32	
744	3.7200	32		33	
745	3.7250	32		34	
746	3.7300	33		35	
747	3.7350	33		36	
748	3.7400	34		36	
749	3.7450	34		37	
750	3.7500	34		38	
751	3.7550	34		38	
752	3.7600	34		39	
753	3.7650	34		40	
754	3.7700	35		40	
755	3.7750	35		41	
756	3.7800	35		41	
757	3.7850	35		42	
758	3.7900	36		42	
759	3.7950	36		43	
760	3.8000	36		43	
761	3.8050	36		44	
762	3.8100	36		44	
763	3.8150	36		45	
764	3.8200	36		45	
765	3.8250	36		45	
766	3.8300	36		46	
767	3.8350	36		46	
768	3.8400	36		46	
769	3.8450	36		46	
770	3.8500	36		46	
771	3.8550	36		47	
772	3.8600	36		47	
773	3.8650	35		47	
774	3.8700	35		47	
775	3.8750	35		47	
776	3.8800	34		47	
777	3.8850	34		47	
778	3.8900	34		47	
779	3.8950	34		47	
780	3.9000	34		47	
781	3.9050	33		46	
782	3.9100	33		46	
783	3.9150	32		46	
784	3.9200	32		46	
785	3.9250	32		46	
786	3.9300	32		45	
787	3.9350	31		45	
788	3.9400	30		45	
789	3.9450	30		44	
790	3.9500	30		44	
791	3.9550	29		44	
792	3.9600	29		43	
793	3.9650	28		43	
794	3.9700	28		42	
795	3.9750	27		42	
796	3.9800	26		41	
797	3.9850	26		40	
798	3.9900	26		40	
799	3.9950	25		39	
800	4.0000	24		39	
801	4.0050	24		38	
802	4.0100	23		37	
803	4.0150	22		37	
804	4.0200	22		36	
805	4.0250	21		35	
806	4.0300	20		34	
807	4.0350	20		34	
808	4.0400	19		33	
809	4.0450	18		32	
810	4.0500	18		31	
811	4.0550	17		30	
812	4.0600	16		30	
813	4.0650	16		29	
814	4.0700	14		28	
815	4.0750	14		27	
816	4.0800	13		26	
817	4.0850	12		25	
818	4.0900	12		24	
819	4.0950	11		23	
820	4.1000	10		22	
821	4.1050	9		21	
822	4.1100	8		20	
823	4.1150	8		19	
824	4.1200	7		18	
825	4.1250	6		17	
826	4.1300	6		16	
827	4.1350	4		15	
828	4.1400	4		14	
829	4.1450	3		13	
830	4.1500	2		12	
831	4.1550	2		11	
832	4.1600	0		10	
833	4.1650	0		8	
834	4.1700	-1		7	
835	4.1750	-2		6	
836	4.1800	-2		5	
837	4.1850	-3		4	
838	4.1900	-4		3	
839	4.1950	-5		2	
840	4.2000	-6		1	
841	4.2050	-6		0	
842	4.2100	-7		-2	
843	4.2150	-8		-3	
844	4.2200	-9		-4	
845	4.2250	-10		-5	
846	4.2300	-10		-6	
847	4.2350	-11		-7	
848	4.2400	-12		-8	
849	4.2450	-12		-9	
850	4.2500	-13		-10	
851	4.2550	-14		-11	
852	4.2600	-14		-12	
853	4.2650	-15		-14	
854	4.2700	-16		-14	
855	4.2750	-16		-16	
856	4.2800	-17		-16	
857	4.2850	-18		-18	
858	4.2900	-18		-18	
859	4.2950	-18		-20	
860	4.3000	-19		-20	
861	4.3050	-20		-21	
862	4.3100	-20		-22	
863	4.3150	-21		-23	
864	4.3200	-22		-24	
865	4.3250	-22		-25	
866	4.3300	-22		-26	
867	4.3350	-23		-27	
868	4.3400	-23		-28	
869	4.3450	-24		-28	
870	4.3500	-24		-29	
871	4.3550	-24		-30	
872	4.3600	-25		-31	
873	4.3650	-25		-32	
874	4.3700	-26		-32	
875	4.3750	-26		-33	
876	4.3800	-26		-34	
877	4.3850	-26		-34	
878	4.3900	-27		-35	
879	4.3950	-27		-36	
880	4.4000	-27		-36	
881	4.4050	-28		-37	
882	4.4100	-28		-37	
883	4.4150	-28		-38	
884	4.4200	-28		-38	
885	4.4250	-28		-39	
886	4.4300	-28		-39	
887	4.4350	-28		-40	
888	4.4400	-28		-40	
889	4.4450	-28		-40	
890	4.4500	-28		-41	
891	4.4550	-28		-41	
892	4.4600	-28		-41	
893	4.4650	-28		-42	
894	4.4700	-28		-42	
895	4.4750	-28		-42	
896	4.4800	-28		-42	
897	4.4850	-28		-42	
898	4.4900	-28		-42	
899	4.4950	-28		-42	
900	4.5000	-28		-42	
901	4.5050	-28		-43	
902	4.5100	-28		-43	
903	4.5150	-27		-43	
904	4.5200	-27		-43	
905	4.5250	-26		-42	
906	4.5300	-26		-42	
907	4.5350	-26		-42	
908	4.5400	-26		-42	
909	4.5450	-25		-42	
910	4.5500	-25		-42	
911	4.5550	-24		-41	
912	4.5600	-24		-41	
913	4.5650	-24		-41	
914	4.5700	-23		-40	
915	4.5750	-22		-40	
916	4.5800	-22		-40	
917	4.5850	-22		-39	
918	4.5900	-21		-39	
919	4.5950	-21		-38	
920	4.6000	-20		-38	
921	4.6050	-20		-38	
922	4.6100	-19		-37	
923	4.6150	-18		-36	
924	4.6200	-18		-36	
925	4.6250	-17		-35	
926	4.6300	-16		-35	
927	4.6350	-16		-34	
928	4.6400	-15		-33	
929	4.6450	-14		-33	
930	4.6500	-14		-32	
931	4.6550	-13		-31	
932	4.6600	-12		-30	
933	4.6650	-12		-30	
934	4.6700	-11		-29	
935	4.6750	-10		-28	
936	4.6800	-10		-27	
937	4.6850	-9		-26	
938	4.6900	-8		-26	
939	4.6950	-7		-25	
940	4.7000	-6		-24	
941	4.7050	-6		-23	
942	4.7100	-4		-22	
943	4.7150	-4		-21	
944	4.7200	-3		-20	
945	4.7250	-2		-19	
946	4.7300	-2		-18	
947	4.7350	0		-17	
948	4.7400	0		-16	
949	4.7450	1		-15	
950	4.7500	2		-14	
951	4.7550	2		-13	
952	4.7600	4		-12	
953	4.7650	4		-11	
954	4.7700	5		-10	
955	4.7750	6		-9	
956	4.7800	7		-8	
957	4.7850	8		-7	
958	4.7900	8		-6	
959	4.7950	9		-5	
960	4.8000	10		-4	
961	4.8050	11		-2	
962	4.8100	12		-1	
963	4.8150	12		0	
964	4.8200	13		1	
965	4.8250	14		2	
966	4.8300	15		3	
967	4.8350	16		4	
968	4.8400	16		5	
969	4.8450	17		6	
970	4.8500	18		8	
971	4.8550	18		9	
972	4.8600	19		10	
973	4.8650	20		11	
974	4.8700	20		12	
975	4.8750	21		13	
976	4.8800	22		14	
977	4.8850	22		15	
978	4.8900	23		16	
979	4.8950	24		17	
980	4.9000	24		18	
981	4.9050	25		20	
982	4.9100	26		21	
983	4.9150	26		22	
984	4.9200	27		22	
985	4.9250	28		24	
986	4.9300	28		24	
987	4.9350	28		26	
988	4.9400	29		26	
989	4.9450	30		27	
990	4.9500	30		28	
991	4.9550	30		29	
992	4.9600	31		30	
993	4.9650	31		31	
994	4.9700	32		32	
995	4.9750	32		33	
996	4.9800	32		33	
997	4.9850	32		34	
998	4.9900	33		35	
999	4.9950	33		36	
1000	5.0000	34		37	
1001	5.0050	34		37	
1002	5.0100	34		38	
1003	5.0150	34		39	
1004	5.0200	34		39	
1005	5.0250	35		40	
1006	5.0300	35		40	
1007	5.0350	35		41	
1008	5.0400	35		42	
1009	5.0450	36		42	
1010	5.0500	36		43	
1011	5.0550	36		43	
1012	5.0600	36		44	
1013	5.0650	36		44	
1014	5.0700	36		44	
1015	5.0750	36		45	
1016	5.0800	36		45	
1017	5.0850	36		45	
1018	5.0900	36		46	
1019	5.0950	36		46	
1020	5.1000	36		46	
1021	5.1050	36		46	
1022	5.1100	36		46	
1023	5.1150	36		47	
1024	5.1200	35		47	
1025	5.1250	35		47	
1026	5.1300	35		47	
1027	5.1350	35		47	
1028	5.1400	34		47	
1029	5.1450	34		47	
1030	5.1500	34		47	
1031	5.1550	34		47	
1032	5.1600	33		46	
1033	5.1650	33		46	
1034	5.1700	32		46	
1035	5.1750	32		46	
1036	5.1800	32		46	
1037	5.1850	32		45	
1038	5.1900	31		45	
1039	5.1950	31		45	
1040	5.2000	30		44	
1041	5.2050	30		44	
1042	5.2100	30		44	
1043	5.2150	29		43	
1044	5.2200	28		43	
1045	5.2250	28		42	
1046	5.2300	28		42	
1047	5.2350	27		41	
1048	5.2400	26		41	
1049	5.2450	26		40	
1050	5.2500	25		40	
1051	5.2550	24		39	
1052	5.2600	24		38	
1053	5.2650	23		38	
1054	5.2700	22		37	
1055	5.2750	22		36	
1056	5.2800	21		35	
1057	5.2850	20		35	
1058	5.2900	20		34	
1059	5.2950	19		33	
1060	5.3000	18		32	
1061	5.3050	18		31	
1062	5.3100	17		31	
1063	5.3150	16		30	
1064	5.3200	16		29	
1065	5.3250	15		28	
1066	5.3300	14		27	
1067	5.3350	14		26	
1068	5.3400	12		25	
1069	5.3450	12		24	
1070	5.3500	11		23	
1071	5.3550	10		22	
1072	5.3600	10		21	
1073	5.3650	9		20	
1074	5.3700	8		19	
1075	5.3750	7		18	
1076	5.3800	6		17	
1077	5.3850	6		16	
1078	5.3900	5		15	
1079	5.3950	4		14	
1080	5.4000	3		13	
1081	5.4050	2		12	
1082	5.4100	2		11	
1083	5.4150	1		10	
1084	5.4200	0		9	
1085	5.4250	-1		8	
1086	5.4300	-2		7	
1087	5.4350	-2		6	
1088	5.4400	-3		4	
1089	5.4450	-4		3	
1090	5.4500	-4		2	
1091	5.4550	-5		1	
1092	5.4600	-6		0	
1093	5.4650	-7		-1	
1094	5.4700	-8		-2	
1095	5.4750	-8		-3	
1096	5.4800	-9		-4	
1097	5.4850	-10		-6	
1098	5.4900	-10		-7	
1099	5.4950	-11		-8	
1100	5.5000	-12		-9	
1101	5.5050	-12		-10	
1102	5.5100	-14		-11	
1103	5.5150	-14		-12	
1104	5.5200	-15		-13	
1105	5.5250	-16		-14	
1106	5.5300	-16		-15	
1107	5.5350	-16		-16	
1108	5.5400	-17		-17	
1109	5.5450	-18		-18	
1110	5.5500	-18		-19	
1111	5.5550	-19		-20	
1112	5.5600	-20		-21	
1113	5.5650	-20		-22	
1114	5.5700	-21		-23	
1115	5.5750	-21		-24	
1116	5.5800	-22		-25	
1117	5.5850	-22		-26	
1118	5.5900	-22		-26	
1119	5.5950	-23		-27	
1120	5.6000	-24		-28	
1121	5.6050	-24		-29	
1122	5.6100	-24		-30	
1123	5.6150	-25		-30	
1124	5.6200	-25		-31	
1125	5.6250	-26		-32	
1126	5.6300	-26		-33	
1127	5.6350	-26		-33	
1128	5.6400	-26		-34	
1129	5.6450	-26		-35	
1130	5.6500	-27		-35	
1131	5.6550	-27		-36	
1132	5.6600	-28		-36	
1133	5.6650	-28		-37	
1134	5.6700	-28		-38	
1135	5.6750	-28		-38	
1136	5.6800	-28		-38	
1137	5.6850	-28		-39	
1138	5.6900	-28		-39	
1139	5.6950	-28		-40	
1140	5.7000	-28		-40	
1141	5.7050	-28		-40	
1142	5.7100	-28		-41	
1143	5.7150	-28		-41	
1144	5.7200	-28		-41	
1145	5.7250	-28		-42	
1146	5.7300	-28		-42	
1147	5.7350	-28		-42	
1148	5.7400	-28		-42	
1149	5.7450	-28		-42	
1150	5.7500	-28		-42	
1151	5.7550	-28		-42	
1152	5.7600	-28		-42	
1153	5.7650	-28		-42	
1154	5.7700	-27		-42	
1155	5.7750	-27		-42	
1156	5.7800	-26		-42	
1157	5.7850	-26		-42	
1158	5.7900	-26		-42	
1159	5.7950	-26		-42	
1160	5.8000	-25		-42	
1161	5.8050	-25		-42	
1162	5.8100	-24		-42	
1163	5.8150	-24		-41	
1164	5.8200	-24		-41	
1165	5.8250	-23		-41	
1166	5.8300	-23		-40	
1167	5.8350	-22		-40	
1168	5.8400	-22		-40	
1169	5.8450	-22		-39	
1170	5.8500	-21		-39	
1171	5.8550	-20		-38	
1172	5.8600	-20		-38	
1173	5.8650	-19		-37	
1174	5.8700	-18		-37	
1175	5.8750	-18		-36	
1176	5.8800	-17		-36	
1177	5.8850	-16		-35	
1178	5.8900	-16		-34	
1179	5.8950	-15		-34	
1180	5.9000	-14		-33	
1181	5.9050	-14		-32	
1182	5.9100	-13		-32	
1183	5.9150	-12		-31	
1184	5.9200	-12		-30	
1185	5.9250	-11		-29	
1186	5.9300	-10		-28	
1187	5.9350	-10		-28	
1188	5.9400	-9		-27	
1189	5.9450	-8		-26	
1190	5.9500	-8		-25	
1191	5.9550	-6		-24	
1192	5.9600	-6		-23	
1193	5.9650	-5		-22	
1194	5.9700	-4		-22	
1195	5.9750	-3		-20	
1196	5.9800	-2		-20	
1197	5.9850	-2		-19	
1198	5.9900	-1		-18	
1199	5.9950	0		-17	
1200	6.0000	0		-16	
1201	6.0050	2		-14	
1202	6.0100	2		-14	
1203	6.0150	3		-12	
1204	6.0200	4		-11	
1205	6.0250	5		-10	
1206	6.0300	6		-9	
1207	6.0350	6		-8	
1208	6.0400	8		-7	
1209	6.0450	8		-6	
1210	6.0500	9		-5	
1211	6.0550	10		-4	
1212	6.0600	10		-3	
1213	6.0650	11		-2	
1214	6.0700	12		-1	
1215	6.0750	13		0	
1216	6.0800	14		2	
1217	6.0850	14		3	
1218	6.0900	15		4	
1219	6.0950	16		5	
1220	6.1000	17		6	
1221	6.1050	18		7	
1222	6.1100	18		8	
1223	6.1150	19		10	
1224	6.1200	20		11	
1225	6.1250	20		12	
1226	6.1300	21		13	
1227	6.1350	22		14	
1228	6.1400	22		15	
1229	6.1450	23		16	
1230	6.1500	24		17	
1231	6.1550	24		18	
1232	6.1600	25		19	
1233	6.1650	26		20	
1234	6.1700	26		21	
1235	6.1750	26		22	
1236	6.1800	27		23	
1237	6.1850	28		24	
1238	6.1900	28		25	
1239	6.1950	29		26	
1240	6.2000	29		27	
1241	6.2050	30		28	
1242	6.2100	30		29	
1243	6.2150	30		30	
1244	6.2200	31		31	
1245	6.2250	32		32	
1246	6.2300	32		32	
1247	6.2350	32		33	
1248	6.2400	32		34	
1249	6.2450	33		35	
1250	6.2500	33		36	
1251	6.2550	34		36	
1252	6.2600	34		37	
1253	6.2650	34		38	
1254	6.2700	34		38	
1255	6.2750	34		39	
1256	6.2800	34		40	
1257	6.2850	35		40	
1258	6.2900	35		41	
1259	6.2950	35		41	
1260	6.3000	35		42	
1261	6.3050	36		42	
1262	6.3100	36		43	
1263	6.3150	36		43	
1264	6.3200	36		44	
1265	6.3250	36		44	
1266	6.3300	36		45	
1267	6.3350	36		45	
1268	6.3400	36		45	
1269	6.3450	36		46	
1270	6.3500	36		46	
1271	6.3550	36		46	
1272	6.3600	36		46	
1273	6.3650	36		46	
1274	6.3700	36		46	
1275	6.3750	36		47	
1276	6.3800	35		47	
1277	6.3850	35		47	
1278	6.3900	35		47	
1279	6.3950	34		47	
1280	6.4000	34		47	
1281	6.4050	34		47	
1282	6.4100	34		47	
1283	6.4150	34		46	
1284	6.4200	33		46	
1285	6.4250	33		46	
1286	6.4300	32		46	
1287	6.4350	32		46	
1288	6.4400	32		45	
1289	6.4450	32		45	
1290	6.4500	31		45	
1291	6.4550	30		44	
1292	6.4600	30		44	
1293	6.4650	30		44	
1294	6.4700	29		43	
1295	6.4750	28		43	
1296	6.4800	28		42	
1297	6.4850	28		42	
1298	6.4900	27		41	
1299	6.4950	26		41	
1300	6.5000	26		40	
1301	6.5050	25		40	
1302	6.5100	24		39	
1303	6.5150	24		38	
1304	6.5200	24		38	
1305	6.5250	23		37	
1306	6.5300	22		36	
1307	6.5350	22		36	
1308	6.5400	21		35	
1309	6.5450	20		34	
1310	6.5500	20		33	
1311	6.5550	19		33	
1312	6.5600	18		32	
1313	6.5650	18		31	
1314	6.5700	16		30	
1315	6.5750	16		29	
1316	6.5800	15		28	
1317	6.5850	14		28	
1318	6.5900	14		27	
1319	6.5950	13		26	
1320	6.6000	12		25	
1321	6.6050	12		24	
1322	6.6100	10		23	
1323	6.6150	10		22	
1324	6.6200	9		21	
1325	6.6250	8		20	
1326	6.6300	8		19	
1327	6.6350	7		18	
1328	6.6400	6		17	
1329	6.6450	5		16	
1330	6.6500	4		15	
1331	6.6550	4		14	
1332	6.6600	3		12	
1333	6.6650	2		11	
1334	6.6700	1		10	
1335	6.6750	0		9	
1336	6.6800	0		8	
1337	6.6850	-1		7	
1338	6.6900	-2		6	
1339	6.6950	-3		5	
1340	6.7000	-4		4	
1341	6.7050	-4		2	
1342	6.7100	-5		1	
1343	6.7150	-6		0	
1344	6.7200	-6		-1	
1345	6.7250	-8		-2	
1346	6.7300	-8		-3	
1347	6.7350	-9		-4	
1348	6.7400	-10		-5	
1349	6.7450	-10		-6	
1350	6.7500	-11		-7	
1351	6.7550	-12		-8	
1352	6.7600	-12		-10	
1353	6.7650	-13		-10	
1354	6.7700	-14		-12	
1355	6.7750	-14		-13	
1356	6.7800	-15		-14	
1357	6.7850	-16		-15	
1358	6.7900	-16		-16	
1359	6.7950	-17		-17	
1360	6.8000	-18		-18	
1361	6.8050	-18		-19	
1362	6.8100	-19		-20	
1363	6.8150	-20		-21	
1364	6.8200	-20		-22	
1365	6.8250	-20		-22	
1366	6.8300	-21		-24	
1367	6.8350	-22		-24	
1368	6.8400	-22		-25	
1369	6.8450	-22		-26	
1370	6.8500	-23		-27	
1371	6.8550	-23		-28	
1372	6.8600	-24		-29	
1373	6.8650	-24		-29	
1374	6.8700	-24		-30	
1375	6.8750	-25		-31	
1376	6.8800	-25		-32	
1377	6.8850	-26		-32	
1378	6.8900	-26		-33	
1379	6.8950	-26		-34	
1380	6.9000	-26		-34	
1381	6.9050	-27		-35	
1382	6.9100	-27		-36	
1383	6.9150	-28		-36	
1384	6.9200	-28		-37	
1385	6.9250	-28		-37	
1386	6.9300	-28		-38	
1387	6.9350	-28		-38	
1388	6.9400	-28		-39	
1389	6.9450	-28		-39	
1390	6.9500	-28		-40	
1391	6.9550	-28		-40	
1392	6.9600	-28		-40	
1393	6.9650	-28		-41	
1394	6.9700	-28		-41	
1395	6.9750	-28		-41	
1396	6.9800	-28		-42	
1397	6.9850	-28		-42	
1398	6.9900	-28		-42	
1399	6.9950	-28		-42	
1400	7.0000	-28		-42	
1401	7.0050	-28		-42	
1402	7.0100	-28		-42	
1403	7.0150	-28		-42	
1404	7.0200	-28		-42	
1405	7.0250	-27		-42	
1406	7.0300	-27		-42	
1407	7.0350	-27		-42	
1408	7.0400	-26		-42	
1409	7.0450	-26		-42	
1410	7.0500	-26		-42	
1411	7.0550	-25		-42	
1412	7.0600	-25		-42	
1413	7.0650	-24		-42	
1414	7.0700	-24		-41	
1415	7.0750	-24		-41	
1416	7.0800	-24		-41	
1417	7.0850	-23		-40	
1418	7.0900	-22		-40	
1419	7.0950	-22		-40	
1420	7.1000	-22		-39	
1421	7.1050	-21		-39	
1422	7.1100	-20		-38	
1423	7.1150	-20		-38	
1424	7.1200	-19		-37	
1425	7.1250	-19		-37	
1426	7.1300	-18		-36	
1427	7.1350	-18		-36	
1428	7.1400	-17		-35	
1429	7.1450	-16		-34	
1430	7.1500	-16		-34	
1431	7.1550	-15		-33	
1432	7.1600	-14		-32	
1433	7.1650	-14		-32	
1434	7.1700	-13		-31	
1435	7.1750	-12		-30	
1436	7.1800	-12		-30	
1437	7.1850	-11		-29	
1438	7.1900	-10		-28	
1439	7.1950	-9		-27	
1440	7.2000	-8		-26	
1441	7.2050	-8		-25	
1442	7.2100	-7		-24	
1443	7.2150	-6		-24	
1444	7.2200	-5		-23	
1445	7.2250	-4		-22	
1446	7.2300	-4		-21	
1447	7.2350	-3		-20	
1448	7.2400	-2		-19	
1449	7.2450	-1		-18	
1450	7.2500	0		-17	
1451	7.2550	0		-16	
1452	7.2600	1		-15	
1453	7.2650	2		-14	
1454	7.2700	3		-13	
1455	7.2750	4		-12	
1456	7.2800	4		-11	
1457	7.2850	6		-10	
1458	7.2900	6		-9	
1459	7.2950	7		-8	
1460	7.3000	8		-6	
1461	7.3050	9		-5	
1462	7.3100	10		-4	
1463	7.3150	10		-3	
1464	7.3200	11		-2	
1465	7.3250	12		-1	
1466	7.3300	12		0	
1467	7.3350	14		1	
1468	7.3400	14		2	
1469	7.3450	15		3	
1470	7.3500	16		4	
1471	7.3550	16		6	
1472	7.3600	18		7	
1473	7.3650	18		8	
1474	7.3700	19		9	
1475	7.3750	20		10	
1476	7.3800	20		11	
1477	7.3850	21		12	
1478	7.3900	22		13	
1479	7.3950	22		14	
1480	7.4000	23		16	
1481	7.4050	24		17	
1482	7.4100	24		18	
1483	7.4150	25		19	
1484	7.4200	26		20	
1485	7.4250	26		21	
1486	7.4300	26		22	
1487	7.4350	27		23	
1488	7.4400	28		24	
1489	7.4450	28		25	
1490	7.4500	28		26	
1491	7.4550	29		27	
1492	7.4600	30		28	
1493	7.4650	30		28	
1494	7.4700	30		29	
1495	7.4750	31		30	
1496	7.4800	31		31	
1497	7.4850	32		32	
1498	7.4900	32		33	
1499	7.4950	32		34	
1500	7.5000	33		34	
1501	7.5050	33		35	
1502	7.5100	34		36	
1503	7.5150	34		37	
1504	7.5200	34		38	
1505	7.5250	34		38	
1506	7.5300	34		39	
1507	7.5350	34		39	
1508	7.5400	35		40	
1509	7.5450	35		41	
1510	7.5500	35		41	
1511	7.5550	35		42	
1512	7.5600	36		42	
1513	7.5650	36		43	
1514	7.5700	36		43	
1515	7.5750	36		44	
1516	7.5800	36		44	
1517	7.5850	36		44	
1518	7.5900	36		45	
1519	7.5950	36		45	
1520	7.6000	36		45	
1521	7.6050	36		46	
1522	7.6100	36		46	
1523	7.6150	36		46	
1524	7.6200	36		46	
1525	7.6250	36		46	
1526	7.6300	36		47	
1527	7.6350	35		47	
1528	7.6400	35		47	
1529	7.6450	35		47	
1530	7.6500	34		47	
1531	7.6550	34		47	
1532	7.6600	34		47	
1533	7.6650	34		47	
1534	7.6700	34		47	
1535	7.6750	33		46	
1536	7.6800	33		46	
1537	7.6850	32		46	
1538	7.6900	32		46	
1539	7.6950	32		46	
1540	7.7000	32		45	
1541	7.7050	31		45	
1542	7.7100	30		45	
1543	7.7150	30		44	
1544	7.7200	30		44	
1545	7.7250	29		44	
1546	7.7300	29		43	
1547	7.7350	28		43	
1548	7.7400	28		42	
1549	7.7450	27		42	
1550	7.7500	26		41	
1551	7.7550	26		41	
1552	7.7600	26		40	
1553	7.7650	25		39	
1554	7.7700	24		39	
1555	7.7750	24		38	
1556	7.7800	23		38	
1557	7.7850	22		37	
1558	7.7900	22		36	
1559	7.7950	21		35	
1560	7.8000	20		35	
1561	7.8050	20		34	
1562	7.8100	19		33	
1563	7.8150	18		32	
1564	7.8200	18		31	
1565	7.8250	17		30	
1566	7.8300	16		30	
1567	7.8350	16		29	
1568	7.8400	14		28	
1569	7.8450	14		27	
1570	7.8500	13		26	
1571	7.8550	12		25	
1572	7.8600	12		24	
1573	7.8650	11		23	
1574	7.8700	10		22	
1575	7.8750	10		21	
1576	7.8800	8		20	
1577	7.8850	8		19	
1578	7.8900	7		18	
1579	7.8950	6		17	
1580	7.9000	6		16	
1581	7.9050	4		15	
1582	7.9100	4		14	
1583	7.9150	3		13	
1584	7.9200	2		12	
1585	7.9250	2		11	
1586	7.9300	0		10	
1587	7.9350	0		8	
1588	7.9400	-1		7	
1589	7.9450	-2		6	
1590	7.9500	-2		5	
1591	7.9550	-3		4	
1592	7.9600	-4		3	
1593	7.9650	-5		2	
1594	7.9700	-6		1	
1595	7.9750	-6		0	
1596	7.9800	-7		-1	
1597	7.9850	-8		-2	
1598	7.9900	-8		-4	
1599	7.9950	-10		-5	
1600	8.0000	-10		-6	
1601	8.0050	-11		-7	
1602	8.0100	-12		-8	
1603	8.0150	-12		-9	
1604	8.0200	-13		-10	
1605	8.0250	-14		-11	
1606	8.0300	-14		-12	
1607	8.0350	-15		-13	
1608	8.0400	-16		-14	
1609	8.0450	-16		-15	
1610	8.0500	-17		-16	
1611	8.0550	-18		-17	
1612	8.0600	-18		-18	
1613	8.0650	-18		-19	
1614	8.0700	-19		-20	
1615	8.0750	-20		-21	
1616	8.0800	-20		-22	
1617	8.0850	-21		-23	
1618	8.0900	-21		-24	
1619	8.0950	-22		-25	
1620	8.1000	-22		-26	
1621	8.1050	-23		-27	
1622	8.1100	-23		-28	
1623	8.1150	-24		-28	
1624	8.1200	-24		-29	
1625	8.1250	-24		-30	
1626	8.1300	-25		-31	
1627	8.1350	-25		-32	
1628	8.1400	-26		-32	
1629	8.1450	-26		-33	
1630	8.1500	-26		-34	
1631	8.1550	-26		-34	
1632	8.1600	-27		-35	
1633	8.1650	-27		-36	
1634	8.1700	-27		-36	
1635	8.1750	-28		-37	
1636	8.1800	-28		-37	
1637	8.1850	-28		-38	
1638	8.1900	-28		-38	
1639	8.1950	-28		-39	
1640	8.2000	-28		-39	
1641	8.2050	-28		-40	
1642	8.2100	-28		-40	
1643	8.2150	-28		-40	
1644	8.2200	-28		-41	
1645	8.2250	-28		-41	
1646	8.2300	-28		-41	
1647	8.2350	-28		-42	
1648	8.2400	-28		-42	
1649	8.2450	-28		-42	
1650	8.2500	-28		-42	
1651	8.2550	-28		-42	
1652	8.2600	-28		-42	
1653	8.2650	-28		-42	
1654	8.2700	-28		-43	
1655	8.2750	-28		-43	
1656	8.2800	-28		-43	
1657	8.2850	-27		-43	
1658	8.2900	-27		-43	
1659	8.2950	-26		-42	
1660	8.3000	-26		-42	
1661	8.3050	-26		-42	
1662	8.3100	-26		-42	
1663	8.3150	-25		-42	
1664	8.3200	-24		-42	
1665	8.3250	-24		-42	
1666	8.3300	-24		-41	
1667	8.3350	-24		-41	
1668	8.3400	-23		-41	
1669	8.3450	-22		-40	
1670	8.3500	-22		-40	
1671	8.3550	-22		-40	
1672	8.3600	-21		-39	
1673	8.3650	-21		-39	
1674	8.3700	-20		-38	
1675	8.3750	-20		-38	
1676	8.3800	-19		-37	
1677	8.3850	-18		-36	
1678	8.3900	-18		-36	
1679	8.3950	-17		-35	
1680	8.4000	-16		-35	
1681	8.4050	-16		-34	
1682	8.4100	-15		-33	
1683	8.4150	-14		-33	
1684	8.4200	-14		-32	
1685	8.4250	-13		-31	
1686	8.4300	-12		-31	
1687	8.4350	-12		-30	
1688	8.4400	-11		-29	
1689	8.4450	-10		-28	
1690	8.4500	-10		-27	
1691	8.4550	-9		-27	
1692	8.4600	-8		-26	
1693	8.4650	-7		-25	
1694	8.4700	-6		-24	
1695	8.4750	-6		-23	
1696	8.4800	-5		-22	
1697	8.4850	-4		-21	
1698	8.4900	-3		-20	
1699	8.4950	-2		-19	
1700	8.5000	-2		-18	
1701	8.5050	0		-17	
1702	8.5100	0		-16	
1703	8.5150	1		-15	
1704	8.5200	2		-14	
1705	8.5250	3		-13	
1706	8.5300	4		-12	
1707	8.5350	4		-11	
1708	8.5400	5		-10	
1709	8.5450	6		-9	
1710	8.5500	7		-8	
1711	8.5550	8		-7	
1712	8.5600	8		-6	
1713	8.5650	9		-5	
1714	8.5700	10		-4	
1715	8.5750	11		-2	
1716	8.5800	12		-1	
1717	8.5850	12		0	
1718	8.5900	13		1	
1719	8.5950	14		2	
1720	8.6000	15		3	
1721	8.6050	16		4	
1722	8.6100	16		5	
1723	8.6150	17		6	
1724	8.6200	18		8	
1725	8.6250	18		9	
1726	8.6300	19		10	
1727	8.6350	20		11	
1728	8.6400	20		12	
1729	8.6450	21		13	
1730	8.6500	22		14	
1731	8.6550	23		15	
1732	8.6600	23		16	
1733	8.6650	24		17	
1734	8.6700	24		18	
1735	8.6750	25		20	
1736	8.6800	26		20	
1737	8.6850	26		22	
1738	8.6900	27		22	
1739	8.6950	28		23	
1740	8.7000	28		24	
1741	8.7050	28		26	
1742	8.7100	29		26	
1743	8.7150	30		27	
1744	8.7200	30		28	
1745	8.7250	30		29	
1746	8.7300	31		30	
1747	8.7350	31		31	
1748	8.7400	32		32	
1749	8.7450	32		33	
1750	8.7500	32		34	
1751	8.7550	33		34	
1752	8.7600	33		35	
1753	8.7650	33		36	
1754	8.7700	34		37	
1755	8.7750	34		37	
1756	8.7800	34		38	
1757	8.7850	34		39	
1758	8.7900	34		39	
1759	8.7950	35		40	
1760	8.8000	35		40	
1761	8.8050	35		41	
1762	8.8100	35		42	
1763	8.8150	36		42	
1764	8.8200	36		43	
1765	8.8250	36		43	
1766	8.8300	36		44	
1767	8.8350	36		44	
1768	8.8400	36		44	
1769	8.8450	36		45	
1770	8.8500	36		45	
1771	8.8550	36		45	
1772	8.8600	36		46	
1773	8.8650	36		46	
1774	8.8700	36		46	
1775	8.8750	36		46	
1776	8.8800	36		46	
1777	8.8850	36		47	
1778	8.8900	35		47	
1779	8.8950	35		47	
1780	8.9000	35		47	
1781	8.9050	35		47	
1782	8.9100	34		47	
1783	8.9150	34		47	
1784	8.9200	34		47	
1785	8.9250	34		47	
1786	8.9300	33		46	
1787	8.9350	33		46	
1788	8.9400	32		46	
1789	8.9450	32		46	
1790	8.9500	32		46	
1791	8.9550	32		45	
1792	8.9600	31		45	
1793	8.9650	31		45	
1794	8.9700	30		44	
1795	8.9750	30		44	
1796	8.9800	30		44	
1797	8.9850	29		43	
1798	8.9900	28		43	
1799	8.9950	28		42	
1800	9.0000	28		42	
1801	9.0050	27		41	
1802	9.0100	26		41	
1803	9.0150	26		40	
1804	9.0200	25		40	
1805	9.0250	24		39	
1806	9.0300	24		38	
1807	9.0350	23		38	
1808	9.0400	22		37	
1809	9.0450	22		36	
1810	9.0500	21		36	
1811	9.0550	20		35	
1812	9.0600	20		34	
1813	9.0650	19		33	
1814	9.0700	18		32	
1815	9.0750	18		32	
1816	9.0800	17		31	
1817	9.0850	16		30	
1818	9.0900	16		29	
1819	9.0950	15		28	
1820	9.1000	14		27	
1821	9.1050	14		26	
1822	9.1100	12		25	
1823	9.1150	12		24	
1824	9.1200	11		23	
1825	9.1250	10		22	
1826	9.1300	10		22	
1827	9.1350	9		20	
1828	9.1400	8		20	
1829	9.1450	7		18	
1830	9.1500	6		18	
1831	9.1550	6		16	
1832	9.1600	5		15	
1833	9.1650	4		14	
1834	9.1700	3		13	
1835	9.1750	2		12	
1836	9.1800	2		11	
1837	9.1850	1		10	
1838	9.1900	0		9	
1839	9.1950	0		8	
1840	9.2000	-2		7	
1841	9.2050	-2		6	
1842	9.2100	-3		4	
1843	9.2150	-4		3	
1844	9.2200	-4		2	
1845	9.2250	-5		1	
1846	9.2300	-6		0	
1847	9.2350	-7		-1	
1848	9.2400	-8		-2	
1849	9.2450	-8		-3	
1850	9.2500	-9		-4	
1851	9.2550	-10		-6	
1852	9.2600	-10		-7	
1853	9.2650	-11		-8	
1854	9.2700	-12		-9	
1855	9.2750	-12		-10	
1856	9.2800	-13		-11	
1857	9.2850	-14		-12	
1858	9.2900	-14		-13	
1859	9.2950	-16		-14	
1860	9.3000	-16		-15	
1861	9.3050	-17		-16	
1862	9.3100	-17		-17	
1863	9.3150	-18		-18	
1864	9.3200	-18		-19	
1865	9.3250	-19		-20	
1866	9.3300	-20		-21	
1867	9.3350	-20		-22	
1868	9.3400	-21		-23	
1869	9.3450	-21		-24	
1870	9.3500	-22		-25	
1871	9.3550	-22		-26	
1872	9.3600	-22		-26	
1873	9.3650	-23		-27	
1874	9.3700	-24		-28	
1875	9.3750	-24		-29	
1876	9.3800	-24		-30	
1877	9.3850	-25		-30	
1878	9.3900	-25		-31	
1879	9.3950	-26		-32	
1880	9.4000	-26		-33	
1881	9.4050	-26		-33	
1882	9.4100	-26		-34	
1883	9.4150	-27		-35	
1884	9.4200	-27		-35	
1885	9.4250	-27		-36	
1886	9.4300	-28		-36	
1887	9.4350	-28		-37	
1888	9.4400	-28		-38	
1889	9.4450	-28		-38	
1890	9.4500	-28		-38	
1891	9.4550	-28		-39	
1892	9.4600	-28		-39	
1893	9.4650	-28		-40	
1894	9.4700	-28		-40	
1895	9.4750	-28		-40	
1896	9.4800	-28		-41	
1897	9.4850	-28		-41	
1898	9.4900	-28		-41	
1899	9.4950	-28		-42	
1900	9.5000	-28		-42	
1901	9.5050	-28		-42	
1902	9.5100	-28		-42	
1903	9.5150	-28		-42	
1904	9.5200	-28		-42	
1905	9.5250	-28		-42	
1906	9.5300	-28		-43	
1907	9.5350	-28		-43	
1908	9.5400	-27		-43	
1909	9.5450	-27		-43	
1910	9.5500	-26		-42	
1911	9.5550	-26		-42	
1912	9.5600	-26		-42	
1913	9.5650	-26		-42	
1914	9.5700	-25		-42	
1915	9.5750	-25		-42	
1916	9.5800	-24		-42	
1917	9.5850	-24		-41	
1918	9.5900	-24		-41	
1919	9.5950	-23		-41	
1920	9.6000	-23		-40	
1921	9.6050	-22		-40	
1922	9.6100	-22		-40	
1923	9.6150	-22		-39	
1924	9.6200	-21		-39	
1925	9.6250	-20		-38	
1926	9.6300	-20		-38	
1927	9.6350	-19		-37	
1928	9.6400	-18		-37	
1929	9.6450	-18		-36	
1930	9.6500	-17		-36	
1931	9.6550	-16		-35	
1932	9.6600	-16		-34	
1933	9.6650	-15		-34	
1934	9.6700	-14		-33	
1935	9.6750	-14		-32	
1936	9.6800	-13		-32	
1937	9.6850	-12		-31	
1938	9.6900	-12		-30	
1939	9.6950	-11		-29	
1940	9.7000	-10		-28	
1941	9.7050	-10		-28	
1942	9.7100	-9		-27	
1943	9.7150	-8		-26	
1944	9.7200	-8		-25	
1945	9.7250	-6		-24	
1946	9.7300	-6		-23	
1947	9.7350	-5		-22	
1948	9.7400	-4		-22	
1949	9.7450	-3		-20	
1950	9.7500	-2		-20	
1951	9.7550	-2		-19	
1952	9.7600	-1		-18	
1953	9.7650	0		-17	
1954	9.7700	0		-16	
1955	9.7750	2		-15	
1956	9.7800	2		-14	
1957	9.7850	3		-13	
1958	9.7900	4		-12	
1959	9.7950	5		-10	
1960	9.8000	6		-9	
1961	9.8050	6		-8	
1962	9.8100	8		-7	
1963	9.8150	8		-6	
1964	9.8200	9		-5	
1965	9.8250	10		-4	
1966	9.8300	10		-3	
1967	9.8350	11		-2	
1968	9.8400	12		-1	
1969	9.8450	13		0	
1970	9.8500	14		2	
1971	9.8550	14		3	
1972	9.8600	15		4	
1973	9.8650	16		5	
1974	9.8700	17		6	
1975	9.8750	18		7	
1976	9.8800	18		8	
1977	9.8850	19		9	
1978	9.8900	20		10	
1979	9.8950	20		12	
1980	9.9000	21		13	
1981	9.9050	22		14	
1982	9.9100	22		15	
1983	9.9150	23		16	
1984	9.9200	24		17	
1985	9.9250	24		18	
1986	9.9300	25		19	
1987	9.9350	26		20	
1988	9.9400	26		21	
1989	9.9450	27		22	
1990	9.9500	27		23	
1991	9.9550	28		24	
1992	9.9600	28		25	
1993	9.9650	29		26	
1994	9.9700	29		27	
1995	9.9750	30		28	
1996	9.9800	30		29	
1997	9.9850	30		30	
1998	9.9900	31		31	
1999	9.9950	32		32	
2000	10.0000	32		32	
