#	time(s)	count A	count B	count C	count D
1	0.0050	0		42	
2	0.0100	-1		42	
3	0.0150	-1		41	
4	0.0200	-2		40	
5	0.0250	-2		40	
6	0.0300	-2		40	
7	0.0350	-2		39	
8	0.0400	-3		38	
9	0.0450	-3		38	
10	0.0500	-4		37	
11	0.0550	-4		36	
12	0.0600	-4		36	
13	0.0650	-4		35	
14	0.0700	-5		34	
15	0.0750	-5		34	
16	0.0800	-6		33	
17	0.0850	-6		32	
18	0.0900	-6		32	
19	0.0950	-6		31	
20	0.1000	-6		30	
21	0.1050	-7		29	
22	0.1100	-7		28	
23	0.1150	-7		27	
24	0.1200	-8		26	
25	0.1250	-8		25	
26	0.1300	-8		24	
27	0.1350	-8		23	
28	0.1400	-8		22	
29	0.1450	-8		21	
30	0.1500	-8		20	
31	0.1550	-8		19	
32	0.1600	-8		18	
33	0.1650	-8		17	
34	0.1700	-8		16	
35	0.1750	-8		14	
36	0.1800	-8		13	
37	0.1850	-8		12	
38	0.1900	-8		11	
39	0.1950	-8		10	
40	0.2000	-8		9	
41	0.2050	-8		8	
42	0.2100	-8		6	
43	0.2150	-8		5	
44	0.2200	-8		4	
45	0.2250	-8		3	
46	0.2300	-8		2	
47	0.2350	-8		0	
48	0.2400	-7		-1	
49	0.2450	-7		-2	
50	0.2500	-7		-3	
51	0.2550	-7		-4	
52	0.2600	-6		-6	
53	0.2650	-6		-7	
54	0.2700	-6		-8	
55	0.2750	-6		-9	
56	0.2800	-5		-10	
57	0.2850	-5		-12	
58	0.2900	-5		-12	
59	0.2950	-4		-14	
60	0.3000	-4		-14	
61	0.3050	-4		-16	
62	0.3100	-4		-17	
63	0.3150	-3		-18	
64	0.3200	-3		-19	
65	0.3250	-2		-20	
66	0.3300	-2		-21	
67	0.3350	-2		-22	
68	0.3400	-1		-22	
69	0.3450	-1		-24	
70	0.3500	0		-24	
71	0.3550	0		-25	
72	0.3600	0		-26	
73	0.3650	1		-27	
74	0.3700	2		-28	
75	0.3750	2		-28	
76	0.3800	2		-29	
77	0.3850	3		-30	
78	0.3900	3		-30	
79	0.3950	4		-31	
80	0.4000	4		-31	
81	0.4050	5		-32	
82	0.4100	5		-32	
83	0.4150	6		-33	
84	0.4200	6		-33	
85	0.4250	7		-34	
86	0.4300	7		-34	
87	0.4350	8		-34	
88	0.4400	8		-34	
89	0.4450	8		-34	
90	0.4500	9		-34	
91	0.4550	10		-35	
92	0.4600	10		-35	
93	0.4650	10		-35	
94	0.4700	11		-35	
95	0.4750	12		-35	
96	0.4800	12		-35	
97	0.4850	12		-35	
98	0.4900	13		-34	
99	0.4950	13		-34	
100	0.5000	14		-34	
101	0.5050	14		-34	
102	0.5100	14		-34	
103	0.5150	15		-33	
104	0.5200	15		-33	
105	0.5250	16		-32	
106	0.5300	16		-32	
107	0.5350	16		-31	
108	0.5400	17		-31	
109	0.5450	17		-30	
110	0.5500	18		-30	
111	0.5550	18		-29	
112	0.5600	18		-28	
113	0.5650	18		-28	
114	0.5700	19		-27	
115	0.5750	19		-26	
116	0.5800	19		-25	
117	0.5850	20		-24	
118	0.5900	20		-23	
119	0.5950	20		-22	
120	0.6000	20		-22	
121	0.6050	20		-20	
122	0.6100	21		-20	
123	0.6150	21		-18	
124	0.6200	21		-17	
125	0.6250	21		-16	
126	0.6300	22		-15	
127	0.6350	22		-14	
128	0.6400	22		-13	
129	0.6450	22		-12	
130	0.6500	22		-10	
131	0.6550	22		-9	
132	0.6600	22		-8	
133	0.6650	22		-7	
134	0.6700	22		-6	
135	0.6750	22		-4	
136	0.6800	22		-3	
137	0.6850	22		-2	
138	0.6900	22		0	
139	0.6950	22		1	
140	0.7000	22		2	
141	0.7050	22		4	
142	0.7100	22		5	
143	0.7150	22		6	
144	0.7200	22		8	
145	0.7250	22		9	
146	0.7300	22		10	
147	0.7350	21		12	
148	0.7400	21		13	
149	0.7450	21		14	
150	0.7500	21		16	
151	0.7550	20		17	
152	0.7600	20		18	
153	0.7650	20		19	
154	0.7700	20		20	
155	0.7750	20		22	
156	0.7800	19		23	
157	0.7850	19		24	
158	0.7900	19		26	
159	0.7950	18		26	
160	0.8000	18		28	
161	0.8050	18		29	
162	0.8100	18		30	
163	0.8150	17		31	
164	0.8200	17		32	
165	0.8250	16		33	
166	0.8300	16		34	
167	0.8350	16		35	
168	0.8400	15		36	
169	0.8450	15		37	
170	0.8500	14		38	
171	0.8550	14		38	
172	0.8600	14		39	
173	0.8650	13		40	
174	0.8700	12		41	
175	0.8750	12		41	
176	0.8800	12		42	
177	0.8850	11		42	
178	0.8900	11		43	
179	0.8950	10		43	
180	0.9000	10		44	
181	0.9050	10		44	
182	0.9100	9		44	
183	0.9150	8		44	
184	0.9200	8		45	
185	0.9250	8		45	
186	0.9300	7		45	
187	0.9350	6		45	
188	0.9400	6		45	
189	0.9450	6		45	
190	0.9500	5		45	
191	0.9550	5		45	
192	0.9600	4		45	
193	0.9650	4		45	
194	0.9700	3		44	
195	0.9750	3		44	
196	0.9800	2		44	
197	0.9850	2		44	
198	0.9900	2		44	
199	0.9950	1		43	
200	1.0000	0		43	
201	1.0050	0		42	
202	1.0100	0		42	
203	1.0150	-1		42	
204	1.0200	-1		41	
205	1.0250	-2		41	
206	1.0300	-2		40	
207	1.0350	-2		40	
208	1.0400	-2		39	
209	1.0450	-3		38	
210	1.0500	-3		38	
211	1.0550	-4		37	
212	1.0600	-4		36	
213	1.0650	-4		36	
214	1.0700	-5		35	
215	1.0750	-5		34	
216	1.0800	-5		34	
217	1.0850	-6		33	
218	1.0900	-6		32	
219	1.0950	-6		32	
220	1.1000	-6		31	
221	1.1050	-7		30	
222	1.1100	-7		29	
223	1.1150	-7		28	
224	1.1200	-7		27	
225	1.1250	-8		26	
226	1.1300	-8		25	
227	1.1350	-8		24	
228	1.1400	-8		23	
229	1.1450	-8		22	
230	1.1500	-8		21	
231	1.1550	-8		20	
232	1.1600	-8		19	
233	1.1650	-8		18	
234	1.1700	-8		17	
235	1.1750	-8		16	
236	1.1800	-8		14	
237	1.1850	-8		13	
238	1.1900	-8		12	
239	1.1950	-8		11	
240	1.2000	-8		10	
241	1.2050	-8		9	
242	1.2100	-8		8	
243	1.2150	-8		6	
244	1.2200	-8		5	
245	1.2250	-8		4	
246	1.2300	-8		3	
247	1.2350	-8		2	
248	1.2400	-8		0	
249	1.2450	-8		-1	
250	1.2500	-7		-2	
251	1.2550	-7		-3	
252	1.2600	-7		-4	
253	1.2650	-6		-6	
254	1.2700	-6		-7	
255	1.2750	-6		-8	
256	1.2800	-6		-9	
257	1.2850	-6		-10	
258	1.2900	-5		-11	
259	1.2950	-5		-12	
260	1.3000	-4		-14	
261	1.3050	-4		-15	
262	1.3100	-4		-16	
263	1.3150	-4		-17	
264	1.3200	-3		-18	
265	1.3250	-3		-19	
266	1.3300	-2		-20	
267	1.3350	-2		-21	
268	1.3400	-2		-22	
269	1.3450	-1		-22	
270	1.3500	-1		-24	
271	1.3550	0		-24	
272	1.3600	0		-25	
273	1.3650	0		-26	
274	1.3700	1		-27	
275	1.3750	2		-28	
276	1.3800	2		-28	
277	1.3850	2		-29	
278	1.3900	3		-30	
279	1.3950	3		-30	
280	1.4000	4		-31	
281	1.4050	4		-31	
282	1.4100	5		-32	
283	1.4150	5		-32	
284	1.4200	6		-33	
285	1.4250	6		-33	
286	1.4300	6		-34	
287	1.4350	7		-34	
288	1.4400	8		-34	
289	1.4450	8		-34	
290	1.4500	8		-34	
291	1.4550	9		-34	
292	1.4600	10		-35	
293	1.4650	10		-35	
294	1.4700	10		-35	
295	1.4750	11		-35	
296	1.4800	12		-35	
297	1.4850	12		-35	
298	1.4900	12		-35	
299	1.4950	13		-34	
300	1.5000	13		-34	
301	1.5050	14		-34	
302	1.5100	14		-34	
303	1.5150	14		-34	
304	1.5200	15		-33	
305	1.5250	15		-33	
306	1.5300	16		-32	
307	1.5350	16		-32	
308	1.5400	16		-31	
309	1.5450	17		-31	
310	1.5500	17		-30	
311	1.5550	18		-30	
312	1.5600	18		-29	
313	1.5650	18		-28	
314	1.5700	18		-28	
315	1.5750	19		-27	
316	1.5800	19		-26	
317	1.5850	19		-25	
318	1.5900	20		-24	
319	1.5950	20		-23	
320	1.6000	20		-22	
321	1.6050	20		-22	
322	1.6100	20		-20	
323	1.6150	21		-20	
324	1.6200	21		-18	
325	1.6250	21		-17	
326	1.6300	21		-16	
327	1.6350	22		-15	
328	1.6400	22		-14	
329	1.6450	22		-13	
330	1.6500	22		-12	
331	1.6550	22		-10	
332	1.6600	22		-10	
333	1.6650	22		-8	
334	1.6700	22		-7	
335	1.6750	22		-6	
336	1.6800	22		-4	
337	1.6850	22		-3	
338	1.6900	22		-2	
339	1.6950	22		0	
340	1.7000	22		1	
341	1.7050	22		2	
342	1.7100	22		4	
343	1.7150	22		5	
344	1.7200	22		6	
345	1.7250	22		8	
346	1.7300	22		9	
347	1.7350	22		10	
348	1.7400	21		12	
349	1.7450	21		13	
350	1.7500	21		14	
351	1.7550	21		15	
352	1.7600	20		16	
353	1.7650	20		18	
354	1.7700	20		19	
355	1.7750	20		20	
356	1.7800	20		22	
357	1.7850	19		23	
358	1.7900	19		24	
359	1.7950	19		25	
360	1.8000	18		26	
361	1.8050	18		28	
362	1.8100	18		29	
363	1.8150	17		30	
364	1.8200	17		31	
365	1.8250	17		32	
366	1.8300	16		33	
367	1.8350	16		34	
368	1.8400	16		35	
369	1.8450	15		36	
370	1.8500	15		37	
371	1.8550	14		38	
372	1.8600	14		38	
373	1.8650	14		39	
374	1.8700	13		40	
375	1.8750	12		40	
376	1.8800	12		41	
377	1.8850	12		42	
378	1.8900	11		42	
379	1.8950	11		43	
380	1.9000	10		43	
381	1.9050	10		44	
382	1.9100	10		44	
383	1.9150	9		44	
384	1.9200	8		44	
385	1.9250	8		44	
386	1.9300	8		45	
387	1.9350	7		45	
388	1.9400	6		45	
389	1.9450	6		45	
390	1.9500	6		45	
391	1.9550	5		45	
392	1.9600	5		45	
393	1.9650	4		45	
394	1.9700	4		44	
395	1.9750	3		44	
396	1.9800	3		44	
397	1.9850	2		44	
398	1.9900	2		44	
399	1.9950	2		43	
400	2.0000	1		43	
401	2.0050	0		42	
402	2.0100	0		42	
403	2.0150	0		42	
404	2.0200	-1		42	
405	2.0250	-1		41	
406	2.0300	-2		40	
407	2.0350	-2		40	
408	2.0400	-2		40	
409	2.0450	-3		39	
410	2.0500	-3		38	
411	2.0550	-4		38	
412	2.0600	-4		37	
413	2.0650	-4		36	
414	2.0700	-4		36	
415	2.0750	-5		35	
416	2.0800	-5		34	
417	2.0850	-5		34	
418	2.0900	-6		33	
419	2.0950	-6		32	
420	2.1000	-6		31	
421	2.1050	-6		30	
422	2.1100	-7		30	
423	2.1150	-7		28	
424	2.1200	-7		28	
425	2.1250	-7		27	
426	2.1300	-8		26	
427	2.1350	-8		25	
428	2.1400	-8		24	
429	2.1450	-8		23	
430	2.1500	-8		22	
431	2.1550	-8		21	
432	2.1600	-8		20	
433	2.1650	-8		19	
434	2.1700	-8		18	
435	2.1750	-8		16	
436	2.1800	-8		16	
437	2.1850	-8		14	
438	2.1900	-8		13	
439	2.1950	-8		12	
440	2.2000	-8		11	
441	2.2050	-8		10	
442	2.2100	-8		8	
443	2.2150	-8		7	
444	2.2200	-8		6	
445	2.2250	-8		5	
446	2.2300	-8		4	
447	2.2350	-8		2	
448	2.2400	-8		1	
449	2.2450	-8		0	
450	2.2500	-8		-1	
451	2.2550	-7		-2	
452	2.2600	-7		-4	
453	2.2650	-7		-4	
454	2.2700	-6		-6	
455	2.2750	-6		-7	
456	2.2800	-6		-8	
457	2.2850	-6		-9	
458	2.2900	-6		-10	
459	2.2950	-5		-12	
460	2.3000	-5		-12	
461	2.3050	-4		-14	
462	2.3100	-4		-15	
463	2.3150	-4		-16	
464	2.3200	-4		-17	
465	2.3250	-3		-18	
466	2.3300	-3		-19	
467	2.3350	-2		-20	
468	2.3400	-2		-21	
469	2.3450	-2		-22	
470	2.3500	-1		-22	
471	2.3550	-1		-24	
472	2.3600	0		-24	
473	2.3650	0		-25	
474	2.3700	0		-26	
475	2.3750	1		-27	
476	2.3800	2		-28	
477	2.3850	2		-28	
478	2.3900	2		-29	
479	2.3950	3		-30	
480	2.4000	4		-30	
481	2.4050	4		-31	
482	2.4100	4		-31	
483	2.4150	5		-32	
484	2.4200	5		-32	
485	2.4250	6		-33	
486	2.4300	6		-33	
487	2.4350	7		-34	
488	2.4400	7		-34	
489	2.4450	8		-34	
490	2.4500	8		-34	
491	2.4550	8		-34	
492	2.4600	9		-34	
493	2.4650	10		-35	
494	2.4700	10		-35	
495	2.4750	10		-35	
496	2.4800	11		-35	
497	2.4850	12		-35	
498	2.4900	12		-35	
499	2.4950	12		-34	
500	2.5000	13		-34	
501	2.5050	13		-34	
502	2.5100	14		-34	
503	2.5150	14		-34	
504	2.5200	14		-34	
505	2.5250	15		-33	
506	2.5300	15		-32	
507	2.5350	16		-32	
508	2.5400	16		-32	
509	2.5450	16		-31	
510	2.5500	17		-31	
511	2.5550	17		-30	
512	2.5600	18		-30	
513	2.5650	18		-29	
514	2.5700	18		-28	
515	2.5750	18		-27	
516	2.5800	19		-26	
517	2.5850	19		-26	
518	2.5900	19		-25	
519	2.5950	20		-24	
520	2.6000	20		-23	
521	2.6050	20		-22	
522	2.6100	20		-21	
523	2.6150	20		-20	
524	2.6200	21		-19	
525	2.6250	21		-18	
526	2.6300	21		-17	
527	2.6350	21		-16	
528	2.6400	22		-15	
529	2.6450	22		-14	
530	2.6500	22		-13	
531	2.6550	22		-12	
532	2.6600	22		-10	
533	2.6650	22		-9	
534	2.6700	22		-8	
535	2.6750	22		-7	
536	2.6800	22		-6	
537	2.6850	22		-4	
538	2.6900	22		-3	
539	2.6950	22		-2	
540	2.7000	22		0	
541	2.7050	22		1	
542	2.7100	22		2	
543	2.7150	22		4	
544	2.7200	22		5	
545	2.7250	22		6	
546	2.7300	22		8	
547	2.7350	22		9	
548	2.7400	22		10	
549	2.7450	21		12	
550	2.7500	21		13	
551	2.7550	21		14	
552	2.7600	21		16	
553	2.7650	20		17	
554	2.7700	20		18	
555	2.7750	20		19	
556	2.7800	20		20	
557	2.7850	20		22	
558	2.7900	19		23	
559	2.7950	19		24	
560	2.8000	19		25	
561	2.8050	18		26	
562	2.8100	18		28	
563	2.8150	18		29	
564	2.8200	18		30	
565	2.8250	17		31	
566	2.8300	17		32	
567	2.8350	16		33	
568	2.8400	16		34	
569	2.8450	16		35	
570	2.8500	15		36	
571	2.8550	15		37	
572	2.8600	14		38	
573	2.8650	14		38	
574	2.8700	14		39	
575	2.8750	13		40	
576	2.8800	12		40	
577	2.8850	12		41	
578	2.8900	12		42	
579	2.8950	11		42	
580	2.9000	11		43	
581	2.9050	10		43	
582	2.9100	10		44	
583	2.9150	10		44	
584	2.9200	9		44	
585	2.9250	8		44	
586	2.9300	8		45	
587	2.9350	8		45	
588	2.9400	7		45	
589	2.9450	6		45	
590	2.9500	6		45	
591	2.9550	6		45	
592	2.9600	5		45	
593	2.9650	5		45	
594	2.9700	4		45	
595	2.9750	4		44	
596	2.9800	3		44	
597	2.9850	3		44	
598	2.9900	2		44	
599	2.9950	2		44	
600	3.0000	2		44	
601	3.0050	1		43	
602	3.0100	0		43	
603	3.0150	0		42	
604	3.0200	0		42	
605	3.0250	-1		42	
606	3.0300	-1		41	
607	3.0350	-2		40	
608	3.0400	-2		40	
609	3.0450	-2		40	
610	3.0500	-3		39	
611	3.0550	-3		38	
612	3.0600	-4		38	
613	3.0650	-4		37	
614	3.0700	-4		36	
615	3.0750	-4		36	
616	3.0800	-5		35	
617	3.0850	-5		34	
618	3.0900	-5		34	
619	3.0950	-6		33	
620	3.1000	-6		32	
621	3.1050	-6		31	
622	3.1100	-6		30	
623	3.1150	-7		30	
624	3.1200	-7		28	
625	3.1250	-7		28	
626	3.1300	-7		27	
627	3.1350	-8		26	
628	3.1400	-8		25	
629	3.1450	-8		24	
630	3.1500	-8		23	
631	3.1550	-8		22	
632	3.1600	-8		21	
633	3.1650	-8		20	
634	3.1700	-8		19	
635	3.1750	-8		18	
636	3.1800	-8		16	
637	3.1850	-8		16	
638	3.1900	-8		14	
639	3.1950	-8		13	
640	3.2000	-8		12	
641	3.2050	-8		11	
642	3.2100	-8		10	
643	3.2150	-8		8	
644	3.2200	-8		7	
645	3.2250	-8		6	
646	3.2300	-8		5	
647	3.2350	-8		4	
648	3.2400	-8		2	
649	3.2450	-8		1	
650	3.2500	-8		0	
651	3.2550	-8		-1	
652	3.2600	-7		-2	
653	3.2650	-7		-4	
654	3.2700	-7		-5	
655	3.2750	-6		-6	
656	3.2800	-6		-7	
657	3.2850	-6		-8	
658	3.2900	-6		-9	
659	3.2950	-5		-10	
660	3.3000	-5		-12	
661	3.3050	-5		-13	
662	3.3100	-4		-14	
663	3.3150	-4		-15	
664	3.3200	-4		-16	
665	3.3250	-4		-17	
666	3.3300	-3		-18	
667	3.3350	-3		-19	
668	3.3400	-2		-20	
669	3.3450	-2		-21	
670	3.3500	-2		-22	
671	3.3550	-1		-22	
672	3.3600	-1		-24	
673	3.3650	0		-24	
674	3.3700	0		-25	
675	3.3750	0		-26	
676	3.3800	1		-27	
677	3.3850	2		-28	
678	3.3900	2		-28	
679	3.3950	2		-29	
680	3.4000	3		-30	
681	3.4050	4		-30	
682	3.4100	4		-31	
683	3.4150	4		-31	
684	3.4200	5		-32	
685	3.4250	5		-32	
686	3.4300	6		-33	
687	3.4350	6		-33	
688	3.4400	7		-34	
689	3.4450	7		-34	
690	3.4500	8		-34	
691	3.4550	8		-34	
692	3.4600	8		-34	
693	3.4650	9		-34	
694	3.4700	10		-35	
695	3.4750	10		-35	
696	3.4800	10		-35	
697	3.4850	11		-35	
698	3.4900	12		-35	
699	3.4950	12		-35	
700	3.5000	12		-34	
701	3.5050	13		-34	
702	3.5100	13		-34	
703	3.5150	14		-34	
704	3.5200	14		-34	
705	3.5250	14		-34	
706	3.5300	15		-33	
707	3.5350	15		-32	
708	3.5400	16		-32	
709	3.5450	16		-32	
710	3.5500	16		-31	
711	3.5550	17		-30	
712	3.5600	17		-30	
713	3.5650	18		-30	
714	3.5700	18		-29	
715	3.5750	18		-28	
716	3.5800	18		-27	
717	3.5850	19		-26	
718	3.5900	19		-26	
719	3.5950	19		-25	
720	3.6000	20		-24	
721	3.6050	20		-23	
722	3.6100	20		-22	
723	3.6150	20		-21	
724	3.6200	20		-20	
725	3.6250	21		-19	
726	3.6300	21		-18	
727	3.6350	21		-17	
728	3.6400	21		-16	
729	3.6450	22		-15	
730	3.6500	22		-14	
731	3.6550	22		-13	
732	3.6600	22		-12	
733	3.6650	22		-10	
734	3.6700	22		-9	
735	3.6750	22		-8	
736	3.6800	22		-7	
737	3.6850	22		-6	
738	3.6900	22		-4	
739	3.6950	22		-3	
740	3.7000	22		-2	
741	3.7050	22		0	
742	3.7100	22		1	
743	3.7150	22		2	
744	3.7200	22		4	
745	3.7250	22		5	
746	3.7300	22		6	
747	3.7350	22		8	
748	3.7400	22		9	
749	3.7450	21		10	
750	3.7500	21		12	
751	3.7550	21		13	
752	3.7600	21		14	
753	3.7650	20		16	
754	3.7700	20		17	
755	3.7750	20		18	
756	3.7800	20		19	
757	3.7850	20		20	
758	3.7900	20		22	
759	3.7950	19		23	
760	3.8000	19		24	
761	3.8050	19		26	
762	3.8100	18		27	
763	3.8150	18		28	
764	3.8200	18		29	
765	3.8250	17		30	
766	3.8300	17		31	
767	3.8350	16		32	
768	3.8400	16		33	
769	3.8450	16		34	
770	3.8500	16		35	
771	3.8550	15		36	
772	3.8600	14		37	
773	3.8650	14		38	
774	3.8700	14		38	
775	3.8750	14		39	
776	3.8800	13		40	
777	3.8850	12		41	
778	3.8900	12		41	
779	3.8950	12		42	
780	3.9000	11		42	
781	3.9050	11		43	
782	3.9100	10		43	
783	3.9150	10		44	
784	3.9200	9		44	
785	3.9250	9		44	
786	3.9300	8		44	
787	3.9350	8		45	
788	3.9400	8		45	
789	3.9450	7		45	
790	3.9500	6		45	
791	3.9550	6		45	
792	3.9600	6		45	
793	3.9650	5		45	
794	3.9700	5		45	
795	3.9750	4		45	
796	3.9800	4		44	
797	3.9850	3		44	
798	3.9900	3		44	
799	3.9950	2		44	
800	4.0000	2		44	
801	4.0050	1		43	
802	4.0100	1		43	
803	4.0150	0		42	
804	4.0200	0		42	
805	4.0250	0		42	
806	4.0300	-1		42	
807	4.0350	-1		41	
808	4.0400	-2		40	
809	4.0450	-2		40	
810	4.0500	-2		40	
811	4.0550	-3		39	
812	4.0600	-3		38	
813	4.0650	-4		38	
814	4.0700	-4		37	
815	4.0750	-4		36	
816	4.0800	-4		36	
817	4.0850	-5		35	
818	4.0900	-5		34	
819	4.0950	-5		34	
820	4.1000	-6		33	
821	4.1050	-6		32	
822	4.1100	-6		31	
823	4.1150	-6		30	
824	4.1200	-7		30	
825	4.1250	-7		28	
826	4.1300	-7		28	
827	4.1350	-7		26	
828	4.1400	-8		26	
829	4.1450	-8		25	
830	4.1500	-8		24	
831	4.1550	-8		23	
832	4.1600	-8		22	
833	4.1650	-8		20	
834	4.1700	-8		20	
835	4.1750	-8		18	
836	4.1800	-8		18	
837	4.1850	-8		16	
838	4.1900	-8		15	
839	4.1950	-8		14	
840	4.2000	-8		13	
841	4.2050	-8		12	
842	4.2100	-8		10	
843	4.2150	-8		9	
844	4.2200	-8		8	
845	4.2250	-8		7	
846	4.2300	-8		6	
847	4.2350	-8		4	
848	4.2400	-8		4	
849	4.2450	-8		2	
850	4.2500	-8		1	
851	4.2550	-8		0	
852	4.2600	-8		-2	
853	4.2650	-7		-2	
854	4.2700	-7		-4	
855	4.2750	-7		-5	
856	4.2800	-6		-6	
857	4.2850	-6		-7	
858	4.2900	-6		-8	
859	4.2950	-6		-10	
860	4.3000	-5		-11	
861	4.3050	-5		-12	
862	4.3100	-5		-13	
863	4.3150	-4		-14	
864	4.3200	-4		-15	
865	4.3250	-4		-16	
866	4.3300	-4		-17	
867	4.3350	-3		-18	
868	4.3400	-3		-19	
869	4.3450	-2		-20	
870	4.3500	-2		-21	
871	4.3550	-2		-22	
872	4.3600	-1		-23	
873	4.3650	-1		-24	
874	4.3700	0		-25	
875	4.3750	0		-26	
876	4.3800	0		-26	
877	4.3850	1		-27	
878	4.3900	2		-28	
879	4.3950	2		-28	
880	4.4000	2		-29	
881	4.4050	3		-30	
882	4.4100	4		-30	
883	4.4150	4		-31	
884	4.4200	4		-32	
885	4.4250	5		-32	
886	4.4300	5		-32	
887	4.4350	6		-33	
888	4.4400	6		-33	
889	4.4450	7		-34	
890	4.4500	7		-34	
891	4.4550	8		-34	
892	4.4600	8		-34	
893	4.4650	9		-35	
894	4.4700	9		-35	
895	4.4750	10		-35	
896	4.4800	10		-35	
897	4.4850	10		-35	
898	4.4900	11		-35	
899	4.4950	12		-35	
900	4.5000	12		-35	
901	4.5050	12		-35	
902	4.5100	13		-34	
903	4.5150	13		-34	
904	4.5200	14		-34	
905	4.5250	14		-34	
906	4.5300	14		-34	
907	4.5350	15		-33	
908	4.5400	15		-33	
909	4.5450	16		-32	
910	4.5500	16		-32	
911	4.5550	16		-31	
912	4.5600	17		-31	
913	4.5650	17		-30	
914	4.5700	18		-30	
915	4.5750	18		-29	
916	4.5800	18		-28	
917	4.5850	18		-27	
918	4.5900	19		-26	
919	4.5950	19		-26	
920	4.6000	19		-25	
921	4.6050	20		-24	
922	4.6100	20		-23	
923	4.6150	20		-22	
924	4.6200	20		-21	
925	4.6250	20		-20	
926	4.6300	21		-19	
927	4.6350	21		-18	
928	4.6400	21		-17	
929	4.6450	21		-16	
930	4.6500	22		-15	
931	4.6550	22		-14	
932	4.6600	22		-12	
933	4.6650	22		-12	
934	4.6700	22		-10	
935	4.6750	22		-9	
936	4.6800	22		-8	
937	4.6850	22		-6	
938	4.6900	22		-5	
939	4.6950	22		-4	
940	4.7000	22		-3	
941	4.7050	22		-1	
942	4.7100	22		0	
943	4.7150	22		1	
944	4.7200	22		2	
945	4.7250	22		4	
946	4.7300	22		5	
947	4.7350	22		6	
948	4.7400	22		8	
949	4.7450	22		9	
950	4.7500	22		10	
951	4.7550	21		12	
952	4.7600	21		13	
953	4.7650	21		14	
954	4.7700	20		16	
955	4.7750	20		17	
956	4.7800	20		18	
957	4.7850	20		20	
958	4.7900	20		21	
959	4.7950	20		22	
960	4.8000	19		23	
961	4.8050	19		24	
962	4.8100	18		26	
963	4.8150	18		27	
964	4.8200	18		28	
965	4.8250	18		29	
966	4.8300	17		30	
967	4.8350	17		31	
968	4.8400	16		32	
969	4.8450	16		34	
970	4.8500	16		34	
971	4.8550	15		35	
972	4.8600	15		36	
973	4.8650	14		37	
974	4.8700	14		38	
975	4.8750	14		39	
976	4.8800	13		40	
977	4.8850	13		40	
978	4.8900	12		41	
979	4.8950	12		42	
980	4.9000	12		42	
981	4.9050	11		42	
982	4.9100	11		43	
983	4.9150	10		44	
984	4.9200	10		44	
985	4.9250	9		44	
986	4.9300	9		44	
987	4.9350	8		45	
988	4.9400	8		45	
989	4.9450	8		45	
990	4.9500	7		45	
991	4.9550	6		45	
992	4.9600	6		45	
993	4.9650	6		45	
994	4.9700	5		45	
995	4.9750	5		45	
996	4.9800	4		45	
997	4.9850	4		44	
998	4.9900	3		44	
999	4.9950	3		44	
1000	5.0000	2		44	
1001	5.0050	2		44	
1002	5.0100	1		43	
1003	5.0150	1		43	
1004	5.0200	0		43	
1005	5.0250	0		42	
1006	5.0300	0		42	
1007	5.0350	-1		42	
1008	5.0400	-1		41	
1009	5.0450	-2		40	
1010	5.0500	-2		40	
1011	5.0550	-2		40	
1012	5.0600	-3		39	
1013	5.0650	-3		38	
1014	5.0700	-4		38	
1015	5.0750	-4		37	
1016	5.0800	-4		36	
1017	5.0850	-4		36	
1018	5.0900	-5		35	
1019	5.0950	-5		34	
1020	5.1000	-5		34	
1021	5.1050	-6		33	
1022	5.1100	-6		32	
1023	5.1150	-6		31	
1024	5.1200	-6		30	
1025	5.1250	-7		30	
1026	5.1300	-7		28	
1027	5.1350	-7		28	
1028	5.1400	-7		27	
1029	5.1450	-8		26	
1030	5.1500	-8		25	
1031	5.1550	-8		24	
1032	5.1600	-8		23	
1033	5.1650	-8		22	
1034	5.1700	-8		21	
1035	5.1750	-8		20	
1036	5.1800	-8		19	
1037	5.1850	-8		18	
1038	5.1900	-8		16	
1039	5.1950	-8		16	
1040	5.2000	-8		14	
1041	5.2050	-8		13	
1042	5.2100	-8		12	
1043	5.2150	-8		11	
1044	5.2200	-8		10	
1045	5.2250	-8		8	
1046	5.2300	-8		7	
1047	5.2350	-8		6	
1048	5.2400	-8		5	
1049	5.2450	-8		4	
1050	5.2500	-8		2	
1051	5.2550	-8		1	
1052	5.2600	-8		0	
1053	5.2650	-8		-1	
1054	5.2700	-7		-2	
1055	5.2750	-7		-4	
1056	5.2800	-7		-5	
1057	5.2850	-6		-6	
1058	5.2900	-6		-7	
1059	5.2950	-6		-8	
1060	5.3000	-6		-9	
1061	5.3050	-5		-10	
1062	5.3100	-5		-12	
1063	5.3150	-5		-13	
1064	5.3200	-4		-14	
1065	5.3250	-4		-15	
1066	5.3300	-4		-16	
1067	5.3350	-4		-17	
1068	5.3400	-3		-18	
1069	5.3450	-3		-19	
1070	5.3500	-2		-20	
1071	5.3550	-2		-21	
1072	5.3600	-2		-22	
1073	5.3650	-1		-23	
1074	5.3700	0		-24	
1075	5.3750	0		-24	
1076	5.3800	0		-25	
1077	5.3850	1		-26	
1078	5.3900	1		-27	
1079	5.3950	2		-28	
1080	5.4000	2		-28	
1081	5.4050	2		-29	
1082	5.4100	3		-30	
1083	5.4150	4		-30	
1084	5.4200	4		-31	
1085	5.4250	4		-31	
1086	5.4300	5		-32	
1087	5.4350	5		-32	
1088	5.4400	6		-33	
1089	5.4450	6		-33	
1090	5.4500	7		-34	
1091	5.4550	7		-34	
1092	5.4600	8		-34	
1093	5.4650	8		-34	
1094	5.4700	9		-34	
1095	5.4750	9		-34	
1096	5.4800	10		-35	
1097	5.4850	10		-35	
1098	5.4900	10		-35	
1099	5.4950	11		-35	
1100	5.5000	12		-35	
1101	5.5050	12		-35	
1102	5.5100	12		-34	
1103	5.5150	13		-34	
1104	5.5200	13		-34	
1105	5.5250	14		-34	
1106	5.5300	14		-34	
1107	5.5350	14		-34	
1108	5.5400	15		-33	
1109	5.5450	15		-33	
1110	5.5500	16		-32	
1111	5.5550	16		-32	
1112	5.5600	16		-31	
1113	5.5650	17		-31	
1114	5.5700	17		-30	
1115	5.5750	18		-30	
1116	5.5800	18		-29	
1117	5.5850	18		-28	
1118	5.5900	18		-27	
1119	5.5950	19		-26	
1120	5.6000	19		-26	
1121	5.6050	20		-25	
1122	5.6100	20		-24	
1123	5.6150	20		-23	
1124	5.6200	20		-22	
1125	5.6250	20		-21	
1126	5.6300	20		-20	
1127	5.6350	21		-19	
1128	5.6400	21		-18	
1129	5.6450	21		-17	
1130	5.6500	21		-16	
1131	5.6550	22		-15	
1132	5.6600	22		-14	
1133	5.6650	22		-13	
1134	5.6700	22		-12	
1135	5.6750	22		-10	
1136	5.6800	22		-9	
1137	5.6850	22		-8	
1138	5.6900	22		-7	
1139	5.6950	22		-6	
1140	5.7000	22		-4	
1141	5.7050	22		-3	
1142	5.7100	22		-2	
1143	5.7150	22		0	
1144	5.7200	22		1	
1145	5.7250	22		2	
1146	5.7300	22		4	
1147	5.7350	22		5	
1148	5.7400	22		6	
1149	5.7450	22		8	
1150	5.7500	22		9	
1151	5.7550	21		10	
1152	5.7600	21		12	
1153	5.7650	21		13	
1154	5.7700	21		14	
1155	5.7750	20		16	
1156	5.7800	20		17	
1157	5.7850	20		18	
1158	5.7900	20		20	
1159	5.7950	20		20	
1160	5.8000	20		22	
1161	5.8050	19		23	
1162	5.8100	19		24	
1163	5.8150	18		26	
1164	5.8200	18		27	
1165	5.8250	18		28	
1166	5.8300	18		29	
1167	5.8350	17		30	
1168	5.8400	17		31	
1169	5.8450	16		32	
1170	5.8500	16		33	
1171	5.8550	16		34	
1172	5.8600	15		35	
1173	5.8650	15		36	
1174	5.8700	14		37	
1175	5.8750	14		38	
1176	5.8800	14		38	
1177	5.8850	13		39	
1178	5.8900	13		40	
1179	5.8950	12		40	
1180	5.9000	12		41	
1181	5.9050	12		42	
1182	5.9100	11		42	
1183	5.9150	11		43	
1184	5.9200	10		43	
1185	5.9250	10		44	
1186	5.9300	9		44	
1187	5.9350	9		44	
1188	5.9400	8		44	
1189	5.9450	8		44	
1190	5.9500	8		45	
1191	5.9550	7		45	
1192	5.9600	6		45	
1193	5.9650	6		45	
1194	5.9700	6		45	
1195	5.9750	5		45	
1196	5.9800	4		45	
1197	5.9850	4		44	
1198	5.9900	4		44	
1199	5.9950	3		44	
1200	6.0000	3		44	
1201	6.0050	2		44	
1202	6.0100	2		44	
1203	6.0150	1		43	
1204	6.0200	1		43	
1205	6.0250	0		42	
1206	6.0300	0		42	
1207	6.0350	0		42	
1208	6.0400	-1		41	
1209	6.0450	-1		41	
1210	6.0500	-2		40	
1211	6.0550	-2		40	
1212	6.0600	-2		40	
1213	6.0650	-3		39	
1214	6.0700	-3		38	
1215	6.0750	-4		38	
1216	6.0800	-4		37	
1217	6.0850	-4		36	
1218	6.0900	-4		36	
1219	6.0950	-5		35	
1220	6.1000	-5		34	
1221	6.1050	-6		34	
1222	6.1100	-6		33	
1223	6.1150	-6		32	
1224	6.1200	-6		31	
1225	6.1250	-6		30	
1226	6.1300	-7		30	
1227	6.1350	-7		28	
1228	6.1400	-7		28	
1229	6.1450	-7		27	
1230	6.1500	-8		26	
1231	6.1550	-8		25	
1232	6.1600	-8		24	
1233	6.1650	-8		23	
1234	6.1700	-8		22	
1235	6.1750	-8		21	
1236	6.1800	-8		20	
1237	6.1850	-8		18	
1238	6.1900	-8		18	
1239	6.1950	-8		16	
1240	6.2000	-8		15	
1241	6.2050	-8		14	
1242	6.2100	-8		13	
1243	6.2150	-8		12	
1244	6.2200	-8		11	
1245	6.2250	-8		10	
1246	6.2300	-8		8	
1247	6.2350	-8		7	
1248	6.2400	-8		6	
1249	6.2450	-8		5	
1250	6.2500	-8		4	
1251	6.2550	-8		2	
1252	6.2600	-8		1	
1253	6.2650	-8		0	
1254	6.2700	-7		-1	
1255	6.2750	-7		-2	
1256	6.2800	-7		-4	
1257	6.2850	-7		-5	
1258	6.2900	-6		-6	
1259	6.2950	-6		-7	
1260	6.3000	-6		-8	
1261	6.3050	-6		-10	
1262	6.3100	-5		-10	
1263	6.3150	-5		-12	
1264	6.3200	-5		-13	
1265	6.3250	-4		-14	
1266	6.3300	-4		-15	
1267	6.3350	-4		-16	
1268	6.3400	-3		-17	
1269	6.3450	-3		-18	
1270	6.3500	-2		-19	
1271	6.3550	-2		-20	
1272	6.3600	-2		-21	
1273	6.3650	-2		-22	
1274	6.3700	-1		-23	
1275	6.3750	0		-24	
1276	6.3800	0		-24	
1277	6.3850	0		-25	
1278	6.3900	1		-26	
1279	6.3950	1		-27	
1280	6.4000	2		-28	
1281	6.4050	2		-28	
1282	6.4100	2		-29	
1283	6.4150	3		-30	
1284	6.4200	4		-30	
1285	6.4250	4		-31	
1286	6.4300	4		-31	
1287	6.4350	5		-32	
1288	6.4400	6		-32	
1289	6.4450	6		-33	
1290	6.4500	6		-33	
1291	6.4550	7		-34	
1292	6.4600	7		-34	
1293	6.4650	8		-34	
1294	6.4700	8		-34	
1295	6.4750	9		-34	
1296	6.4800	9		-34	
1297	6.4850	10		-35	
1298	6.4900	10		-35	
1299	6.4950	11		-35	
1300	6.5000	11		-35	
1301	6.5050	12		-35	
1302	6.5100	12		-34	
1303	6.5150	12		-34	
1304	6.5200	13		-34	
1305	6.5250	13		-34	
1306	6.5300	14		-34	
1307	6.5350	14		-34	
1308	6.5400	14		-33	
1309	6.5450	15		-33	
1310	6.5500	15		-32	
1311	6.5550	16		-32	
1312	6.5600	16		-32	
1313	6.5650	16		-31	
1314	6.5700	17		-30	
1315	6.5750	17		-30	
1316	6.5800	18		-29	
1317	6.5850	18		-28	
1318	6.5900	18		-28	
1319	6.5950	18		-27	
1320	6.6000	19		-26	
1321	6.6050	19		-26	
1322	6.6100	20		-25	
1323	6.6150	20		-24	
1324	6.6200	20		-23	
1325	6.6250	20		-22	
1326	6.6300	20		-21	
1327	6.6350	20		-20	
1328	6.6400	21		-19	
1329	6.6450	21		-18	
1330	6.6500	21		-17	
1331	6.6550	21		-16	
1332	6.6600	22		-15	
1333	6.6650	22		-14	
1334	6.6700	22		-12	
1335	6.6750	22		-12	
1336	6.6800	22		-10	
1337	6.6850	22		-9	
1338	6.6900	22		-8	
1339	6.6950	22		-6	
1340	6.7000	22		-5	
1341	6.7050	22		-4	
1342	6.7100	22		-2	
1343	6.7150	22		-2	
1344	6.7200	22		0	
1345	6.7250	22		1	
1346	6.7300	22		2	
1347	6.7350	22		4	
1348	6.7400	22		5	
1349	6.7450	22		6	
1350	6.7500	22		8	
1351	6.7550	22		9	
1352	6.7600	21		10	
1353	6.7650	21		12	
1354	6.7700	21		13	
1355	6.7750	21		14	
1356	6.7800	20		16	
1357	6.7850	20		17	
1358	6.7900	20		18	
1359	6.7950	20		20	
1360	6.8000	20		21	
1361	6.8050	19		22	
1362	6.8100	19		23	
1363	6.8150	19		24	
1364	6.8200	18		26	
1365	6.8250	18		27	
1366	6.8300	18		28	
1367	6.8350	18		29	
1368	6.8400	17		30	
1369	6.8450	17		31	
1370	6.8500	16		32	
1371	6.8550	16		33	
1372	6.8600	16		34	
1373	6.8650	15		35	
1374	6.8700	15		36	
1375	6.8750	14		37	
1376	6.8800	14		38	
1377	6.8850	14		38	
1378	6.8900	13		39	
1379	6.8950	13		40	
1380	6.9000	12		41	
1381	6.9050	12		42	
1382	6.9100	12		42	
1383	6.9150	11		42	
1384	6.9200	11		43	
1385	6.9250	10		44	
1386	6.9300	10		44	
1387	6.9350	9		44	
1388	6.9400	9		44	
1389	6.9450	8		44	
1390	6.9500	8		45	
1391	6.9550	7		45	
1392	6.9600	7		45	
1393	6.9650	6		45	
1394	6.9700	6		45	
1395	6.9750	6		45	
1396	6.9800	5		45	
1397	6.9850	4		45	
1398	6.9900	4		45	
1399	6.9950	4		44	
1400	7.0000	3		44	
1401	7.0050	2		44	
1402	7.0100	2		44	
1403	7.0150	2		44	
1404	7.0200	1		44	
1405	7.0250	1		43	
1406	7.0300	0		43	
1407	7.0350	0		42	
1408	7.0400	0		42	
1409	7.0450	-1		42	
1410	7.0500	-1		41	
1411	7.0550	-2		40	
1412	7.0600	-2		40	
1413	7.0650	-2		40	
1414	7.0700	-3		39	
1415	7.0750	-3		38	
1416	7.0800	-4		38	
1417	7.0850	-4		37	
1418	7.0900	-4		36	
1419	7.0950	-4		36	
1420	7.1000	-5		35	
1421	7.1050	-5		34	
1422	7.1100	-6		34	
1423	7.1150	-6		33	
1424	7.1200	-6		32	
1425	7.1250	-6		32	
1426	7.1300	-6		30	
1427	7.1350	-7		30	
1428	7.1400	-7		29	
1429	7.1450	-7		28	
1430	7.1500	-7		27	
1431	7.1550	-8		26	
1432	7.1600	-8		25	
1433	7.1650	-8		24	
1434	7.1700	-8		23	
1435	7.1750	-8		22	
1436	7.1800	-8		21	
1437	7.1850	-8		20	
1438	7.1900	-8		19	
1439	7.1950	-8		18	
1440	7.2000	-8		16	
1441	7.2050	-8		16	
1442	7.2100	-8		14	
1443	7.2150	-8		13	
1444	7.2200	-8		12	
1445	7.2250	-8		11	
1446	7.2300	-8		10	
1447	7.2350	-8		8	
1448	7.2400	-8		8	
1449	7.2450	-8		6	
1450	7.2500	-8		5	
1451	7.2550	-8		4	
1452	7.2600	-8		2	
1453	7.2650	-8		2	
1454	7.2700	-8		0	
1455	7.2750	-7		-1	
1456	7.2800	-7		-2	
1457	7.2850	-7		-4	
1458	7.2900	-7		-4	
1459	7.2950	-6		-6	
1460	7.3000	-6		-7	
1461	7.3050	-6		-8	
1462	7.3100	-6		-9	
1463	7.3150	-5		-10	
1464	7.3200	-5		-12	
1465	7.3250	-5		-12	
1466	7.3300	-4		-14	
1467	7.3350	-4		-15	
1468	7.3400	-4		-16	
1469	7.3450	-3		-17	
1470	7.3500	-3		-18	
1471	7.3550	-2		-19	
1472	7.3600	-2		-20	
1473	7.3650	-2		-21	
1474	7.3700	-2		-22	
1475	7.3750	-1		-22	
1476	7.3800	0		-24	
1477	7.3850	0		-24	
1478	7.3900	0		-25	
1479	7.3950	1		-26	
1480	7.4000	1		-27	
1481	7.4050	2		-28	
1482	7.4100	2		-28	
1483	7.4150	2		-29	
1484	7.4200	3		-30	
1485	7.4250	4		-30	
1486	7.4300	4		-31	
1487	7.4350	4		-31	
1488	7.4400	5		-32	
1489	7.4450	6		-32	
1490	7.4500	6		-33	
1491	7.4550	6		-33	
1492	7.4600	7		-34	
1493	7.4650	7		-34	
1494	7.4700	8		-34	
1495	7.4750	8		-34	
1496	7.4800	9		-34	
1497	7.4850	9		-34	
1498	7.4900	10		-35	
1499	7.4950	10		-35	
1500	7.5000	11		-35	
1501	7.5050	11		-35	
1502	7.5100	12		-35	
1503	7.5150	12		-35	
1504	7.5200	12		-34	
1505	7.5250	13		-34	
1506	7.5300	13		-34	
1507	7.5350	14		-34	
1508	7.5400	14		-34	
1509	7.5450	14		-33	
1510	7.5500	15		-33	
1511	7.5550	16		-32	
1512	7.5600	16		-32	
1513	7.5650	16		-32	
1514	7.5700	16		-31	
1515	7.5750	17		-30	
1516	7.5800	17		-30	
1517	7.5850	18		-30	
1518	7.5900	18		-29	
1519	7.5950	18		-28	
1520	7.6000	18		-27	
1521	7.6050	19		-26	
1522	7.6100	19		-26	
1523	7.6150	20		-25	
1524	7.6200	20		-24	
1525	7.6250	20		-23	
1526	7.6300	20		-22	
1527	7.6350	20		-21	
1528	7.6400	20		-20	
1529	7.6450	21		-19	
1530	7.6500	21		-18	
1531	7.6550	21		-17	
1532	7.6600	21		-16	
1533	7.6650	22		-15	
1534	7.6700	22		-14	
1535	7.6750	22		-13	
1536	7.6800	22		-12	
1537	7.6850	22		-10	
1538	7.6900	22		-9	
1539	7.6950	22		-8	
1540	7.7000	22		-7	
1541	7.7050	22		-5	
1542	7.7100	22		-4	
1543	7.7150	22		-3	
1544	7.7200	22		-2	
1545	7.7250	22		0	
1546	7.7300	22		1	
1547	7.7350	22		2	
1548	7.7400	22		4	
1549	7.7450	22		5	
1550	7.7500	22		6	
1551	7.7550	22		8	
1552	7.7600	22		9	
1553	7.7650	21		10	
1554	7.7700	21		12	
1555	7.7750	21		13	
1556	7.7800	21		14	
1557	7.7850	20		16	
1558	7.7900	20		17	
1559	7.7950	20		18	
1560	7.8000	20		19	
1561	7.8050	20		21	
1562	7.8100	19		22	
1563	7.8150	19		23	
1564	7.8200	19		24	
1565	7.8250	18		26	
1566	7.8300	18		27	
1567	7.8350	18		28	
1568	7.8400	18		29	
1569	7.8450	17		30	
1570	7.8500	17		31	
1571	7.8550	16		32	
1572	7.8600	16		33	
1573	7.8650	16		34	
1574	7.8700	15		35	
1575	7.8750	15		36	
1576	7.8800	14		37	
1577	7.8850	14		38	
1578	7.8900	14		38	
1579	7.8950	13		39	
1580	7.9000	13		40	
1581	7.9050	12		40	
1582	7.9100	12		41	
1583	7.9150	12		42	
1584	7.9200	11		42	
1585	7.9250	10		43	
1586	7.9300	10		43	
1587	7.9350	10		44	
1588	7.9400	9		44	
1589	7.9450	9		44	
1590	7.9500	8		44	
1591	7.9550	8		44	
1592	7.9600	7		45	
1593	7.9650	7		45	
1594	7.9700	6		45	
1595	7.9750	6		45	
1596	7.9800	6		45	
1597	7.9850	5		45	
1598	7.9900	4		45	
1599	7.9950	4		44	
1600	8.0000	4		44	
1601	8.0050	3		44	
1602	8.0100	2		44	
1603	8.0150	2		44	
1604	8.0200	2		44	
1605	8.0250	1		43	
1606	8.0300	1		43	
1607	8.0350	0		42	
1608	8.0400	0		42	
1609	8.0450	0		42	
1610	8.0500	-1		41	
1611	8.0550	-1		41	
1612	8.0600	-2		40	
1613	8.0650	-2		40	
1614	8.0700	-2		39	
1615	8.0750	-3		39	
1616	8.0800	-3		38	
1617	8.0850	-4		38	
1618	8.0900	-4		37	
1619	8.0950	-4		36	
1620	8.1000	-4		36	
1621	8.1050	-5		35	
1622	8.1100	-5		34	
1623	8.1150	-6		34	
1624	8.1200	-6		32	
1625	8.1250	-6		32	
1626	8.1300	-6		31	
1627	8.1350	-6		30	
1628	8.1400	-7		29	
1629	8.1450	-7		28	
1630	8.1500	-7		28	
1631	8.1550	-7		26	
1632	8.1600	-8		26	
1633	8.1650	-8		24	
1634	8.1700	-8		24	
1635	8.1750	-8		22	
1636	8.1800	-8		22	
1637	8.1850	-8		20	
1638	8.1900	-8		20	
1639	8.1950	-8		18	
1640	8.2000	-8		17	
1641	8.2050	-8		16	
1642	8.2100	-8		15	
1643	8.2150	-8		14	
1644	8.2200	-8		13	
1645	8.2250	-8		12	
1646	8.2300	-8		10	
1647	8.2350	-8		9	
1648	8.2400	-8		8	
1649	8.2450	-8		7	
1650	8.2500	-8		6	
1651	8.2550	-8		4	
1652	8.2600	-8		4	
1653	8.2650	-8		2	
1654	8.2700	-8		1	
1655	8.2750	-8		0	
1656	8.2800	-7		-2	
1657	8.2850	-7		-2	
1658	8.2900	-7		-4	
1659	8.2950	-6		-5	
1660	8.3000	-6		-6	
1661	8.3050	-6		-7	
1662	8.3100	-6		-8	
1663	8.3150	-6		-10	
1664	8.3200	-5		-11	
1665	8.3250	-5		-12	
1666	8.3300	-5		-13	
1667	8.3350	-4		-14	
1668	8.3400	-4		-15	
1669	8.3450	-4		-16	
1670	8.3500	-3		-17	
1671	8.3550	-3		-18	
1672	8.3600	-2		-19	
1673	8.3650	-2		-20	
1674	8.3700	-2		-21	
1675	8.3750	-1		-22	
1676	8.3800	-1		-23	
1677	8.3850	0		-24	
1678	8.3900	0		-24	
1679	8.3950	0		-26	
1680	8.4000	1		-26	
1681	8.4050	1		-27	
1682	8.4100	2		-28	
1683	8.4150	2		-28	
1684	8.4200	3		-29	
1685	8.4250	3		-30	
1686	8.4300	4		-30	
1687	8.4350	4		-31	
1688	8.4400	4		-32	
1689	8.4450	5		-32	
1690	8.4500	6		-32	
1691	8.4550	6		-33	
1692	8.4600	6		-33	
1693	8.4650	7		-34	
1694	8.4700	7		-34	
1695	8.4750	8		-34	
1696	8.4800	8		-34	
1697	8.4850	9		-34	
1698	8.4900	9		-34	
1699	8.4950	10		-35	
1700	8.5000	10		-35	
1701	8.5050	11		-35	
1702	8.5100	11		-35	
1703	8.5150	12		-35	
1704	8.5200	12		-35	
1705	8.5250	12		-34	
1706	8.5300	13		-34	
1707	8.5350	14		-34	
1708	8.5400	14		-34	
1709	8.5450	14		-34	
1710	8.5500	15		-33	
1711	8.5550	15		-33	
1712	8.5600	16		-32	
1713	8.5650	16		-32	
1714	8.5700	16		-32	
1715	8.5750	17		-31	
1716	8.5800	17		-30	
1717	8.5850	17		-30	
1718	8.5900	18		-29	
1719	8.5950	18		-28	
1720	8.6000	18		-28	
1721	8.6050	19		-27	
1722	8.6100	19		-26	
1723	8.6150	19		-26	
1724	8.6200	20		-24	
1725	8.6250	20		-24	
1726	8.6300	20		-23	
1727	8.6350	20		-22	
1728	8.6400	20		-21	
1729	8.6450	21		-20	
1730	8.6500	21		-19	
1731	8.6550	21		-18	
1732	8.6600	21		-17	
1733	8.6650	21		-16	
1734	8.6700	22		-15	
1735	8.6750	22		-14	
1736	8.6800	22		-12	
1737	8.6850	22		-11	
1738	8.6900	22		-10	
1739	8.6950	22		-9	
1740	8.7000	22		-8	
1741	8.7050	22		-6	
1742	8.7100	22		-5	
1743	8.7150	22		-4	
1744	8.7200	22		-2	
1745	8.7250	22		-1	
1746	8.7300	22		0	
1747	8.7350	22		1	
1748	8.7400	22		3	
1749	8.7450	22		4	
1750	8.7500	22		6	
1751	8.7550	22		7	
1752	8.7600	22		8	
1753	8.7650	22		9	
1754	8.7700	21		10	
1755	8.7750	21		12	
1756	8.7800	21		13	
1757	8.7850	21		14	
1758	8.7900	20		16	
1759	8.7950	20		17	
1760	8.8000	20		18	
1761	8.8050	20		20	
1762	8.8100	20		21	
1763	8.8150	19		22	
1764	8.8200	19		24	
1765	8.8250	19		24	
1766	8.8300	18		26	
1767	8.8350	18		27	
1768	8.8400	18		28	
1769	8.8450	18		29	
1770	8.8500	17		30	
1771	8.8550	17		32	
1772	8.8600	16		32	
1773	8.8650	16		34	
1774	8.8700	16		34	
1775	8.8750	15		35	
1776	8.8800	15		36	
1777	8.8850	14		37	
1778	8.8900	14		38	
1779	8.8950	14		38	
1780	8.9000	13		40	
1781	8.9050	13		40	
1782	8.9100	12		41	
1783	8.9150	12		41	
1784	8.9200	12		42	
1785	8.9250	11		42	
1786	8.9300	10		43	
1787	8.9350	10		43	
1788	8.9400	10		44	
1789	8.9450	9		44	
1790	8.9500	9		44	
1791	8.9550	8		44	
1792	8.9600	8		44	
1793	8.9650	7		45	
1794	8.9700	7		45	
1795	8.9750	6		45	
1796	8.9800	6		45	
1797	8.9850	6		45	
1798	8.9900	5		45	
1799	8.9950	4		45	
1800	9.0000	4		44	
1801	9.0050	4		44	
1802	9.0100	3		44	
1803	9.0150	2		44	
1804	9.0200	2		44	
1805	9.0250	2		44	
1806	9.0300	1		43	
1807	9.0350	1		43	
1808	9.0400	0		42	
1809	9.0450	0		42	
1810	9.0500	0		42	
1811	9.0550	-1		41	
1812	9.0600	-1		41	
1813	9.0650	-2		40	
1814	9.0700	-2		40	
1815	9.0750	-2		39	
1816	9.0800	-3		38	
1817	9.0850	-3		38	
1818	9.0900	-4		38	
1819	9.0950	-4		37	
1820	9.1000	-4		36	
1821	9.1050	-4		35	
1822	9.1100	-5		34	
1823	9.1150	-5		34	
1824	9.1200	-6		33	
1825	9.1250	-6		32	
1826	9.1300	-6		32	
1827	9.1350	-6		31	
1828	9.1400	-6		30	
1829	9.1450	-7		29	
1830	9.1500	-7		28	
1831	9.1550	-7		27	
1832	9.1600	-8		26	
1833	9.1650	-8		25	
1834	9.1700	-8		24	
1835	9.1750	-8		24	
1836	9.1800	-8		22	
1837	9.1850	-8		22	
1838	9.1900	-8		20	
1839	9.1950	-8		19	
1840	9.2000	-8		18	
1841	9.2050	-8		17	
1842	9.2100	-8		16	
1843	9.2150	-8		15	
1844	9.2200	-8		14	
1845	9.2250	-8		12	
1846	9.2300	-8		12	
1847	9.2350	-8		10	
1848	9.2400	-8		9	
1849	9.2450	-8		8	
1850	9.2500	-8		7	
1851	9.2550	-8		6	
1852	9.2600	-8		4	
1853	9.2650	-8		3	
1854	9.2700	-8		2	
1855	9.2750	-8		1	
1856	9.2800	-8		0	
1857	9.2850	-7		-2	
1858	9.2900	-7		-3	
1859	9.2950	-7		-4	
1860	9.3000	-6		-5	
1861	9.3050	-6		-6	
1862	9.3100	-6		-8	
1863	9.3150	-6		-9	
1864	9.3200	-6		-10	
1865	9.3250	-5		-11	
1866	9.3300	-5		-12	
1867	9.3350	-4		-13	
1868	9.3400	-4		-14	
1869	9.3450	-4		-15	
1870	9.3500	-4		-16	
1871	9.3550	-3		-17	
1872	9.3600	-3		-18	
1873	9.3650	-2		-19	
1874	9.3700	-2		-20	
1875	9.3750	-2		-21	
1876	9.3800	-1		-22	
1877	9.3850	-1		-23	
1878	9.3900	0		-24	
1879	9.3950	0		-25	
1880	9.4000	0		-26	
1881	9.4050	1		-26	
1882	9.4100	1		-27	
1883	9.4150	2		-28	
1884	9.4200	2		-28	
1885	9.4250	3		-29	
1886	9.4300	3		-30	
1887	9.4350	4		-30	
1888	9.4400	4		-31	
1889	9.4450	4		-32	
1890	9.4500	5		-32	
1891	9.4550	6		-32	
1892	9.4600	6		-33	
1893	9.4650	6		-33	
1894	9.4700	7		-34	
1895	9.4750	8		-34	
1896	9.4800	8		-34	
1897	9.4850	8		-34	
1898	9.4900	9		-34	
1899	9.4950	9		-34	
1900	9.5000	10		-35	
1901	9.5050	10		-35	
1902	9.5100	11		-35	
1903	9.5150	11		-35	
1904	9.5200	12		-35	
1905	9.5250	12		-34	
1906	9.5300	12		-34	
1907	9.5350	13		-34	
1908	9.5400	14		-34	
1909	9.5450	14		-34	
1910	9.5500	14		-34	
1911	9.5550	14		-33	
1912	9.5600	15		-33	
1913	9.5650	16		-32	
1914	9.5700	16		-32	
1915	9.5750	16		-32	
1916	9.5800	17		-31	
1917	9.5850	17		-30	
1918	9.5900	17		-30	
1919	9.5950	18		-29	
1920	9.6000	18		-28	
1921	9.6050	18		-28	
1922	9.6100	19		-27	
1923	9.6150	19		-26	
1924	9.6200	19		-25	
1925	9.6250	20		-24	
1926	9.6300	20		-24	
1927	9.6350	20		-22	
1928	9.6400	20		-22	
1929	9.6450	20		-21	
1930	9.6500	21		-20	
1931	9.6550	21		-19	
1932	9.6600	21		-18	
1933	9.6650	21		-16	
1934	9.6700	22		-16	
1935	9.6750	22		-14	
1936	9.6800	22		-13	
1937	9.6850	22		-12	
1938	9.6900	22		-11	
1939	9.6950	22		-10	
1940	9.7000	22		-8	
1941	9.7050	22		-7	
1942	9.7100	22		-6	
1943	9.7150	22		-5	
1944	9.7200	22		-4	
1945	9.7250	22		-2	
1946	9.7300	22		-1	
1947	9.7350	22		0	
1948	9.7400	22		2	
1949	9.7450	22		3	
1950	9.7500	22		4	
1951	9.7550	22		6	
1952	9.7600	22		7	
1953	9.7650	22		8	
1954	9.7700	22		10	
1955	9.7750	21		11	
1956	9.7800	21		12	
1957	9.7850	21		14	
1958	9.7900	21		15	
1959	9.7950	20		16	
1960	9.8000	20		18	
1961	9.8050	20		19	
1962	9.8100	20		20	
1963	9.8150	20		21	
1964	9.8200	19		22	
1965	9.8250	19		24	
1966	9.8300	19		25	
1967	9.8350	18		26	
1968	9.8400	18		27	
1969	9.8450	18		28	
1970	9.8500	18		30	
1971	9.8550	17		30	
1972	9.8600	17		32	
1973	9.8650	16		32	
1974	9.8700	16		34	
1975	9.8750	16		34	
1976	9.8800	15		36	
1977	9.8850	15		36	
1978	9.8900	14		37	
1979	9.8950	14		38	
1980	9.9000	14		39	
1981	9.9050	13		40	
1982	9.9100	13		40	
1983	9.9150	12		41	
1984	9.9200	12		42	
1985	9.9250	12		42	
1986	9.9300	11		42	
1987	9.9350	11		43	
1988	9.9400	10		43	
1989	9.9450	10		44	
1990	9.9500	9		44	
1991	9.9550	9		44	
1992	9.9600	8		44	
1993	9.9650	8		45	
1994	9.9700	7		45	
1995	9.9750	7		45	
1996	9.9800	6		45	
1997	9.9850	6		45	
1998	9.9900	5		45	
1999	9.9950	5		45	
2000	10.0000	4		44	
