#	time(s)	count A	count B	count C	count D
1	0.0050	33		19	
2	0.0100	33		19	
3	0.0150	33		19	
4	0.0200	32		19	
5	0.0250	32		19	
6	0.0300	32		19	
7	0.0350	32		19	
8	0.0400	32		18	
9	0.0450	32		18	
10	0.0500	32		18	
11	0.0550	31		18	
12	0.0600	31		18	
13	0.0650	31		18	
14	0.0700	30		18	
15	0.0750	30		18	
16	0.0800	30		18	
17	0.0850	30		17	
18	0.0900	29		17	
19	0.0950	29		17	
20	0.1000	29		17	
21	0.1050	28		17	
22	0.1100	28		17	
23	0.1150	28		16	
24	0.1200	28		16	
25	0.1250	28		16	
26	0.1300	27		16	
27	0.1350	27		16	
28	0.1400	26		16	
29	0.1450	26		16	
30	0.1500	26		16	
31	0.1550	26		15	
32	0.1600	26		15	
33	0.1650	25		15	
34	0.1700	25		15	
35	0.1750	24		15	
36	0.1800	24		14	
37	0.1850	24		14	
38	0.1900	24		14	
39	0.1950	23		14	
40	0.2000	22		14	
41	0.2050	22		14	
42	0.2100	22		14	
43	0.2150	22		13	
44	0.2200	21		13	
45	0.2250	21		13	
46	0.2300	20		13	
47	0.2350	20		13	
48	0.2400	20		13	
49	0.2450	19		12	
50	0.2500	19		12	
51	0.2550	18		12	
52	0.2600	18		12	
53	0.2650	18		12	
54	0.2700	18		12	
55	0.2750	17		11	
56	0.2800	17		11	
57	0.2850	16		11	
58	0.2900	16		11	
59	0.2950	16		11	
60	0.3000	15		10	
61	0.3050	14		10	
62	0.3100	14		10	
63	0.3150	14		10	
64	0.3200	13		10	
65	0.3250	13		10	
66	0.3300	12		9	
67	0.3350	12		9	
68	0.3400	12		9	
69	0.3450	11		9	
70	0.3500	10		9	
71	0.3550	10		8	
72	0.3600	10		8	
73	0.3650	9		8	
74	0.3700	9		8	
75	0.3750	8		8	
76	0.3800	8		8	
77	0.3850	8		7	
78	0.3900	7		7	
79	0.3950	7		7	
80	0.4000	6		7	
81	0.4050	6		6	
82	0.4100	6		6	
83	0.4150	5		6	
84	0.4200	5		6	
85	0.4250	4		6	
86	0.4300	4		5	
87	0.4350	4		5	
88	0.4400	4		5	
89	0.4450	3		5	
90	0.4500	2		4	
91	0.4550	2		4	
92	0.4600	2		4	
93	0.4650	1		4	
94	0.4700	0		4	
95	0.4750	0		3	
96	0.4800	0		3	
97	0.4850	-1		3	
98	0.4900	-2		3	
99	0.4950	-2		2	
100	0.5000	-2		2	
101	0.5050	-3		2	
102	0.5100	-3		2	
103	0.5150	-4		2	
104	0.5200	-4		1	
105	0.5250	-4		1	
106	0.5300	-4		1	
107	0.5350	-5		1	
108	0.5400	-6		0	
109	0.5450	-6		0	
110	0.5500	-6		0	
111	0.5550	-6		0	
112	0.5600	-7		-1	
113	0.5650	-8		-1	
114	0.5700	-8		-1	
115	0.5750	-8		-1	
116	0.5800	-8		-2	
117	0.5850	-9		-2	
118	0.5900	-10		-2	
119	0.5950	-10		-2	
120	0.6000	-10		-3	
121	0.6050	-10		-3	
122	0.6100	-11		-3	
123	0.6150	-12		-3	
124	0.6200	-12		-4	
125	0.6250	-12		-4	
126	0.6300	-13		-4	
127	0.6350	-13		-4	
128	0.6400	-14		-5	
129	0.6450	-14		-5	
130	0.6500	-14		-5	
131	0.6550	-15		-6	
132	0.6600	-15		-6	
133	0.6650	-16		-6	
134	0.6700	-16		-6	
135	0.6750	-16		-6	
136	0.6800	-16		-7	
137	0.6850	-17		-7	
138	0.6900	-17		-7	
139	0.6950	-18		-8	
140	0.7000	-18		-8	
141	0.7050	-18		-8	
142	0.7100	-18		-8	
143	0.7150	-19		-8	
144	0.7200	-19		-9	
145	0.7250	-20		-9	
146	0.7300	-20		-9	
147	0.7350	-20		-9	
148	0.7400	-20		-10	
149	0.7450	-20		-10	
150	0.7500	-21		-10	
151	0.7550	-21		-10	
152	0.7600	-21		-11	
153	0.7650	-22		-11	
154	0.7700	-22		-11	
155	0.7750	-22		-11	
156	0.7800	-22		-12	
157	0.7850	-22		-12	
158	0.7900	-23		-12	
159	0.7950	-23		-12	
160	0.8000	-23		-12	
161	0.8050	-24		-13	
162	0.8100	-24		-13	
163	0.8150	-24		-13	
164	0.8200	-24		-13	
165	0.8250	-24		-14	
166	0.8300	-24		-14	
167	0.8350	-25		-14	
168	0.8400	-25		-14	
169	0.8450	-25		-14	
170	0.8500	-26		-14	
171	0.8550	-26		-15	
172	0.8600	-26		-15	
173	0.8650	-26		-15	
174	0.8700	-26		-15	
175	0.8750	-26		-15	
176	0.8800	-26		-16	
177	0.8850	-26		-16	
178	0.8900	-27		-16	
179	0.8950	-27		-16	
180	0.9000	-27		-16	
181	0.9050	-27		-16	
182	0.9100	-27		-16	
183	0.9150	-28		-16	
184	0.9200	-28		-17	
185	0.9250	-28		-17	
186	0.9300	-28		-17	
187	0.9350	-28		-17	
188	0.9400	-28		-17	
189	0.9450	-28		-17	
190	0.9500	-28		-17	
191	0.9550	-28		-17	
192	0.9600	-28		-18	
193	0.9650	-28		-18	
194	0.9700	-28		-18	
195	0.9750	-28		-18	
196	0.9800	-28		-18	
197	0.9850	-28		-18	
198	0.9900	-28		-18	
199	0.9950	-28		-18	
200	1.0000	-28		-18	
201	1.0050	-28		-18	
202	1.0100	-28		-18	
203	1.0150	-28		-18	
204	1.0200	-28		-18	
205	1.0250	-28		-18	
206	1.0300	-28		-18	
207	1.0350	-28		-18	
208	1.0400	-28		-18	
209	1.0450	-28		-18	
210	1.0500	-28		-18	
211	1.0550	-28		-18	
212	1.0600	-28		-18	
213	1.0650	-28		-18	
214	1.0700	-28		-18	
215	1.0750	-28		-18	
216	1.0800	-28		-18	
217	1.0850	-28		-18	
218	1.0900	-27		-18	
219	1.0950	-27		-18	
220	1.1000	-27		-18	
221	1.1050	-27		-18	
222	1.1100	-26		-18	
223	1.1150	-26		-18	
224	1.1200	-26		-18	
225	1.1250	-26		-18	
226	1.1300	-26		-18	
227	1.1350	-26		-17	
228	1.1400	-26		-17	
229	1.1450	-26		-17	
230	1.1500	-26		-17	
231	1.1550	-25		-17	
232	1.1600	-25		-17	
233	1.1650	-25		-17	
234	1.1700	-24		-17	
235	1.1750	-24		-16	
236	1.1800	-24		-16	
237	1.1850	-24		-16	
238	1.1900	-24		-16	
239	1.1950	-23		-16	
240	1.2000	-23		-16	
241	1.2050	-23		-16	
242	1.2100	-22		-16	
243	1.2150	-22		-15	
244	1.2200	-22		-15	
245	1.2250	-22		-15	
246	1.2300	-22		-15	
247	1.2350	-21		-15	
248	1.2400	-21		-15	
249	1.2450	-21		-14	
250	1.2500	-20		-14	
251	1.2550	-20		-14	
252	1.2600	-20		-14	
253	1.2650	-20		-14	
254	1.2700	-19		-14	
255	1.2750	-19		-13	
256	1.2800	-18		-13	
257	1.2850	-18		-13	
258	1.2900	-18		-13	
259	1.2950	-18		-12	
260	1.3000	-17		-12	
261	1.3050	-16		-12	
262	1.3100	-16		-12	
263	1.3150	-16		-12	
264	1.3200	-16		-12	
265	1.3250	-15		-11	
266	1.3300	-15		-11	
267	1.3350	-14		-11	
268	1.3400	-14		-11	
269	1.3450	-14		-10	
270	1.3500	-13		-10	
271	1.3550	-13		-10	
272	1.3600	-12		-10	
273	1.3650	-12		-10	
274	1.3700	-12		-9	
275	1.3750	-11		-9	
276	1.3800	-11		-9	
277	1.3850	-10		-8	
278	1.3900	-10		-8	
279	1.3950	-10		-8	
280	1.4000	-9		-8	
281	1.4050	-9		-8	
282	1.4100	-8		-7	
283	1.4150	-8		-7	
284	1.4200	-8		-7	
285	1.4250	-7		-7	
286	1.4300	-6		-6	
287	1.4350	-6		-6	
288	1.4400	-6		-6	
289	1.4450	-5		-6	
290	1.4500	-5		-6	
291	1.4550	-4		-5	
292	1.4600	-4		-5	
293	1.4650	-4		-5	
294	1.4700	-3		-4	
295	1.4750	-3		-4	
296	1.4800	-2		-4	
297	1.4850	-2		-4	
298	1.4900	-2		-3	
299	1.4950	-1		-3	
300	1.5000	0		-3	
301	1.5050	0		-3	
302	1.5100	0		-2	
303	1.5150	1		-2	
304	1.5200	2		-2	
305	1.5250	2		-2	
306	1.5300	2		-1	
307	1.5350	3		-1	
308	1.5400	4		-1	
309	1.5450	4		-1	
310	1.5500	4		0	
311	1.5550	5		0	
312	1.5600	5		0	
313	1.5650	6		0	
314	1.5700	6		1	
315	1.5750	6		1	
316	1.5800	7		1	
317	1.5850	8		2	
318	1.5900	8		2	
319	1.5950	8		2	
320	1.6000	9		2	
321	1.6050	10		2	
322	1.6100	10		3	
323	1.6150	10		3	
324	1.6200	11		3	
325	1.6250	11		4	
326	1.6300	12		4	
327	1.6350	12		4	
328	1.6400	12		4	
329	1.6450	13		5	
330	1.6500	14		5	
331	1.6550	14		5	
332	1.6600	14		5	
333	1.6650	14		6	
334	1.6700	15		6	
335	1.6750	16		6	
336	1.6800	16		6	
337	1.6850	16		7	
338	1.6900	17		7	
339	1.6950	17		7	
340	1.7000	18		8	
341	1.7050	18		8	
342	1.7100	18		8	
343	1.7150	19		8	
344	1.7200	19		8	
345	1.7250	20		9	
346	1.7300	20		9	
347	1.7350	20		9	
348	1.7400	20		10	
349	1.7450	21		10	
350	1.7500	22		10	
351	1.7550	22		10	
352	1.7600	22		10	
353	1.7650	22		11	
354	1.7700	23		11	
355	1.7750	23		11	
356	1.7800	24		11	
357	1.7850	24		12	
358	1.7900	24		12	
359	1.7950	24		12	
360	1.8000	24		12	
361	1.8050	25		13	
362	1.8100	25		13	
363	1.8150	26		13	
364	1.8200	26		13	
365	1.8250	26		14	
366	1.8300	26		14	
367	1.8350	27		14	
368	1.8400	27		14	
369	1.8450	28		14	
370	1.8500	28		14	
371	1.8550	28		15	
372	1.8600	28		15	
373	1.8650	28		15	
374	1.8700	29		15	
375	1.8750	29		16	
376	1.8800	29		16	
377	1.8850	30		16	
378	1.8900	30		16	
379	1.8950	30		16	
380	1.9000	30		16	
381	1.9050	30		17	
382	1.9100	30		17	
383	1.9150	31		17	
384	1.9200	31		17	
385	1.9250	31		17	
386	1.9300	32		18	
387	1.9350	32		18	
388	1.9400	32		18	
389	1.9450	32		18	
390	1.9500	32		18	
391	1.9550	32		18	
392	1.9600	33		18	
393	1.9650	33		19	
394	1.9700	33		19	
395	1.9750	33		19	
396	1.9800	33		19	
397	1.9850	34		19	
398	1.9900	34		19	
399	1.9950	34		19	
400	2.0000	34		20	
401	2.0050	34		20	
402	2.0100	34		20	
403	2.0150	34		20	
404	2.0200	34		20	
405	2.0250	34		20	
406	2.0300	35		20	
407	2.0350	35		20	
408	2.0400	35		20	
409	2.0450	35		20	
410	2.0500	35		20	
411	2.0550	35		20	
412	2.0600	35		20	
413	2.0650	35		20	
414	2.0700	35		21	
415	2.0750	35		21	
416	2.0800	36		21	
417	2.0850	36		21	
418	2.0900	36		21	
419	2.0950	36		21	
420	2.1000	36		21	
421	2.1050	36		21	
422	2.1100	36		21	
423	2.1150	36		21	
424	2.1200	36		21	
425	2.1250	36		21	
426	2.1300	36		21	
427	2.1350	36		21	
428	2.1400	36		21	
429	2.1450	36		21	
430	2.1500	36		21	
431	2.1550	36		21	
432	2.1600	36		21	
433	2.1650	36		21	
434	2.1700	36		21	
435	2.1750	36		21	
436	2.1800	36		21	
437	2.1850	35		21	
438	2.1900	35		21	
439	2.1950	35		21	
440	2.2000	35		20	
441	2.2050	35		20	
442	2.2100	35		20	
443	2.2150	35		20	
444	2.2200	34		20	
445	2.2250	34		20	
446	2.2300	34		20	
447	2.2350	34		20	
448	2.2400	34		20	
449	2.2450	34		20	
450	2.2500	34		20	
451	2.2550	34		20	
452	2.2600	34		20	
453	2.2650	34		20	
454	2.2700	33		19	
455	2.2750	33		19	
456	2.2800	33		19	
457	2.2850	32		19	
458	2.2900	32		19	
459	2.2950	32		19	
460	2.3000	32		19	
461	2.3050	32		19	
462	2.3100	32		18	
463	2.3150	32		18	
464	2.3200	31		18	
465	2.3250	31		18	
466	2.3300	31		18	
467	2.3350	30		18	
468	2.3400	30		18	
469	2.3450	30		18	
470	2.3500	30		18	
471	2.3550	30		17	
472	2.3600	29		17	
473	2.3650	29		17	
474	2.3700	28		17	
475	2.3750	28		17	
476	2.3800	28		17	
477	2.3850	28		16	
478	2.3900	28		16	
479	2.3950	27		16	
480	2.4000	27		16	
481	2.4050	27		16	
482	2.4100	26		16	
483	2.4150	26		16	
484	2.4200	26		15	
485	2.4250	26		15	
486	2.4300	25		15	
487	2.4350	25		15	
488	2.4400	24		15	
489	2.4450	24		15	
490	2.4500	24		14	
491	2.4550	24		14	
492	2.4600	23		14	
493	2.4650	23		14	
494	2.4700	22		14	
495	2.4750	22		14	
496	2.4800	22		14	
497	2.4850	22		13	
498	2.4900	21		13	
499	2.4950	20		13	
500	2.5000	20		13	
501	2.5050	20		13	
502	2.5100	20		13	
503	2.5150	19		12	
504	2.5200	19		12	
505	2.5250	18		12	
506	2.5300	18		12	
507	2.5350	18		12	
508	2.5400	18		12	
509	2.5450	17		11	
510	2.5500	16		11	
511	2.5550	16		11	
512	2.5600	16		11	
513	2.5650	16		11	
514	2.5700	15		10	
515	2.5750	14		10	
516	2.5800	14		10	
517	2.5850	14		10	
518	2.5900	13		10	
519	2.5950	12		10	
520	2.6000	12		9	
521	2.6050	12		9	
522	2.6100	11		9	
523	2.6150	11		9	
524	2.6200	10		9	
525	2.6250	10		8	
526	2.6300	10		8	
527	2.6350	9		8	
528	2.6400	9		8	
529	2.6450	8		8	
530	2.6500	8		7	
531	2.6550	8		7	
532	2.6600	7		7	
533	2.6650	6		7	
534	2.6700	6		7	
535	2.6750	6		6	
536	2.6800	6		6	
537	2.6850	5		6	
538	2.6900	4		6	
539	2.6950	4		6	
540	2.7000	4		5	
541	2.7050	4		5	
542	2.7100	3		5	
543	2.7150	3		5	
544	2.7200	2		4	
545	2.7250	2		4	
546	2.7300	2		4	
547	2.7350	1		4	
548	2.7400	0		4	
549	2.7450	0		3	
550	2.7500	0		3	
551	2.7550	-1		3	
552	2.7600	-2		3	
553	2.7650	-2		2	
554	2.7700	-2		2	
555	2.7750	-3		2	
556	2.7800	-3		2	
557	2.7850	-4		2	
558	2.7900	-4		1	
559	2.7950	-4		1	
560	2.8000	-5		1	
561	2.8050	-5		0	
562	2.8100	-6		0	
563	2.8150	-6		0	
564	2.8200	-6		0	
565	2.8250	-7		0	
566	2.8300	-7		-1	
567	2.8350	-8		-1	
568	2.8400	-8		-1	
569	2.8450	-8		-2	
570	2.8500	-9		-2	
571	2.8550	-9		-2	
572	2.8600	-10		-2	
573	2.8650	-10		-2	
574	2.8700	-10		-3	
575	2.8750	-10		-3	
576	2.8800	-11		-3	
577	2.8850	-12		-4	
578	2.8900	-12		-4	
579	2.8950	-12		-4	
580	2.9000	-13		-4	
581	2.9050	-14		-5	
582	2.9100	-14		-5	
583	2.9150	-14		-5	
584	2.9200	-14		-5	
585	2.9250	-15		-6	
586	2.9300	-16		-6	
587	2.9350	-16		-6	
588	2.9400	-16		-6	
589	2.9450	-16		-7	
590	2.9500	-16		-7	
591	2.9550	-17		-7	
592	2.9600	-17		-7	
593	2.9650	-18		-8	
594	2.9700	-18		-8	
595	2.9750	-18		-8	
596	2.9800	-18		-8	
597	2.9850	-19		-9	
598	2.9900	-19		-9	
599	2.9950	-20		-9	
600	3.0000	-20		-9	
601	3.0050	-20		-10	
602	3.0100	-20		-10	
603	3.0150	-20		-10	
604	3.0200	-21		-10	
605	3.0250	-21		-10	
606	3.0300	-22		-11	
607	3.0350	-22		-11	
608	3.0400	-22		-11	
609	3.0450	-22		-12	
610	3.0500	-22		-12	
611	3.0550	-22		-12	
612	3.0600	-23		-12	
613	3.0650	-23		-12	
614	3.0700	-24		-12	
615	3.0750	-24		-13	
616	3.0800	-24		-13	
617	3.0850	-24		-13	
618	3.0900	-24		-13	
619	3.0950	-24		-14	
620	3.1000	-24		-14	
621	3.1050	-25		-14	
622	3.1100	-25		-14	
623	3.1150	-25		-14	
624	3.1200	-26		-14	
625	3.1250	-26		-15	
626	3.1300	-26		-15	
627	3.1350	-26		-15	
628	3.1400	-26		-15	
629	3.1450	-26		-15	
630	3.1500	-26		-16	
631	3.1550	-27		-16	
632	3.1600	-27		-16	
633	3.1650	-27		-16	
634	3.1700	-27		-16	
635	3.1750	-27		-16	
636	3.1800	-28		-16	
637	3.1850	-28		-17	
638	3.1900	-28		-17	
639	3.1950	-28		-17	
640	3.2000	-28		-17	
641	3.2050	-28		-17	
642	3.2100	-28		-17	
643	3.2150	-28		-17	
644	3.2200	-28		-17	
645	3.2250	-28		-18	
646	3.2300	-28		-18	
647	3.2350	-28		-18	
648	3.2400	-28		-18	
649	3.2450	-28		-18	
650	3.2500	-28		-18	
651	3.2550	-28		-18	
652	3.2600	-28		-18	
653	3.2650	-28		-18	
654	3.2700	-28		-18	
655	3.2750	-28		-18	
656	3.2800	-28		-18	
657	3.2850	-28		-18	
658	3.2900	-28		-18	
659	3.2950	-28		-18	
660	3.3000	-28		-18	
661	3.3050	-28		-18	
662	3.3100	-28		-18	
663	3.3150	-28		-18	
664	3.3200	-28		-18	
665	3.3250	-28		-18	
666	3.3300	-28		-18	
667	3.3350	-28		-18	
668	3.3400	-28		-18	
669	3.3450	-28		-18	
670	3.3500	-28		-18	
671	3.3550	-27		-18	
672	3.3600	-27		-18	
673	3.3650	-27		-18	
674	3.3700	-27		-18	
675	3.3750	-26		-18	
676	3.3800	-26		-18	
677	3.3850	-26		-18	
678	3.3900	-26		-18	
679	3.3950	-26		-18	
680	3.4000	-26		-18	
681	3.4050	-26		-17	
682	3.4100	-26		-17	
683	3.4150	-26		-17	
684	3.4200	-26		-17	
685	3.4250	-25		-17	
686	3.4300	-25		-17	
687	3.4350	-25		-17	
688	3.4400	-24		-17	
689	3.4450	-24		-16	
690	3.4500	-24		-16	
691	3.4550	-24		-16	
692	3.4600	-24		-16	
693	3.4650	-23		-16	
694	3.4700	-23		-16	
695	3.4750	-23		-16	
696	3.4800	-22		-16	
697	3.4850	-22		-15	
698	3.4900	-22		-15	
699	3.4950	-22		-15	
700	3.5000	-22		-15	
701	3.5050	-21		-15	
702	3.5100	-21		-14	
703	3.5150	-20		-14	
704	3.5200	-20		-14	
705	3.5250	-20		-14	
706	3.5300	-20		-14	
707	3.5350	-19		-14	
708	3.5400	-19		-13	
709	3.5450	-18		-13	
710	3.5500	-18		-13	
711	3.5550	-18		-13	
712	3.5600	-18		-12	
713	3.5650	-17		-12	
714	3.5700	-17		-12	
715	3.5750	-16		-12	
716	3.5800	-16		-12	
717	3.5850	-16		-12	
718	3.5900	-16		-11	
719	3.5950	-15		-11	
720	3.6000	-15		-11	
721	3.6050	-14		-11	
722	3.6100	-14		-10	
723	3.6150	-14		-10	
724	3.6200	-13		-10	
725	3.6250	-13		-10	
726	3.6300	-12		-10	
727	3.6350	-12		-9	
728	3.6400	-12		-9	
729	3.6450	-11		-9	
730	3.6500	-11		-9	
731	3.6550	-10		-8	
732	3.6600	-10		-8	
733	3.6650	-10		-8	
734	3.6700	-9		-8	
735	3.6750	-9		-8	
736	3.6800	-8		-7	
737	3.6850	-8		-7	
738	3.6900	-8		-7	
739	3.6950	-7		-6	
740	3.7000	-6		-6	
741	3.7050	-6		-6	
742	3.7100	-6		-6	
743	3.7150	-5		-6	
744	3.7200	-5		-5	
745	3.7250	-4		-5	
746	3.7300	-4		-5	
747	3.7350	-4		-5	
748	3.7400	-3		-4	
749	3.7450	-2		-4	
750	3.7500	-2		-4	
751	3.7550	-2		-4	
752	3.7600	-1		-3	
753	3.7650	-1		-3	
754	3.7700	0		-3	
755	3.7750	0		-3	
756	3.7800	1		-2	
757	3.7850	1		-2	
758	3.7900	2		-2	
759	3.7950	2		-2	
760	3.8000	2		-1	
761	3.8050	3		-1	
762	3.8100	4		-1	
763	3.8150	4		0	
764	3.8200	4		0	
765	3.8250	5		0	
766	3.8300	5		0	
767	3.8350	6		0	
768	3.8400	6		1	
769	3.8450	7		1	
770	3.8500	7		1	
771	3.8550	8		2	
772	3.8600	8		2	
773	3.8650	8		2	
774	3.8700	9		2	
775	3.8750	10		3	
776	3.8800	10		3	
777	3.8850	10		3	
778	3.8900	11		3	
779	3.8950	11		4	
780	3.9000	12		4	
781	3.9050	12		4	
782	3.9100	12		4	
783	3.9150	13		5	
784	3.9200	14		5	
785	3.9250	14		5	
786	3.9300	14		6	
787	3.9350	15		6	
788	3.9400	15		6	
789	3.9450	16		6	
790	3.9500	16		6	
791	3.9550	16		7	
792	3.9600	17		7	
793	3.9650	17		7	
794	3.9700	18		8	
795	3.9750	18		8	
796	3.9800	18		8	
797	3.9850	19		8	
798	3.9900	19		9	
799	3.9950	20		9	
800	4.0000	20		9	
801	4.0050	20		9	
802	4.0100	21		10	
803	4.0150	21		10	
804	4.0200	22		10	
805	4.0250	22		10	
806	4.0300	22		10	
807	4.0350	22		11	
808	4.0400	23		11	
809	4.0450	23		11	
810	4.0500	24		12	
811	4.0550	24		12	
812	4.0600	24		12	
813	4.0650	24		12	
814	4.0700	25		12	
815	4.0750	25		13	
816	4.0800	26		13	
817	4.0850	26		13	
818	4.0900	26		13	
819	4.0950	26		14	
820	4.1000	26		14	
821	4.1050	27		14	
822	4.1100	27		14	
823	4.1150	28		14	
824	4.1200	28		15	
825	4.1250	28		15	
826	4.1300	28		15	
827	4.1350	28		15	
828	4.1400	29		15	
829	4.1450	29		16	
830	4.1500	29		16	
831	4.1550	30		16	
832	4.1600	30		16	
833	4.1650	30		16	
834	4.1700	30		17	
835	4.1750	30		17	
836	4.1800	30		17	
837	4.1850	31		17	
838	4.1900	31		17	
839	4.1950	32		17	
840	4.2000	32		18	
841	4.2050	32		18	
842	4.2100	32		18	
843	4.2150	32		18	
844	4.2200	32		18	
845	4.2250	32		18	
846	4.2300	33		18	
847	4.2350	33		19	
848	4.2400	33		19	
849	4.2450	33		19	
850	4.2500	33		19	
851	4.2550	34		19	
852	4.2600	34		19	
853	4.2650	34		19	
854	4.2700	34		20	
855	4.2750	34		20	
856	4.2800	34		20	
857	4.2850	34		20	
858	4.2900	34		20	
859	4.2950	34		20	
860	4.3000	35		20	
861	4.3050	35		20	
862	4.3100	35		20	
863	4.3150	35		20	
864	4.3200	35		20	
865	4.3250	35		20	
866	4.3300	35		20	
867	4.3350	35		20	
868	4.3400	35		20	
869	4.3450	35		21	
870	4.3500	35		21	
871	4.3550	36		21	
872	4.3600	36		21	
873	4.3650	36		21	
874	4.3700	36		21	
875	4.3750	36		21	
876	4.3800	36		21	
877	4.3850	36		21	
878	4.3900	36		21	
879	4.3950	36		21	
880	4.4000	36		21	
881	4.4050	36		21	
882	4.4100	36		21	
883	4.4150	36		21	
884	4.4200	36		21	
885	4.4250	36		21	
886	4.4300	36		21	
887	4.4350	36		21	
888	4.4400	36		21	
889	4.4450	36		21	
890	4.4500	35		21	
891	4.4550	35		21	
892	4.4600	35		20	
893	4.4650	35		20	
894	4.4700	35		20	
895	4.4750	35		20	
896	4.4800	35		20	
897	4.4850	34		20	
898	4.4900	34		20	
899	4.4950	34		20	
900	4.5000	34		20	
901	4.5050	34		20	
902	4.5100	34		20	
903	4.5150	34		20	
904	4.5200	34		20	
905	4.5250	34		20	
906	4.5300	34		20	
907	4.5350	33		19	
908	4.5400	33		19	
909	4.5450	33		19	
910	4.5500	33		19	
911	4.5550	32		19	
912	4.5600	32		19	
913	4.5650	32		19	
914	4.5700	32		19	
915	4.5750	32		18	
916	4.5800	32		18	
917	4.5850	32		18	
918	4.5900	31		18	
919	4.5950	31		18	
920	4.6000	30		18	
921	4.6050	30		18	
922	4.6100	30		18	
923	4.6150	30		18	
924	4.6200	30		17	
925	4.6250	29		17	
926	4.6300	29		17	
927	4.6350	29		17	
928	4.6400	28		17	
929	4.6450	28		17	
930	4.6500	28		16	
931	4.6550	28		16	
932	4.6600	28		16	
933	4.6650	27		16	
934	4.6700	27		16	
935	4.6750	26		16	
936	4.6800	26		16	
937	4.6850	26		16	
938	4.6900	26		15	
939	4.6950	26		15	
940	4.7000	25		15	
941	4.7050	25		15	
942	4.7100	24		15	
943	4.7150	24		14	
944	4.7200	24		14	
945	4.7250	24		14	
946	4.7300	23		14	
947	4.7350	22		14	
948	4.7400	22		14	
949	4.7450	22		14	
950	4.7500	22		14	
951	4.7550	21		13	
952	4.7600	21		13	
953	4.7650	20		13	
954	4.7700	20		13	
955	4.7750	20		13	
956	4.7800	20		12	
957	4.7850	19		12	
958	4.7900	19		12	
959	4.7950	18		12	
960	4.8000	18		12	
961	4.8050	18		12	
962	4.8100	17		11	
963	4.8150	17		11	
964	4.8200	16		11	
965	4.8250	16		11	
966	4.8300	16		11	
967	4.8350	15		10	
968	4.8400	14		10	
969	4.8450	14		10	
970	4.8500	14		10	
971	4.8550	13		10	
972	4.8600	13		10	
973	4.8650	12		10	
974	4.8700	12		9	
975	4.8750	12		9	
976	4.8800	11		9	
977	4.8850	10		9	
978	4.8900	10		8	
979	4.8950	10		8	
980	4.9000	10		8	
981	4.9050	9		8	
982	4.9100	8		8	
983	4.9150	8		8	
984	4.9200	8		7	
985	4.9250	7		7	
986	4.9300	7		7	
987	4.9350	6		7	
988	4.9400	6		6	
989	4.9450	6		6	
990	4.9500	5		6	
991	4.9550	5		6	
992	4.9600	4		6	
993	4.9650	4		6	
994	4.9700	4		5	
995	4.9750	4		5	
996	4.9800	3		5	
997	4.9850	2		5	
998	4.9900	2		4	
999	4.9950	2		4	
1000	5.0000	1		4	
1001	5.0050	0		4	
1002	5.0100	0		4	
1003	5.0150	0		3	
1004	5.0200	-1		3	
1005	5.0250	-2		3	
1006	5.0300	-2		3	
1007	5.0350	-2		2	
1008	5.0400	-2		2	
1009	5.0450	-3		2	
1010	5.0500	-4		2	
1011	5.0550	-4		1	
1012	5.0600	-4		1	
1013	5.0650	-4		1	
1014	5.0700	-5		1	
1015	5.0750	-6		0	
1016	5.0800	-6		0	
1017	5.0850	-6		0	
1018	5.0900	-6		0	
1019	5.0950	-7		-1	
1020	5.1000	-8		-1	
1021	5.1050	-8		-1	
1022	5.1100	-8		-1	
1023	5.1150	-8		-2	
1024	5.1200	-9		-2	
1025	5.1250	-10		-2	
1026	5.1300	-10		-2	
1027	5.1350	-10		-3	
1028	5.1400	-10		-3	
1029	5.1450	-11		-3	
1030	5.1500	-12		-3	
1031	5.1550	-12		-4	
1032	5.1600	-12		-4	
1033	5.1650	-13		-4	
1034	5.1700	-13		-4	
1035	5.1750	-14		-5	
1036	5.1800	-14		-5	
1037	5.1850	-14		-5	
1038	5.1900	-15		-5	
1039	5.1950	-15		-6	
1040	5.2000	-16		-6	
1041	5.2050	-16		-6	
1042	5.2100	-16		-6	
1043	5.2150	-16		-7	
1044	5.2200	-17		-7	
1045	5.2250	-17		-7	
1046	5.2300	-18		-7	
1047	5.2350	-18		-8	
1048	5.2400	-18		-8	
1049	5.2450	-18		-8	
1050	5.2500	-19		-8	
1051	5.2550	-19		-9	
1052	5.2600	-20		-9	
1053	5.2650	-20		-9	
1054	5.2700	-20		-9	
1055	5.2750	-20		-10	
1056	5.2800	-20		-10	
1057	5.2850	-21		-10	
1058	5.2900	-21		-10	
1059	5.2950	-21		-10	
1060	5.3000	-22		-11	
1061	5.3050	-22		-11	
1062	5.3100	-22		-11	
1063	5.3150	-22		-11	
1064	5.3200	-22		-12	
1065	5.3250	-23		-12	
1066	5.3300	-23		-12	
1067	5.3350	-23		-12	
1068	5.3400	-24		-12	
1069	5.3450	-24		-13	
1070	5.3500	-24		-13	
1071	5.3550	-24		-13	
1072	5.3600	-24		-13	
1073	5.3650	-24		-14	
1074	5.3700	-25		-14	
1075	5.3750	-25		-14	
1076	5.3800	-25		-14	
1077	5.3850	-26		-14	
1078	5.3900	-26		-14	
1079	5.3950	-26		-15	
1080	5.4000	-26		-15	
1081	5.4050	-26		-15	
1082	5.4100	-26		-15	
1083	5.4150	-26		-15	
1084	5.4200	-27		-16	
1085	5.4250	-27		-16	
1086	5.4300	-27		-16	
1087	5.4350	-27		-16	
1088	5.4400	-27		-16	
1089	5.4450	-27		-16	
1090	5.4500	-28		-16	
1091	5.4550	-28		-16	
1092	5.4600	-28		-17	
1093	5.4650	-28		-17	
1094	5.4700	-28		-17	
1095	5.4750	-28		-17	
1096	5.4800	-28		-17	
1097	5.4850	-28		-17	
1098	5.4900	-28		-17	
1099	5.4950	-28		-18	
1100	5.5000	-28		-18	
1101	5.5050	-28		-18	
1102	5.5100	-28		-18	
1103	5.5150	-28		-18	
1104	5.5200	-28		-18	
1105	5.5250	-28		-18	
1106	5.5300	-28		-18	
1107	5.5350	-28		-18	
1108	5.5400	-28		-18	
1109	5.5450	-28		-18	
1110	5.5500	-28		-18	
1111	5.5550	-28		-18	
1112	5.5600	-28		-18	
1113	5.5650	-28		-18	
1114	5.5700	-28		-18	
1115	5.5750	-28		-18	
1116	5.5800	-28		-18	
1117	5.5850	-28		-18	
1118	5.5900	-28		-18	
1119	5.5950	-28		-18	
1120	5.6000	-28		-18	
1121	5.6050	-28		-18	
1122	5.6100	-28		-18	
1123	5.6150	-28		-18	
1124	5.6200	-28		-18	
1125	5.6250	-27		-18	
1126	5.6300	-27		-18	
1127	5.6350	-27		-18	
1128	5.6400	-27		-18	
1129	5.6450	-26		-18	
1130	5.6500	-26		-18	
1131	5.6550	-26		-18	
1132	5.6600	-26		-18	
1133	5.6650	-26		-18	
1134	5.6700	-26		-18	
1135	5.6750	-26		-17	
1136	5.6800	-26		-17	
1137	5.6850	-26		-17	
1138	5.6900	-25		-17	
1139	5.6950	-25		-17	
1140	5.7000	-25		-17	
1141	5.7050	-24		-17	
1142	5.7100	-24		-17	
1143	5.7150	-24		-16	
1144	5.7200	-24		-16	
1145	5.7250	-24		-16	
1146	5.7300	-24		-16	
1147	5.7350	-23		-16	
1148	5.7400	-23		-16	
1149	5.7450	-23		-16	
1150	5.7500	-22		-16	
1151	5.7550	-22		-15	
1152	5.7600	-22		-15	
1153	5.7650	-22		-15	
1154	5.7700	-22		-15	
1155	5.7750	-21		-15	
1156	5.7800	-21		-14	
1157	5.7850	-20		-14	
1158	5.7900	-20		-14	
1159	5.7950	-20		-14	
1160	5.8000	-20		-14	
1161	5.8050	-19		-14	
1162	5.8100	-19		-13	
1163	5.8150	-18		-13	
1164	5.8200	-18		-13	
1165	5.8250	-18		-13	
1166	5.8300	-18		-12	
1167	5.8350	-17		-12	
1168	5.8400	-17		-12	
1169	5.8450	-16		-12	
1170	5.8500	-16		-12	
1171	5.8550	-16		-12	
1172	5.8600	-16		-11	
1173	5.8650	-15		-11	
1174	5.8700	-14		-11	
1175	5.8750	-14		-11	
1176	5.8800	-14		-10	
1177	5.8850	-14		-10	
1178	5.8900	-13		-10	
1179	5.8950	-12		-10	
1180	5.9000	-12		-10	
1181	5.9050	-12		-9	
1182	5.9100	-12		-9	
1183	5.9150	-11		-9	
1184	5.9200	-10		-9	
1185	5.9250	-10		-8	
1186	5.9300	-10		-8	
1187	5.9350	-10		-8	
1188	5.9400	-9		-8	
1189	5.9450	-8		-7	
1190	5.9500	-8		-7	
1191	5.9550	-8		-7	
1192	5.9600	-7		-7	
1193	5.9650	-7		-6	
1194	5.9700	-6		-6	
1195	5.9750	-6		-6	
1196	5.9800	-6		-6	
1197	5.9850	-5		-6	
1198	5.9900	-4		-5	
1199	5.9950	-4		-5	
1200	6.0000	-4		-5	
1201	6.0050	-3		-4	
1202	6.0100	-3		-4	
1203	6.0150	-2		-4	
1204	6.0200	-2		-4	
1205	6.0250	-2		-3	
1206	6.0300	-1		-3	
1207	6.0350	0		-3	
1208	6.0400	0		-3	
1209	6.0450	0		-2	
1210	6.0500	1		-2	
1211	6.0550	2		-2	
1212	6.0600	2		-2	
1213	6.0650	2		-1	
1214	6.0700	3		-1	
1215	6.0750	3		-1	
1216	6.0800	4		-1	
1217	6.0850	4		0	
1218	6.0900	4		0	
1219	6.0950	5		0	
1220	6.1000	6		0	
1221	6.1050	6		1	
1222	6.1100	6		1	
1223	6.1150	7		1	
1224	6.1200	8		2	
1225	6.1250	8		2	
1226	6.1300	8		2	
1227	6.1350	9		2	
1228	6.1400	10		3	
1229	6.1450	10		3	
1230	6.1500	10		3	
1231	6.1550	10		3	
1232	6.1600	11		4	
1233	6.1650	12		4	
1234	6.1700	12		4	
1235	6.1750	12		4	
1236	6.1800	13		5	
1237	6.1850	13		5	
1238	6.1900	14		5	
1239	6.1950	14		6	
1240	6.2000	14		6	
1241	6.2050	15		6	
1242	6.2100	16		6	
1243	6.2150	16		6	
1244	6.2200	16		7	
1245	6.2250	16		7	
1246	6.2300	17		7	
1247	6.2350	18		8	
1248	6.2400	18		8	
1249	6.2450	18		8	
1250	6.2500	18		8	
1251	6.2550	19		8	
1252	6.2600	20		9	
1253	6.2650	20		9	
1254	6.2700	20		9	
1255	6.2750	20		10	
1256	6.2800	21		10	
1257	6.2850	21		10	
1258	6.2900	22		10	
1259	6.2950	22		10	
1260	6.3000	22		11	
1261	6.3050	22		11	
1262	6.3100	23		11	
1263	6.3150	23		12	
1264	6.3200	24		12	
1265	6.3250	24		12	
1266	6.3300	24		12	
1267	6.3350	24		12	
1268	6.3400	25		13	
1269	6.3450	25		13	
1270	6.3500	26		13	
1271	6.3550	26		13	
1272	6.3600	26		14	
1273	6.3650	26		14	
1274	6.3700	26		14	
1275	6.3750	27		14	
1276	6.3800	27		14	
1277	6.3850	28		15	
1278	6.3900	28		15	
1279	6.3950	28		15	
1280	6.4000	28		15	
1281	6.4050	28		16	
1282	6.4100	29		16	
1283	6.4150	29		16	
1284	6.4200	30		16	
1285	6.4250	30		16	
1286	6.4300	30		16	
1287	6.4350	30		17	
1288	6.4400	30		17	
1289	6.4450	30		17	
1290	6.4500	31		17	
1291	6.4550	31		17	
1292	6.4600	31		17	
1293	6.4650	32		18	
1294	6.4700	32		18	
1295	6.4750	32		18	
1296	6.4800	32		18	
1297	6.4850	32		18	
1298	6.4900	32		18	
1299	6.4950	32		18	
1300	6.5000	33		19	
1301	6.5050	33		19	
1302	6.5100	33		19	
1303	6.5150	33		19	
1304	6.5200	34		19	
1305	6.5250	34		19	
1306	6.5300	34		19	
1307	6.5350	34		20	
1308	6.5400	34		20	
1309	6.5450	34		20	
1310	6.5500	34		20	
1311	6.5550	34		20	
1312	6.5600	34		20	
1313	6.5650	35		20	
1314	6.5700	35		20	
1315	6.5750	35		20	
1316	6.5800	35		20	
1317	6.5850	35		20	
1318	6.5900	35		20	
1319	6.5950	35		20	
1320	6.6000	35		20	
1321	6.6050	35		21	
1322	6.6100	35		21	
1323	6.6150	35		21	
1324	6.6200	36		21	
1325	6.6250	36		21	
1326	6.6300	36		21	
1327	6.6350	36		21	
1328	6.6400	36		21	
1329	6.6450	36		21	
1330	6.6500	36		21	
1331	6.6550	36		21	
1332	6.6600	36		21	
1333	6.6650	36		21	
1334	6.6700	36		21	
1335	6.6750	36		21	
1336	6.6800	36		21	
1337	6.6850	36		21	
1338	6.6900	36		21	
1339	6.6950	36		21	
1340	6.7000	36		21	
1341	6.7050	36		21	
1342	6.7100	36		21	
1343	6.7150	35		21	
1344	6.7200	35		21	
1345	6.7250	35		21	
1346	6.7300	35		20	
1347	6.7350	35		20	
1348	6.7400	35		20	
1349	6.7450	35		20	
1350	6.7500	34		20	
1351	6.7550	34		20	
1352	6.7600	34		20	
1353	6.7650	34		20	
1354	6.7700	34		20	
1355	6.7750	34		20	
1356	6.7800	34		20	
1357	6.7850	34		20	
1358	6.7900	34		20	
1359	6.7950	34		20	
1360	6.8000	34		20	
1361	6.8050	33		19	
1362	6.8100	33		19	
1363	6.8150	33		19	
1364	6.8200	32		19	
1365	6.8250	32		19	
1366	6.8300	32		19	
1367	6.8350	32		19	
1368	6.8400	32		19	
1369	6.8450	32		18	
1370	6.8500	32		18	
1371	6.8550	31		18	
1372	6.8600	31		18	
1373	6.8650	31		18	
1374	6.8700	30		18	
1375	6.8750	30		18	
1376	6.8800	30		18	
1377	6.8850	30		18	
1378	6.8900	30		17	
1379	6.8950	29		17	
1380	6.9000	29		17	
1381	6.9050	28		17	
1382	6.9100	28		17	
1383	6.9150	28		17	
1384	6.9200	28		16	
1385	6.9250	28		16	
1386	6.9300	27		16	
1387	6.9350	27		16	
1388	6.9400	27		16	
1389	6.9450	26		16	
1390	6.9500	26		16	
1391	6.9550	26		16	
1392	6.9600	26		15	
1393	6.9650	25		15	
1394	6.9700	25		15	
1395	6.9750	24		15	
1396	6.9800	24		15	
1397	6.9850	24		15	
1398	6.9900	24		14	
1399	6.9950	23		14	
1400	7.0000	23		14	
1401	7.0050	22		14	
1402	7.0100	22		14	
1403	7.0150	22		14	
1404	7.0200	21		14	
1405	7.0250	21		13	
1406	7.0300	20		13	
1407	7.0350	20		13	
1408	7.0400	20		13	
1409	7.0450	20		13	
1410	7.0500	19		12	
1411	7.0550	19		12	
1412	7.0600	18		12	
1413	7.0650	18		12	
1414	7.0700	18		12	
1415	7.0750	18		12	
1416	7.0800	17		12	
1417	7.0850	16		11	
1418	7.0900	16		11	
1419	7.0950	16		11	
1420	7.1000	16		11	
1421	7.1050	15		11	
1422	7.1100	14		10	
1423	7.1150	14		10	
1424	7.1200	14		10	
1425	7.1250	13		10	
1426	7.1300	12		10	
1427	7.1350	12		10	
1428	7.1400	12		9	
1429	7.1450	11		9	
1430	7.1500	11		9	
1431	7.1550	10		9	
1432	7.1600	10		8	
1433	7.1650	10		8	
1434	7.1700	9		8	
1435	7.1750	9		8	
1436	7.1800	8		8	
1437	7.1850	8		8	
1438	7.1900	8		7	
1439	7.1950	7		7	
1440	7.2000	7		7	
1441	7.2050	6		7	
1442	7.2100	6		6	
1443	7.2150	6		6	
1444	7.2200	5		6	
1445	7.2250	4		6	
1446	7.2300	4		6	
1447	7.2350	4		5	
1448	7.2400	4		5	
1449	7.2450	3		5	
1450	7.2500	3		5	
1451	7.2550	2		5	
1452	7.2600	2		4	
1453	7.2650	2		4	
1454	7.2700	1		4	
1455	7.2750	0		4	
1456	7.2800	0		4	
1457	7.2850	0		3	
1458	7.2900	-1		3	
1459	7.2950	-2		3	
1460	7.3000	-2		3	
1461	7.3050	-2		2	
1462	7.3100	-3		2	
1463	7.3150	-4		2	
1464	7.3200	-4		2	
1465	7.3250	-4		1	
1466	7.3300	-4		1	
1467	7.3350	-5		1	
1468	7.3400	-5		1	
1469	7.3450	-6		0	
1470	7.3500	-6		0	
1471	7.3550	-6		0	
1472	7.3600	-7		0	
1473	7.3650	-7		-1	
1474	7.3700	-8		-1	
1475	7.3750	-8		-1	
1476	7.3800	-8		-1	
1477	7.3850	-9		-2	
1478	7.3900	-9		-2	
1479	7.3950	-10		-2	
1480	7.4000	-10		-2	
1481	7.4050	-10		-3	
1482	7.4100	-10		-3	
1483	7.4150	-11		-3	
1484	7.4200	-12		-3	
1485	7.4250	-12		-4	
1486	7.4300	-12		-4	
1487	7.4350	-13		-4	
1488	7.4400	-13		-4	
1489	7.4450	-14		-5	
1490	7.4500	-14		-5	
1491	7.4550	-14		-5	
1492	7.4600	-15		-5	
1493	7.4650	-16		-6	
1494	7.4700	-16		-6	
1495	7.4750	-16		-6	
1496	7.4800	-16		-6	
1497	7.4850	-17		-7	
1498	7.4900	-17		-7	
1499	7.4950	-17		-7	
1500	7.5000	-18		-7	
1501	7.5050	-18		-8	
1502	7.5100	-18		-8	
1503	7.5150	-18		-8	
1504	7.5200	-19		-8	
1505	7.5250	-19		-9	
1506	7.5300	-20		-9	
1507	7.5350	-20		-9	
1508	7.5400	-20		-9	
1509	7.5450	-20		-10	
1510	7.5500	-21		-10	
1511	7.5550	-21		-10	
1512	7.5600	-21		-10	
1513	7.5650	-22		-11	
1514	7.5700	-22		-11	
1515	7.5750	-22		-11	
1516	7.5800	-22		-11	
1517	7.5850	-22		-12	
1518	7.5900	-22		-12	
1519	7.5950	-23		-12	
1520	7.6000	-23		-12	
1521	7.6050	-24		-12	
1522	7.6100	-24		-13	
1523	7.6150	-24		-13	
1524	7.6200	-24		-13	
1525	7.6250	-24		-13	
1526	7.6300	-24		-14	
1527	7.6350	-24		-14	
1528	7.6400	-25		-14	
1529	7.6450	-25		-14	
1530	7.6500	-25		-14	
1531	7.6550	-26		-14	
1532	7.6600	-26		-15	
1533	7.6650	-26		-15	
1534	7.6700	-26		-15	
1535	7.6750	-26		-15	
1536	7.6800	-26		-15	
1537	7.6850	-26		-16	
1538	7.6900	-27		-16	
1539	7.6950	-27		-16	
1540	7.7000	-27		-16	
1541	7.7050	-27		-16	
1542	7.7100	-27		-16	
1543	7.7150	-28		-16	
1544	7.7200	-28		-16	
1545	7.7250	-28		-17	
1546	7.7300	-28		-17	
1547	7.7350	-28		-17	
1548	7.7400	-28		-17	
1549	7.7450	-28		-17	
1550	7.7500	-28		-17	
1551	7.7550	-28		-17	
1552	7.7600	-28		-17	
1553	7.7650	-28		-18	
1554	7.7700	-28		-18	
1555	7.7750	-28		-18	
1556	7.7800	-28		-18	
1557	7.7850	-28		-18	
1558	7.7900	-28		-18	
1559	7.7950	-28		-18	
1560	7.8000	-28		-18	
1561	7.8050	-28		-18	
1562	7.8100	-28		-18	
1563	7.8150	-28		-18	
1564	7.8200	-28		-18	
1565	7.8250	-28		-18	
1566	7.8300	-28		-18	
1567	7.8350	-28		-18	
1568	7.8400	-28		-18	
1569	7.8450	-28		-18	
1570	7.8500	-28		-18	
1571	7.8550	-28		-18	
1572	7.8600	-28		-18	
1573	7.8650	-28		-18	
1574	7.8700	-28		-18	
1575	7.8750	-28		-18	
1576	7.8800	-28		-18	
1577	7.8850	-28		-18	
1578	7.8900	-28		-18	
1579	7.8950	-27		-18	
1580	7.9000	-27		-18	
1581	7.9050	-27		-18	
1582	7.9100	-27		-18	
1583	7.9150	-26		-18	
1584	7.9200	-26		-18	
1585	7.9250	-26		-18	
1586	7.9300	-26		-18	
1587	7.9350	-26		-18	
1588	7.9400	-26		-17	
1589	7.9450	-26		-17	
1590	7.9500	-26		-17	
1591	7.9550	-26		-17	
1592	7.9600	-25		-17	
1593	7.9650	-25		-17	
1594	7.9700	-25		-17	
1595	7.9750	-24		-17	
1596	7.9800	-24		-16	
1597	7.9850	-24		-16	
1598	7.9900	-24		-16	
1599	7.9950	-24		-16	
1600	8.0000	-24		-16	
1601	8.0050	-23		-16	
1602	8.0100	-23		-16	
1603	8.0150	-22		-16	
1604	8.0200	-22		-15	
1605	8.0250	-22		-15	
1606	8.0300	-22		-15	
1607	8.0350	-22		-15	
1608	8.0400	-21		-15	
1609	8.0450	-21		-14	
1610	8.0500	-20		-14	
1611	8.0550	-20		-14	
1612	8.0600	-20		-14	
1613	8.0650	-20		-14	
1614	8.0700	-19		-14	
1615	8.0750	-19		-13	
1616	8.0800	-18		-13	
1617	8.0850	-18		-13	
1618	8.0900	-18		-13	
1619	8.0950	-18		-13	
1620	8.1000	-17		-12	
1621	8.1050	-17		-12	
1622	8.1100	-16		-12	
1623	8.1150	-16		-12	
1624	8.1200	-16		-12	
1625	8.1250	-16		-11	
1626	8.1300	-15		-11	
1627	8.1350	-15		-11	
1628	8.1400	-14		-11	
1629	8.1450	-14		-10	
1630	8.1500	-14		-10	
1631	8.1550	-13		-10	
1632	8.1600	-13		-10	
1633	8.1650	-12		-10	
1634	8.1700	-12		-9	
1635	8.1750	-12		-9	
1636	8.1800	-11		-9	
1637	8.1850	-11		-9	
1638	8.1900	-10		-8	
1639	8.1950	-10		-8	
1640	8.2000	-10		-8	
1641	8.2050	-9		-8	
1642	8.2100	-9		-8	
1643	8.2150	-8		-7	
1644	8.2200	-8		-7	
1645	8.2250	-8		-7	
1646	8.2300	-7		-6	
1647	8.2350	-6		-6	
1648	8.2400	-6		-6	
1649	8.2450	-6		-6	
1650	8.2500	-6		-6	
1651	8.2550	-5		-5	
1652	8.2600	-4		-5	
1653	8.2650	-4		-5	
1654	8.2700	-4		-4	
1655	8.2750	-3		-4	
1656	8.2800	-2		-4	
1657	8.2850	-2		-4	
1658	8.2900	-2		-4	
1659	8.2950	-2		-3	
1660	8.3000	-1		-3	
1661	8.3050	0		-3	
1662	8.3100	0		-2	
1663	8.3150	0		-2	
1664	8.3200	1		-2	
1665	8.3250	2		-2	
1666	8.3300	2		-2	
1667	8.3350	2		-1	
1668	8.3400	3		-1	
1669	8.3450	4		-1	
1670	8.3500	4		0	
1671	8.3550	4		0	
1672	8.3600	5		0	
1673	8.3650	5		0	
1674	8.3700	6		0	
1675	8.3750	6		1	
1676	8.3800	6		1	
1677	8.3850	7		1	
1678	8.3900	8		2	
1679	8.3950	8		2	
1680	8.4000	8		2	
1681	8.4050	9		2	
1682	8.4100	10		3	
1683	8.4150	10		3	
1684	8.4200	10		3	
1685	8.4250	11		3	
1686	8.4300	11		4	
1687	8.4350	12		4	
1688	8.4400	12		4	
1689	8.4450	12		4	
1690	8.4500	13		5	
1691	8.4550	14		5	
1692	8.4600	14		5	
1693	8.4650	14		5	
1694	8.4700	14		6	
1695	8.4750	15		6	
1696	8.4800	16		6	
1697	8.4850	16		6	
1698	8.4900	16		7	
1699	8.4950	17		7	
1700	8.5000	17		7	
1701	8.5050	18		8	
1702	8.5100	18		8	
1703	8.5150	18		8	
1704	8.5200	19		8	
1705	8.5250	19		8	
1706	8.5300	20		9	
1707	8.5350	20		9	
1708	8.5400	20		9	
1709	8.5450	20		10	
1710	8.5500	21		10	
1711	8.5550	22		10	
1712	8.5600	22		10	
1713	8.5650	22		10	
1714	8.5700	22		11	
1715	8.5750	23		11	
1716	8.5800	23		11	
1717	8.5850	24		11	
1718	8.5900	24		12	
1719	8.5950	24		12	
1720	8.6000	24		12	
1721	8.6050	24		12	
1722	8.6100	25		13	
1723	8.6150	25		13	
1724	8.6200	26		13	
1725	8.6250	26		13	
1726	8.6300	26		14	
1727	8.6350	26		14	
1728	8.6400	27		14	
1729	8.6450	27		14	
1730	8.6500	27		14	
1731	8.6550	28		14	
1732	8.6600	28		15	
1733	8.6650	28		15	
1734	8.6700	28		15	
1735	8.6750	28		15	
1736	8.6800	29		16	
1737	8.6850	29		16	
1738	8.6900	30		16	
1739	8.6950	30		16	
1740	8.7000	30		16	
1741	8.7050	30		16	
1742	8.7100	30		17	
1743	8.7150	30		17	
1744	8.7200	31		17	
1745	8.7250	31		17	
1746	8.7300	31		17	
1747	8.7350	32		18	
1748	8.7400	32		18	
1749	8.7450	32		18	
1750	8.7500	32		18	
1751	8.7550	32		18	
1752	8.7600	32		18	
1753	8.7650	32		18	
1754	8.7700	33		19	
1755	8.7750	33		19	
1756	8.7800	33		19	
1757	8.7850	33		19	
1758	8.7900	34		19	
1759	8.7950	34		19	
1760	8.8000	34		19	
1761	8.8050	34		20	
1762	8.8100	34		20	
1763	8.8150	34		20	
1764	8.8200	34		20	
1765	8.8250	34		20	
1766	8.8300	34		20	
1767	8.8350	35		20	
1768	8.8400	35		20	
1769	8.8450	35		20	
1770	8.8500	35		20	
1771	8.8550	35		20	
1772	8.8600	35		20	
1773	8.8650	35		20	
1774	8.8700	35		21	
1775	8.8750	35		21	
1776	8.8800	35		21	
1777	8.8850	35		21	
1778	8.8900	36		21	
1779	8.8950	36		21	
1780	8.9000	36		21	
1781	8.9050	36		21	
1782	8.9100	36		21	
1783	8.9150	36		21	
1784	8.9200	36		21	
1785	8.9250	36		21	
1786	8.9300	36		21	
1787	8.9350	36		21	
1788	8.9400	36		21	
1789	8.9450	36		21	
1790	8.9500	36		21	
1791	8.9550	36		21	
1792	8.9600	36		21	
1793	8.9650	36		21	
1794	8.9700	36		21	
1795	8.9750	36		21	
1796	8.9800	36		21	
1797	8.9850	35		21	
1798	8.9900	35		21	
1799	8.9950	35		21	
1800	9.0000	35		21	
1801	9.0050	35		21	
1802	9.0100	35		20	
1803	9.0150	35		20	
1804	9.0200	34		20	
1805	9.0250	34		20	
1806	9.0300	34		20	
1807	9.0350	34		20	
1808	9.0400	34		20	
1809	9.0450	34		20	
1810	9.0500	34		20	
1811	9.0550	34		20	
1812	9.0600	34		20	
1813	9.0650	34		20	
1814	9.0700	33		20	
1815	9.0750	33		20	
1816	9.0800	33		19	
1817	9.0850	33		19	
1818	9.0900	32		19	
1819	9.0950	32		19	
1820	9.1000	32		19	
1821	9.1050	32		19	
1822	9.1100	32		19	
1823	9.1150	32		18	
1824	9.1200	32		18	
1825	9.1250	31		18	
1826	9.1300	31		18	
1827	9.1350	31		18	
1828	9.1400	30		18	
1829	9.1450	30		18	
1830	9.1500	30		18	
1831	9.1550	30		18	
1832	9.1600	30		17	
1833	9.1650	29		17	
1834	9.1700	29		17	
1835	9.1750	28		17	
1836	9.1800	28		17	
1837	9.1850	28		17	
1838	9.1900	28		16	
1839	9.1950	28		16	
1840	9.2000	27		16	
1841	9.2050	27		16	
1842	9.2100	26		16	
1843	9.2150	26		16	
1844	9.2200	26		16	
1845	9.2250	26		16	
1846	9.2300	26		15	
1847	9.2350	25		15	
1848	9.2400	25		15	
1849	9.2450	24		15	
1850	9.2500	24		15	
1851	9.2550	24		14	
1852	9.2600	24		14	
1853	9.2650	23		14	
1854	9.2700	23		14	
1855	9.2750	22		14	
1856	9.2800	22		14	
1857	9.2850	22		14	
1858	9.2900	21		13	
1859	9.2950	21		13	
1860	9.3000	20		13	
1861	9.3050	20		13	
1862	9.3100	20		13	
1863	9.3150	20		12	
1864	9.3200	19		12	
1865	9.3250	19		12	
1866	9.3300	18		12	
1867	9.3350	18		12	
1868	9.3400	18		12	
1869	9.3450	17		12	
1870	9.3500	17		11	
1871	9.3550	16		11	
1872	9.3600	16		11	
1873	9.3650	16		11	
1874	9.3700	15		11	
1875	9.3750	15		10	
1876	9.3800	14		10	
1877	9.3850	14		10	
1878	9.3900	14		10	
1879	9.3950	13		10	
1880	9.4000	12		10	
1881	9.4050	12		9	
1882	9.4100	12		9	
1883	9.4150	11		9	
1884	9.4200	10		9	
1885	9.4250	10		8	
1886	9.4300	10		8	
1887	9.4350	10		8	
1888	9.4400	9		8	
1889	9.4450	8		8	
1890	9.4500	8		8	
1891	9.4550	8		7	
1892	9.4600	8		7	
1893	9.4650	7		7	
1894	9.4700	6		7	
1895	9.4750	6		6	
1896	9.4800	6		6	
1897	9.4850	5		6	
1898	9.4900	5		6	
1899	9.4950	4		6	
1900	9.5000	4		5	
1901	9.5050	4		5	
1902	9.5100	3		5	
1903	9.5150	3		5	
1904	9.5200	2		4	
1905	9.5250	2		4	
1906	9.5300	2		4	
1907	9.5350	1		4	
1908	9.5400	1		4	
1909	9.5450	0		3	
1910	9.5500	0		3	
1911	9.5550	0		3	
1912	9.5600	-1		3	
1913	9.5650	-2		2	
1914	9.5700	-2		2	
1915	9.5750	-2		2	
1916	9.5800	-3		2	
1917	9.5850	-4		2	
1918	9.5900	-4		1	
1919	9.5950	-4		1	
1920	9.6000	-4		1	
1921	9.6050	-5		1	
1922	9.6100	-6		0	
1923	9.6150	-6		0	
1924	9.6200	-6		0	
1925	9.6250	-6		0	
1926	9.6300	-7		-1	
1927	9.6350	-8		-1	
1928	9.6400	-8		-1	
1929	9.6450	-8		-1	
1930	9.6500	-8		-2	
1931	9.6550	-9		-2	
1932	9.6600	-10		-2	
1933	9.6650	-10		-2	
1934	9.6700	-10		-3	
1935	9.6750	-10		-3	
1936	9.6800	-11		-3	
1937	9.6850	-11		-3	
1938	9.6900	-12		-4	
1939	9.6950	-12		-4	
1940	9.7000	-12		-4	
1941	9.7050	-13		-4	
1942	9.7100	-14		-5	
1943	9.7150	-14		-5	
1944	9.7200	-14		-5	
1945	9.7250	-15		-5	
1946	9.7300	-15		-6	
1947	9.7350	-16		-6	
1948	9.7400	-16		-6	
1949	9.7450	-16		-6	
1950	9.7500	-16		-7	
1951	9.7550	-17		-7	
1952	9.7600	-17		-7	
1953	9.7650	-18		-7	
1954	9.7700	-18		-8	
1955	9.7750	-18		-8	
1956	9.7800	-18		-8	
1957	9.7850	-18		-8	
1958	9.7900	-19		-8	
1959	9.7950	-19		-9	
1960	9.8000	-20		-9	
1961	9.8050	-20		-9	
1962	9.8100	-20		-10	
1963	9.8150	-20		-10	
1964	9.8200	-21		-10	
1965	9.8250	-21		-10	
1966	9.8300	-21		-10	
1967	9.8350	-22		-11	
1968	9.8400	-22		-11	
1969	9.8450	-22		-11	
1970	9.8500	-22		-11	
1971	9.8550	-22		-12	
1972	9.8600	-23		-12	
1973	9.8650	-23		-12	
1974	9.8700	-23		-12	
1975	9.8750	-24		-12	
1976	9.8800	-24		-13	
1977	9.8850	-24		-13	
1978	9.8900	-24		-13	
1979	9.8950	-24		-13	
1980	9.9000	-24		-13	
1981	9.9050	-25		-14	
1982	9.9100	-25		-14	
1983	9.9150	-25		-14	
1984	9.9200	-25		-14	
1985	9.9250	-26		-14	
1986	9.9300	-26		-14	
1987	9.9350	-26		-15	
1988	9.9400	-26		-15	
1989	9.9450	-26		-15	
1990	9.9500	-26		-15	
1991	9.9550	-26		-15	
1992	9.9600	-27		-16	
1993	9.9650	-27		-16	
1994	9.9700	-27		-16	
1995	9.9750	-27		-16	
1996	9.9800	-27		-16	
1997	9.9850	-28		-16	
1998	9.9900	-28		-16	
1999	9.9950	-28		-16	
2000	10.0000	-28		-17	
