#	time(s)	count A	count B	count C	count D
1	0.0050	-30		4	
2	0.0100	-30		3	
3	0.0150	-31		1	
4	0.0200	-32		-1	
5	0.0250	-32		-3	
6	0.0300	-33		-5	
7	0.0350	-33		-7	
8	0.0400	-34		-9	
9	0.0450	-34		-11	
10	0.0500	-35		-13	
11	0.0550	-35		-15	
12	0.0600	-36		-17	
13	0.0650	-36		-19	
14	0.0700	-36		-20	
15	0.0750	-37		-22	
16	0.0800	-37		-24	
17	0.0850	-38		-26	
18	0.0900	-38		-28	
19	0.0950	-38		-30	
20	0.1000	-39		-32	
21	0.1050	-39		-34	
22	0.1100	-40		-36	
23	0.1150	-40		-38	
24	0.1200	-40		-39	
25	0.1250	-40		-41	
26	0.1300	-41		-43	
27	0.1350	-41		-44	
28	0.1400	-41		-46	
29	0.1450	-41		-48	
30	0.1500	-42		-50	
31	0.1550	-42		-51	
32	0.1600	-42		-52	
33	0.1650	-42		-54	
34	0.1700	-42		-56	
35	0.1750	-42		-57	
36	0.1800	-42		-58	
37	0.1850	-42		-60	
38	0.1900	-42		-61	
39	0.1950	-42		-62	
40	0.2000	-42		-64	
41	0.2050	-42		-65	
42	0.2100	-42		-66	
43	0.2150	-42		-67	
44	0.2200	-42		-68	
45	0.2250	-42		-69	
46	0.2300	-42		-70	
47	0.2350	-42		-71	
48	0.2400	-42		-72	
49	0.2450	-42		-73	
50	0.2500	-42		-74	
51	0.2550	-41		-74	
52	0.2600	-41		-75	
53	0.2650	-41		-76	
54	0.2700	-40		-76	
55	0.2750	-40		-76	
56	0.2800	-40		-77	
57	0.2850	-40		-78	
58	0.2900	-39		-78	
59	0.2950	-39		-78	
60	0.3000	-38		-78	
61	0.3050	-38		-78	
62	0.3100	-38		-78	
63	0.3150	-38		-78	
64	0.3200	-37		-78	
65	0.3250	-36		-78	
66	0.3300	-36		-78	
67	0.3350	-36		-78	
68	0.3400	-35		-78	
69	0.3450	-35		-78	
70	0.3500	-34		-77	
71	0.3550	-34		-77	
72	0.3600	-33		-76	
73	0.3650	-33		-76	
74	0.3700	-32		-75	
75	0.3750	-32		-74	
76	0.3800	-31		-74	
77	0.3850	-30		-73	
78	0.3900	-30		-72	
79	0.3950	-29		-72	
80	0.4000	-29		-71	
81	0.4050	-28		-70	
82	0.4100	-28		-69	
83	0.4150	-27		-68	
84	0.4200	-26		-66	
85	0.4250	-26		-66	
86	0.4300	-25		-64	
87	0.4350	-24		-63	
88	0.4400	-24		-62	
89	0.4450	-23		-60	
90	0.4500	-22		-59	
91	0.4550	-22		-58	
92	0.4600	-21		-56	
93	0.4650	-20		-55	
94	0.4700	-20		-54	
95	0.4750	-19		-52	
96	0.4800	-18		-50	
97	0.4850	-18		-48	
98	0.4900	-17		-47	
99	0.4950	-16		-45	
100	0.5000	-16		-44	
101	0.5050	-15		-42	
102	0.5100	-14		-40	
103	0.5150	-14		-38	
104	0.5200	-14		-36	
105	0.5250	-13		-34	
106	0.5300	-12		-33	
107	0.5350	-12		-31	
108	0.5400	-11		-29	
109	0.5450	-10		-27	
110	0.5500	-10		-25	
111	0.5550	-9		-24	
112	0.5600	-9		-22	
113	0.5650	-8		-20	
114	0.5700	-8		-18	
115	0.5750	-7		-16	
116	0.5800	-7		-14	
117	0.5850	-6		-12	
118	0.5900	-6		-10	
119	0.5950	-5		-8	
120	0.6000	-5		-6	
121	0.6050	-4		-4	
122	0.6100	-4		-2	
123	0.6150	-4		0	
124	0.6200	-3		2	
125	0.6250	-3		4	
126	0.6300	-2		6	
127	0.6350	-2		8	
128	0.6400	-2		10	
129	0.6450	-1		12	
130	0.6500	-1		14	
131	0.6550	-1		16	
132	0.6600	0		18	
133	0.6650	0		19	
134	0.6700	0		21	
135	0.6750	0		23	
136	0.6800	0		24	
137	0.6850	1		26	
138	0.6900	1		28	
139	0.6950	1		30	
140	0.7000	1		31	
141	0.7050	1		33	
142	0.7100	2		34	
143	0.7150	2		36	
144	0.7200	2		37	
145	0.7250	2		39	
146	0.7300	2		40	
147	0.7350	2		42	
148	0.7400	2		43	
149	0.7450	2		44	
150	0.7500	2		45	
151	0.7550	2		46	
152	0.7600	2		48	
153	0.7650	2		48	
154	0.7700	2		50	
155	0.7750	1		50	
156	0.7800	1		51	
157	0.7850	1		52	
158	0.7900	1		53	
159	0.7950	1		54	
160	0.8000	0		54	
161	0.8050	0		55	
162	0.8100	0		56	
163	0.8150	0		56	
164	0.8200	-1		56	
165	0.8250	-1		57	
166	0.8300	-1		57	
167	0.8350	-2		58	
168	0.8400	-2		58	
169	0.8450	-2		58	
170	0.8500	-2		58	
171	0.8550	-3		58	
172	0.8600	-3		58	
173	0.8650	-4		58	
174	0.8700	-4		58	
175	0.8750	-4		58	
176	0.8800	-5		58	
177	0.8850	-6		57	
178	0.8900	-6		57	
179	0.8950	-6		56	
180	0.9000	-7		56	
181	0.9050	-8		55	
182	0.9100	-8		55	
183	0.9150	-8		54	
184	0.9200	-9		54	
185	0.9250	-10		53	
186	0.9300	-10		52	
187	0.9350	-11		51	
188	0.9400	-11		50	
189	0.9450	-12		50	
190	0.9500	-12		48	
191	0.9550	-13		48	
192	0.9600	-14		46	
193	0.9650	-14		45	
194	0.9700	-15		44	
195	0.9750	-16		43	
196	0.9800	-16		42	
197	0.9850	-17		40	
198	0.9900	-17		39	
199	0.9950	-18		38	
200	1.0000	-18		36	
201	1.0050	-19		35	
202	1.0100	-20		34	
203	1.0150	-20		32	
204	1.0200	-21		30	
205	1.0250	-22		29	
206	1.0300	-22		27	
207	1.0350	-23		26	
208	1.0400	-24		24	
209	1.0450	-24		22	
210	1.0500	-25		20	
211	1.0550	-25		19	
212	1.0600	-26		17	
213	1.0650	-26		15	
214	1.0700	-27		14	
215	1.0750	-28		12	
216	1.0800	-28		10	
217	1.0850	-29		8	
218	1.0900	-29		6	
219	1.0950	-30		4	
220	1.1000	-30		2	
221	1.1050	-31		0	
222	1.1100	-32		-2	
223	1.1150	-32		-4	
224	1.1200	-33		-6	
225	1.1250	-33		-8	
226	1.1300	-34		-10	
227	1.1350	-34		-12	
228	1.1400	-35		-13	
229	1.1450	-35		-15	
230	1.1500	-36		-17	
231	1.1550	-36		-19	
232	1.1600	-37		-21	
233	1.1650	-37		-23	
234	1.1700	-38		-25	
235	1.1750	-38		-27	
236	1.1800	-38		-29	
237	1.1850	-38		-30	
238	1.1900	-39		-32	
239	1.1950	-39		-34	
240	1.2000	-40		-36	
241	1.2050	-40		-38	
242	1.2100	-40		-40	
243	1.2150	-40		-42	
244	1.2200	-41		-43	
245	1.2250	-41		-45	
246	1.2300	-41		-46	
247	1.2350	-41		-48	
248	1.2400	-42		-50	
249	1.2450	-42		-52	
250	1.2500	-42		-53	
251	1.2550	-42		-54	
252	1.2600	-42		-56	
253	1.2650	-42		-58	
254	1.2700	-42		-59	
255	1.2750	-42		-60	
256	1.2800	-42		-62	
257	1.2850	-42		-63	
258	1.2900	-42		-64	
259	1.2950	-42		-65	
260	1.3000	-42		-66	
261	1.3050	-42		-68	
262	1.3100	-42		-68	
263	1.3150	-42		-70	
264	1.3200	-42		-70	
265	1.3250	-42		-71	
266	1.3300	-42		-72	
267	1.3350	-42		-73	
268	1.3400	-41		-74	
269	1.3450	-41		-74	
270	1.3500	-41		-75	
271	1.3550	-41		-76	
272	1.3600	-40		-76	
273	1.3650	-40		-77	
274	1.3700	-40		-77	
275	1.3750	-40		-78	
276	1.3800	-39		-78	
277	1.3850	-39		-78	
278	1.3900	-38		-78	
279	1.3950	-38		-78	
280	1.4000	-38		-78	
281	1.4050	-37		-78	
282	1.4100	-37		-78	
283	1.4150	-36		-78	
284	1.4200	-36		-78	
285	1.4250	-36		-78	
286	1.4300	-35		-78	
287	1.4350	-34		-78	
288	1.4400	-34		-77	
289	1.4450	-34		-77	
290	1.4500	-33		-76	
291	1.4550	-32		-76	
292	1.4600	-32		-75	
293	1.4650	-31		-74	
294	1.4700	-31		-74	
295	1.4750	-30		-73	
296	1.4800	-30		-72	
297	1.4850	-29		-71	
298	1.4900	-28		-70	
299	1.4950	-28		-70	
300	1.5000	-27		-68	
301	1.5050	-26		-67	
302	1.5100	-26		-66	
303	1.5150	-25		-65	
304	1.5200	-25		-64	
305	1.5250	-24		-63	
306	1.5300	-24		-62	
307	1.5350	-23		-60	
308	1.5400	-22		-59	
309	1.5450	-22		-57	
310	1.5500	-21		-56	
311	1.5550	-20		-54	
312	1.5600	-20		-53	
313	1.5650	-19		-52	
314	1.5700	-18		-50	
315	1.5750	-18		-48	
316	1.5800	-17		-46	
317	1.5850	-16		-45	
318	1.5900	-16		-43	
319	1.5950	-15		-42	
320	1.6000	-14		-40	
321	1.6050	-14		-38	
322	1.6100	-13		-36	
323	1.6150	-13		-34	
324	1.6200	-12		-32	
325	1.6250	-12		-30	
326	1.6300	-11		-28	
327	1.6350	-10		-26	
328	1.6400	-10		-25	
329	1.6450	-9		-23	
330	1.6500	-9		-21	
331	1.6550	-8		-19	
332	1.6600	-8		-17	
333	1.6650	-7		-15	
334	1.6700	-7		-13	
335	1.6750	-6		-11	
336	1.6800	-6		-9	
337	1.6850	-5		-7	
338	1.6900	-5		-5	
339	1.6950	-4		-3	
340	1.7000	-4		-1	
341	1.7050	-3		1	
342	1.7100	-3		3	
343	1.7150	-2		5	
344	1.7200	-2		7	
345	1.7250	-2		9	
346	1.7300	-2		10	
347	1.7350	-1		12	
348	1.7400	-1		14	
349	1.7450	-1		16	
350	1.7500	0		18	
351	1.7550	0		20	
352	1.7600	0		22	
353	1.7650	0		23	
354	1.7700	0		25	
355	1.7750	1		26	
356	1.7800	1		28	
357	1.7850	1		30	
358	1.7900	1		32	
359	1.7950	1		33	
360	1.8000	2		34	
361	1.8050	2		36	
362	1.8100	2		38	
363	1.8150	2		39	
364	1.8200	2		40	
365	1.8250	2		42	
366	1.8300	2		43	
367	1.8350	2		44	
368	1.8400	2		46	
369	1.8450	2		46	
370	1.8500	2		48	
371	1.8550	2		49	
372	1.8600	2		50	
373	1.8650	1		50	
374	1.8700	1		52	
375	1.8750	1		52	
376	1.8800	1		53	
377	1.8850	0		54	
378	1.8900	0		54	
379	1.8950	0		55	
380	1.9000	0		56	
381	1.9050	0		56	
382	1.9100	-1		56	
383	1.9150	-1		57	
384	1.9200	-1		57	
385	1.9250	-2		58	
386	1.9300	-2		58	
387	1.9350	-2		58	
388	1.9400	-2		58	
389	1.9450	-3		58	
390	1.9500	-3		58	
391	1.9550	-4		58	
392	1.9600	-4		58	
393	1.9650	-5		58	
394	1.9700	-5		57	
395	1.9750	-6		57	
396	1.9800	-6		56	
397	1.9850	-6		56	
398	1.9900	-7		56	
399	1.9950	-8		55	
400	2.0000	-8		55	
401	2.0050	-8		54	
402	2.0100	-9		53	
403	2.0150	-10		52	
404	2.0200	-10		52	
405	2.0250	-11		51	
406	2.0300	-11		50	
407	2.0350	-12		49	
408	2.0400	-12		48	
409	2.0450	-13		47	
410	2.0500	-14		46	
411	2.0550	-14		45	
412	2.0600	-15		44	
413	2.0650	-16		42	
414	2.0700	-16		42	
415	2.0750	-17		40	
416	2.0800	-18		39	
417	2.0850	-18		38	
418	2.0900	-19		36	
419	2.0950	-19		34	
420	2.1000	-20		33	
421	2.1050	-20		32	
422	2.1100	-21		30	
423	2.1150	-22		28	
424	2.1200	-22		27	
425	2.1250	-23		25	
426	2.1300	-24		24	
427	2.1350	-24		22	
428	2.1400	-25		20	
429	2.1450	-26		18	
430	2.1500	-26		16	
431	2.1550	-27		15	
432	2.1600	-27		13	
433	2.1650	-28		11	
434	2.1700	-28		9	
435	2.1750	-29		7	
436	2.1800	-30		6	
437	2.1850	-30		4	
438	2.1900	-31		2	
439	2.1950	-31		0	
440	2.2000	-32		-2	
441	2.2050	-32		-4	
442	2.2100	-33		-6	
443	2.2150	-33		-8	
444	2.2200	-34		-10	
445	2.2250	-34		-12	
446	2.2300	-35		-14	
447	2.2350	-35		-16	
448	2.2400	-36		-18	
449	2.2450	-36		-20	
450	2.2500	-37		-22	
451	2.2550	-37		-24	
452	2.2600	-38		-26	
453	2.2650	-38		-28	
454	2.2700	-38		-29	
455	2.2750	-39		-31	
456	2.2800	-39		-33	
457	2.2850	-39		-35	
458	2.2900	-40		-37	
459	2.2950	-40		-38	
460	2.3000	-40		-40	
461	2.3050	-40		-42	
462	2.3100	-41		-44	
463	2.3150	-41		-46	
464	2.3200	-41		-47	
465	2.3250	-41		-49	
466	2.3300	-42		-50	
467	2.3350	-42		-52	
468	2.3400	-42		-54	
469	2.3450	-42		-55	
470	2.3500	-42		-56	
471	2.3550	-42		-58	
472	2.3600	-42		-59	
473	2.3650	-42		-60	
474	2.3700	-42		-62	
475	2.3750	-42		-63	
476	2.3800	-42		-64	
477	2.3850	-42		-66	
478	2.3900	-42		-67	
479	2.3950	-42		-68	
480	2.4000	-42		-69	
481	2.4050	-42		-70	
482	2.4100	-42		-71	
483	2.4150	-42		-72	
484	2.4200	-42		-72	
485	2.4250	-42		-74	
486	2.4300	-41		-74	
487	2.4350	-41		-75	
488	2.4400	-41		-76	
489	2.4450	-41		-76	
490	2.4500	-40		-76	
491	2.4550	-40		-77	
492	2.4600	-40		-77	
493	2.4650	-40		-78	
494	2.4700	-39		-78	
495	2.4750	-39		-78	
496	2.4800	-38		-78	
497	2.4850	-38		-78	
498	2.4900	-38		-78	
499	2.4950	-37		-78	
500	2.5000	-37		-78	
501	2.5050	-36		-78	
502	2.5100	-36		-78	
503	2.5150	-35		-78	
504	2.5200	-35		-78	
505	2.5250	-34		-78	
506	2.5300	-34		-77	
507	2.5350	-33		-76	
508	2.5400	-33		-76	
509	2.5450	-32		-76	
510	2.5500	-32		-75	
511	2.5550	-31		-74	
512	2.5600	-30		-74	
513	2.5650	-30		-73	
514	2.5700	-30		-72	
515	2.5750	-29		-71	
516	2.5800	-28		-70	
517	2.5850	-28		-69	
518	2.5900	-27		-68	
519	2.5950	-26		-67	
520	2.6000	-26		-66	
521	2.6050	-25		-65	
522	2.6100	-25		-64	
523	2.6150	-24		-62	
524	2.6200	-23		-61	
525	2.6250	-23		-60	
526	2.6300	-22		-58	
527	2.6350	-22		-57	
528	2.6400	-21		-56	
529	2.6450	-20		-54	
530	2.6500	-20		-52	
531	2.6550	-19		-51	
532	2.6600	-18		-49	
533	2.6650	-18		-48	
534	2.6700	-17		-46	
535	2.6750	-16		-44	
536	2.6800	-16		-42	
537	2.6850	-15		-41	
538	2.6900	-14		-39	
539	2.6950	-14		-37	
540	2.7000	-13		-36	
541	2.7050	-13		-34	
542	2.7100	-12		-32	
543	2.7150	-12		-30	
544	2.7200	-11		-28	
545	2.7250	-10		-26	
546	2.7300	-10		-24	
547	2.7350	-9		-22	
548	2.7400	-8		-20	
549	2.7450	-8		-18	
550	2.7500	-8		-16	
551	2.7550	-7		-14	
552	2.7600	-6		-12	
553	2.7650	-6		-10	
554	2.7700	-6		-8	
555	2.7750	-5		-6	
556	2.7800	-4		-4	
557	2.7850	-4		-2	
558	2.7900	-4		0	
559	2.7950	-3		2	
560	2.8000	-3		4	
561	2.8050	-2		6	
562	2.8100	-2		8	
563	2.8150	-2		10	
564	2.8200	-2		11	
565	2.8250	-1		13	
566	2.8300	-1		15	
567	2.8350	-1		17	
568	2.8400	0		18	
569	2.8450	0		20	
570	2.8500	0		22	
571	2.8550	0		24	
572	2.8600	0		26	
573	2.8650	1		27	
574	2.8700	1		29	
575	2.8750	1		30	
576	2.8800	1		32	
577	2.8850	2		34	
578	2.8900	2		35	
579	2.8950	2		37	
580	2.9000	2		38	
581	2.9050	2		40	
582	2.9100	2		41	
583	2.9150	2		42	
584	2.9200	2		44	
585	2.9250	2		45	
586	2.9300	2		46	
587	2.9350	2		47	
588	2.9400	2		48	
589	2.9450	2		49	
590	2.9500	2		50	
591	2.9550	1		51	
592	2.9600	1		52	
593	2.9650	1		53	
594	2.9700	1		54	
595	2.9750	0		54	
596	2.9800	0		55	
597	2.9850	0		55	
598	2.9900	0		56	
599	2.9950	0		56	
600	3.0000	-1		57	
601	3.0050	-1		57	
602	3.0100	-2		58	
603	3.0150	-2		58	
604	3.0200	-2		58	
605	3.0250	-2		58	
606	3.0300	-3		58	
607	3.0350	-3		58	
608	3.0400	-4		58	
609	3.0450	-4		58	
610	3.0500	-4		58	
611	3.0550	-5		58	
612	3.0600	-5		57	
613	3.0650	-6		57	
614	3.0700	-6		56	
615	3.0750	-7		56	
616	3.0800	-7		56	
617	3.0850	-8		55	
618	3.0900	-8		54	
619	3.0950	-9		54	
620	3.1000	-9		53	
621	3.1050	-10		52	
622	3.1100	-10		52	
623	3.1150	-11		51	
624	3.1200	-12		50	
625	3.1250	-12		49	
626	3.1300	-13		48	
627	3.1350	-13		47	
628	3.1400	-14		46	
629	3.1450	-14		44	
630	3.1500	-15		44	
631	3.1550	-16		42	
632	3.1600	-16		41	
633	3.1650	-17		40	
634	3.1700	-18		38	
635	3.1750	-18		37	
636	3.1800	-19		36	
637	3.1850	-20		34	
638	3.1900	-20		32	
639	3.1950	-21		31	
640	3.2000	-22		30	
641	3.2050	-22		28	
642	3.2100	-23		26	
643	3.2150	-23		24	
644	3.2200	-24		23	
645	3.2250	-25		21	
646	3.2300	-25		20	
647	3.2350	-26		18	
648	3.2400	-26		16	
649	3.2450	-27		14	
650	3.2500	-28		12	
651	3.2550	-28		10	
652	3.2600	-29		9	
653	3.2650	-29		7	
654	3.2700	-30		5	
655	3.2750	-30		3	
656	3.2800	-31		1	
657	3.2850	-32		-1	
658	3.2900	-32		-3	
659	3.2950	-32		-5	
660	3.3000	-33		-7	
661	3.3050	-34		-9	
662	3.3100	-34		-11	
663	3.3150	-35		-12	
664	3.3200	-35		-14	
665	3.3250	-36		-16	
666	3.3300	-36		-18	
667	3.3350	-36		-20	
668	3.3400	-37		-22	
669	3.3450	-37		-24	
670	3.3500	-38		-26	
671	3.3550	-38		-28	
672	3.3600	-38		-30	
673	3.3650	-39		-32	
674	3.3700	-39		-34	
675	3.3750	-40		-35	
676	3.3800	-40		-37	
677	3.3850	-40		-39	
678	3.3900	-40		-41	
679	3.3950	-40		-42	
680	3.4000	-41		-44	
681	3.4050	-41		-46	
682	3.4100	-41		-48	
683	3.4150	-42		-49	
684	3.4200	-42		-51	
685	3.4250	-42		-52	
686	3.4300	-42		-54	
687	3.4350	-42		-56	
688	3.4400	-42		-57	
689	3.4450	-42		-58	
690	3.4500	-42		-60	
691	3.4550	-42		-61	
692	3.4600	-42		-62	
693	3.4650	-42		-64	
694	3.4700	-42		-65	
695	3.4750	-42		-66	
696	3.4800	-42		-67	
697	3.4850	-42		-68	
698	3.4900	-42		-69	
699	3.4950	-42		-70	
700	3.5000	-42		-71	
701	3.5050	-42		-72	
702	3.5100	-42		-73	
703	3.5150	-42		-74	
704	3.5200	-41		-74	
705	3.5250	-41		-75	
706	3.5300	-41		-76	
707	3.5350	-40		-76	
708	3.5400	-40		-76	
709	3.5450	-40		-77	
710	3.5500	-40		-78	
711	3.5550	-39		-78	
712	3.5600	-39		-78	
713	3.5650	-38		-78	
714	3.5700	-38		-78	
715	3.5750	-38		-78	
716	3.5800	-38		-78	
717	3.5850	-37		-78	
718	3.5900	-36		-78	
719	3.5950	-36		-78	
720	3.6000	-36		-78	
721	3.6050	-35		-78	
722	3.6100	-35		-78	
723	3.6150	-34		-77	
724	3.6200	-34		-77	
725	3.6250	-33		-76	
726	3.6300	-33		-76	
727	3.6350	-32		-75	
728	3.6400	-32		-74	
729	3.6450	-31		-74	
730	3.6500	-30		-73	
731	3.6550	-30		-72	
732	3.6600	-29		-72	
733	3.6650	-29		-71	
734	3.6700	-28		-70	
735	3.6750	-28		-69	
736	3.6800	-27		-68	
737	3.6850	-26		-67	
738	3.6900	-26		-66	
739	3.6950	-25		-64	
740	3.7000	-24		-63	
741	3.7050	-24		-62	
742	3.7100	-23		-60	
743	3.7150	-22		-59	
744	3.7200	-22		-58	
745	3.7250	-21		-56	
746	3.7300	-20		-55	
747	3.7350	-20		-54	
748	3.7400	-19		-52	
749	3.7450	-19		-50	
750	3.7500	-18		-49	
751	3.7550	-18		-47	
752	3.7600	-17		-45	
753	3.7650	-16		-44	
754	3.7700	-16		-42	
755	3.7750	-15		-40	
756	3.7800	-14		-38	
757	3.7850	-14		-37	
758	3.7900	-13		-35	
759	3.7950	-12		-33	
760	3.8000	-12		-31	
761	3.8050	-11		-29	
762	3.8100	-11		-27	
763	3.8150	-10		-25	
764	3.8200	-10		-24	
765	3.8250	-9		-22	
766	3.8300	-8		-20	
767	3.8350	-8		-18	
768	3.8400	-8		-16	
769	3.8450	-7		-14	
770	3.8500	-6		-12	
771	3.8550	-6		-10	
772	3.8600	-6		-8	
773	3.8650	-5		-6	
774	3.8700	-4		-4	
775	3.8750	-4		-2	
776	3.8800	-4		0	
777	3.8850	-3		2	
778	3.8900	-3		4	
779	3.8950	-2		6	
780	3.9000	-2		8	
781	3.9050	-2		10	
782	3.9100	-2		12	
783	3.9150	-1		14	
784	3.9200	-1		16	
785	3.9250	0		17	
786	3.9300	0		19	
787	3.9350	0		21	
788	3.9400	0		23	
789	3.9450	0		24	
790	3.9500	1		26	
791	3.9550	1		28	
792	3.9600	1		30	
793	3.9650	1		31	
794	3.9700	1		33	
795	3.9750	2		34	
796	3.9800	2		36	
797	3.9850	2		37	
798	3.9900	2		38	
799	3.9950	2		40	
800	4.0000	2		41	
801	4.0050	2		43	
802	4.0100	2		44	
803	4.0150	2		45	
804	4.0200	2		46	
805	4.0250	2		48	
806	4.0300	2		48	
807	4.0350	2		50	
808	4.0400	1		50	
809	4.0450	1		51	
810	4.0500	1		52	
811	4.0550	1		53	
812	4.0600	1		54	
813	4.0650	0		54	
814	4.0700	0		55	
815	4.0750	0		56	
816	4.0800	0		56	
817	4.0850	0		56	
818	4.0900	-1		57	
819	4.0950	-1		57	
820	4.1000	-2		58	
821	4.1050	-2		58	
822	4.1100	-2		58	
823	4.1150	-2		58	
824	4.1200	-3		58	
825	4.1250	-3		58	
826	4.1300	-4		58	
827	4.1350	-4		58	
828	4.1400	-4		58	
829	4.1450	-5		58	
830	4.1500	-6		57	
831	4.1550	-6		57	
832	4.1600	-6		56	
833	4.1650	-7		56	
834	4.1700	-7		56	
835	4.1750	-8		55	
836	4.1800	-8		54	
837	4.1850	-9		54	
838	4.1900	-9		53	
839	4.1950	-10		52	
840	4.2000	-10		51	
841	4.2050	-11		50	
842	4.2100	-12		50	
843	4.2150	-12		48	
844	4.2200	-13		48	
845	4.2250	-14		46	
846	4.2300	-14		46	
847	4.2350	-15		44	
848	4.2400	-15		43	
849	4.2450	-16		42	
850	4.2500	-16		40	
851	4.2550	-17		39	
852	4.2600	-18		38	
853	4.2650	-18		36	
854	4.2700	-19		35	
855	4.2750	-20		34	
856	4.2800	-20		32	
857	4.2850	-21		31	
858	4.2900	-22		29	
859	4.2950	-22		28	
860	4.3000	-23		26	
861	4.3050	-24		24	
862	4.3100	-24		22	
863	4.3150	-25		21	
864	4.3200	-26		19	
865	4.3250	-26		17	
866	4.3300	-26		16	
867	4.3350	-27		14	
868	4.3400	-28		12	
869	4.3450	-28		10	
870	4.3500	-29		8	
871	4.3550	-29		6	
872	4.3600	-30		4	
873	4.3650	-30		2	
874	4.3700	-31		0	
875	4.3750	-32		-1	
876	4.3800	-32		-3	
877	4.3850	-33		-5	
878	4.3900	-33		-7	
879	4.3950	-34		-9	
880	4.4000	-34		-11	
881	4.4050	-35		-13	
882	4.4100	-35		-15	
883	4.4150	-36		-17	
884	4.4200	-36		-19	
885	4.4250	-36		-21	
886	4.4300	-37		-23	
887	4.4350	-38		-25	
888	4.4400	-38		-26	
889	4.4450	-38		-28	
890	4.4500	-38		-30	
891	4.4550	-39		-32	
892	4.4600	-39		-34	
893	4.4650	-40		-36	
894	4.4700	-40		-38	
895	4.4750	-40		-40	
896	4.4800	-40		-41	
897	4.4850	-41		-43	
898	4.4900	-41		-45	
899	4.4950	-41		-46	
900	4.5000	-41		-48	
901	4.5050	-42		-50	
902	4.5100	-42		-51	
903	4.5150	-42		-53	
904	4.5200	-42		-54	
905	4.5250	-42		-56	
906	4.5300	-42		-57	
907	4.5350	-42		-59	
908	4.5400	-42		-60	
909	4.5450	-42		-61	
910	4.5500	-42		-62	
911	4.5550	-42		-64	
912	4.5600	-42		-65	
913	4.5650	-42		-66	
914	4.5700	-42		-67	
915	4.5750	-42		-68	
916	4.5800	-42		-70	
917	4.5850	-42		-70	
918	4.5900	-42		-71	
919	4.5950	-42		-72	
920	4.6000	-42		-73	
921	4.6050	-41		-74	
922	4.6100	-41		-74	
923	4.6150	-41		-75	
924	4.6200	-41		-76	
925	4.6250	-40		-76	
926	4.6300	-40		-77	
927	4.6350	-40		-77	
928	4.6400	-40		-78	
929	4.6450	-39		-78	
930	4.6500	-39		-78	
931	4.6550	-38		-78	
932	4.6600	-38		-78	
933	4.6650	-38		-78	
934	4.6700	-37		-78	
935	4.6750	-37		-78	
936	4.6800	-36		-78	
937	4.6850	-36		-78	
938	4.6900	-36		-78	
939	4.6950	-35		-78	
940	4.7000	-35		-78	
941	4.7050	-34		-77	
942	4.7100	-34		-77	
943	4.7150	-33		-76	
944	4.7200	-32		-76	
945	4.7250	-32		-75	
946	4.7300	-32		-74	
947	4.7350	-31		-74	
948	4.7400	-30		-73	
949	4.7450	-30		-72	
950	4.7500	-29		-71	
951	4.7550	-28		-70	
952	4.7600	-28		-70	
953	4.7650	-28		-68	
954	4.7700	-27		-68	
955	4.7750	-26		-66	
956	4.7800	-26		-65	
957	4.7850	-25		-64	
958	4.7900	-24		-63	
959	4.7950	-24		-62	
960	4.8000	-23		-60	
961	4.8050	-22		-59	
962	4.8100	-22		-57	
963	4.8150	-21		-56	
964	4.8200	-20		-54	
965	4.8250	-20		-53	
966	4.8300	-19		-52	
967	4.8350	-18		-50	
968	4.8400	-18		-48	
969	4.8450	-17		-46	
970	4.8500	-17		-45	
971	4.8550	-16		-43	
972	4.8600	-16		-42	
973	4.8650	-15		-40	
974	4.8700	-14		-38	
975	4.8750	-14		-36	
976	4.8800	-13		-34	
977	4.8850	-12		-32	
978	4.8900	-12		-30	
979	4.8950	-11		-29	
980	4.9000	-10		-27	
981	4.9050	-10		-25	
982	4.9100	-10		-23	
983	4.9150	-9		-21	
984	4.9200	-8		-19	
985	4.9250	-8		-17	
986	4.9300	-7		-15	
987	4.9350	-7		-13	
988	4.9400	-6		-11	
989	4.9450	-6		-9	
990	4.9500	-5		-7	
991	4.9550	-5		-5	
992	4.9600	-4		-3	
993	4.9650	-4		-1	
994	4.9700	-4		1	
995	4.9750	-3		3	
996	4.9800	-3		4	
997	4.9850	-2		6	
998	4.9900	-2		8	
999	4.9950	-2		10	
1000	5.0000	-2		12	
1001	5.0050	-1		14	
1002	5.0100	-1		16	
1003	5.0150	0		18	
1004	5.0200	0		20	
1005	5.0250	0		22	
1006	5.0300	0		23	
1007	5.0350	0		25	
1008	5.0400	1		26	
1009	5.0450	1		28	
1010	5.0500	1		30	
1011	5.0550	1		32	
1012	5.0600	1		33	
1013	5.0650	2		34	
1014	5.0700	2		36	
1015	5.0750	2		38	
1016	5.0800	2		39	
1017	5.0850	2		40	
1018	5.0900	2		42	
1019	5.0950	2		43	
1020	5.1000	2		44	
1021	5.1050	2		46	
1022	5.1100	2		46	
1023	5.1150	2		48	
1024	5.1200	2		48	
1025	5.1250	2		50	
1026	5.1300	1		50	
1027	5.1350	1		52	
1028	5.1400	1		52	
1029	5.1450	1		53	
1030	5.1500	1		54	
1031	5.1550	0		54	
1032	5.1600	0		55	
1033	5.1650	0		56	
1034	5.1700	0		56	
1035	5.1750	-1		56	
1036	5.1800	-1		57	
1037	5.1850	-1		57	
1038	5.1900	-2		58	
1039	5.1950	-2		58	
1040	5.2000	-2		58	
1041	5.2050	-2		58	
1042	5.2100	-3		58	
1043	5.2150	-3		58	
1044	5.2200	-4		58	
1045	5.2250	-4		58	
1046	5.2300	-5		58	
1047	5.2350	-5		57	
1048	5.2400	-6		57	
1049	5.2450	-6		56	
1050	5.2500	-6		56	
1051	5.2550	-7		56	
1052	5.2600	-8		55	
1053	5.2650	-8		55	
1054	5.2700	-8		54	
1055	5.2750	-9		54	
1056	5.2800	-10		52	
1057	5.2850	-10		52	
1058	5.2900	-10		51	
1059	5.2950	-11		50	
1060	5.3000	-12		49	
1061	5.3050	-12		48	
1062	5.3100	-13		47	
1063	5.3150	-14		46	
1064	5.3200	-14		45	
1065	5.3250	-15		44	
1066	5.3300	-16		43	
1067	5.3350	-16		42	
1068	5.3400	-16		40	
1069	5.3450	-17		39	
1070	5.3500	-18		38	
1071	5.3550	-18		36	
1072	5.3600	-19		35	
1073	5.3650	-20		33	
1074	5.3700	-20		32	
1075	5.3750	-21		30	
1076	5.3800	-22		29	
1077	5.3850	-22		27	
1078	5.3900	-23		26	
1079	5.3950	-24		24	
1080	5.4000	-24		22	
1081	5.4050	-25		20	
1082	5.4100	-26		18	
1083	5.4150	-26		17	
1084	5.4200	-27		15	
1085	5.4250	-27		13	
1086	5.4300	-28		11	
1087	5.4350	-28		10	
1088	5.4400	-29		8	
1089	5.4450	-30		6	
1090	5.4500	-30		4	
1091	5.4550	-31		2	
1092	5.4600	-31		0	
1093	5.4650	-32		-2	
1094	5.4700	-32		-4	
1095	5.4750	-33		-6	
1096	5.4800	-34		-8	
1097	5.4850	-34		-10	
1098	5.4900	-34		-12	
1099	5.4950	-35		-14	
1100	5.5000	-35		-16	
1101	5.5050	-36		-18	
1102	5.5100	-36		-20	
1103	5.5150	-37		-22	
1104	5.5200	-37		-23	
1105	5.5250	-38		-25	
1106	5.5300	-38		-27	
1107	5.5350	-38		-29	
1108	5.5400	-39		-31	
1109	5.5450	-39		-33	
1110	5.5500	-39		-34	
1111	5.5550	-40		-36	
1112	5.5600	-40		-38	
1113	5.5650	-40		-40	
1114	5.5700	-40		-42	
1115	5.5750	-41		-44	
1116	5.5800	-41		-45	
1117	5.5850	-41		-47	
1118	5.5900	-41		-48	
1119	5.5950	-42		-50	
1120	5.6000	-42		-52	
1121	5.6050	-42		-53	
1122	5.6100	-42		-55	
1123	5.6150	-42		-56	
1124	5.6200	-42		-58	
1125	5.6250	-42		-59	
1126	5.6300	-42		-60	
1127	5.6350	-42		-62	
1128	5.6400	-42		-63	
1129	5.6450	-42		-64	
1130	5.6500	-42		-65	
1131	5.6550	-42		-66	
1132	5.6600	-42		-68	
1133	5.6650	-42		-68	
1134	5.6700	-42		-70	
1135	5.6750	-42		-70	
1136	5.6800	-42		-72	
1137	5.6850	-42		-72	
1138	5.6900	-42		-73	
1139	5.6950	-41		-74	
1140	5.7000	-41		-74	
1141	5.7050	-41		-75	
1142	5.7100	-40		-76	
1143	5.7150	-40		-76	
1144	5.7200	-40		-77	
1145	5.7250	-40		-77	
1146	5.7300	-40		-78	
1147	5.7350	-39		-78	
1148	5.7400	-39		-78	
1149	5.7450	-38		-78	
1150	5.7500	-38		-78	
1151	5.7550	-38		-78	
1152	5.7600	-37		-78	
1153	5.7650	-37		-78	
1154	5.7700	-36		-78	
1155	5.7750	-36		-78	
1156	5.7800	-36		-78	
1157	5.7850	-35		-78	
1158	5.7900	-34		-78	
1159	5.7950	-34		-77	
1160	5.8000	-34		-76	
1161	5.8050	-33		-76	
1162	5.8100	-32		-76	
1163	5.8150	-32		-75	
1164	5.8200	-31		-74	
1165	5.8250	-31		-74	
1166	5.8300	-30		-73	
1167	5.8350	-30		-72	
1168	5.8400	-29		-71	
1169	5.8450	-28		-70	
1170	5.8500	-28		-69	
1171	5.8550	-27		-68	
1172	5.8600	-27		-67	
1173	5.8650	-26		-66	
1174	5.8700	-26		-65	
1175	5.8750	-25		-64	
1176	5.8800	-24		-62	
1177	5.8850	-24		-61	
1178	5.8900	-23		-60	
1179	5.8950	-22		-58	
1180	5.9000	-22		-57	
1181	5.9050	-21		-56	
1182	5.9100	-20		-54	
1183	5.9150	-20		-52	
1184	5.9200	-19		-51	
1185	5.9250	-18		-50	
1186	5.9300	-18		-48	
1187	5.9350	-17		-46	
1188	5.9400	-16		-44	
1189	5.9450	-16		-43	
1190	5.9500	-15		-41	
1191	5.9550	-14		-39	
1192	5.9600	-14		-38	
1193	5.9650	-13		-36	
1194	5.9700	-13		-34	
1195	5.9750	-12		-32	
1196	5.9800	-12		-30	
1197	5.9850	-11		-28	
1198	5.9900	-10		-26	
1199	5.9950	-10		-24	
1200	6.0000	-9		-22	
1201	6.0050	-9		-20	
1202	6.0100	-8		-18	
1203	6.0150	-8		-16	
1204	6.0200	-7		-14	
1205	6.0250	-7		-12	
1206	6.0300	-6		-10	
1207	6.0350	-6		-8	
1208	6.0400	-5		-6	
1209	6.0450	-5		-4	
1210	6.0500	-4		-3	
1211	6.0550	-4		-1	
1212	6.0600	-3		1	
1213	6.0650	-3		3	
1214	6.0700	-2		5	
1215	6.0750	-2		7	
1216	6.0800	-2		9	
1217	6.0850	-2		11	
1218	6.0900	-1		13	
1219	6.0950	-1		14	
1220	6.1000	-1		16	
1221	6.1050	0		18	
1222	6.1100	0		20	
1223	6.1150	0		22	
1224	6.1200	0		24	
1225	6.1250	0		26	
1226	6.1300	1		27	
1227	6.1350	1		29	
1228	6.1400	1		30	
1229	6.1450	1		32	
1230	6.1500	1		34	
1231	6.1550	2		35	
1232	6.1600	2		36	
1233	6.1650	2		38	
1234	6.1700	2		39	
1235	6.1750	2		41	
1236	6.1800	2		42	
1237	6.1850	2		43	
1238	6.1900	2		44	
1239	6.1950	2		46	
1240	6.2000	2		47	
1241	6.2050	2		48	
1242	6.2100	2		49	
1243	6.2150	2		50	
1244	6.2200	1		51	
1245	6.2250	1		52	
1246	6.2300	1		52	
1247	6.2350	1		53	
1248	6.2400	0		54	
1249	6.2450	0		54	
1250	6.2500	0		55	
1251	6.2550	0		56	
1252	6.2600	0		56	
1253	6.2650	-1		57	
1254	6.2700	-1		57	
1255	6.2750	-1		57	
1256	6.2800	-2		58	
1257	6.2850	-2		58	
1258	6.2900	-2		58	
1259	6.2950	-2		58	
1260	6.3000	-3		58	
1261	6.3050	-3		58	
1262	6.3100	-4		58	
1263	6.3150	-4		58	
1264	6.3200	-5		58	
1265	6.3250	-5		57	
1266	6.3300	-6		57	
1267	6.3350	-6		56	
1268	6.3400	-7		56	
1269	6.3450	-7		56	
1270	6.3500	-8		55	
1271	6.3550	-8		54	
1272	6.3600	-9		54	
1273	6.3650	-9		53	
1274	6.3700	-10		52	
1275	6.3750	-10		52	
1276	6.3800	-11		51	
1277	6.3850	-12		50	
1278	6.3900	-12		49	
1279	6.3950	-12		48	
1280	6.4000	-13		47	
1281	6.4050	-14		46	
1282	6.4100	-14		45	
1283	6.4150	-15		44	
1284	6.4200	-16		42	
1285	6.4250	-16		41	
1286	6.4300	-17		40	
1287	6.4350	-17		38	
1288	6.4400	-18		37	
1289	6.4450	-18		36	
1290	6.4500	-19		34	
1291	6.4550	-20		33	
1292	6.4600	-20		31	
1293	6.4650	-21		30	
1294	6.4700	-22		28	
1295	6.4750	-22		26	
1296	6.4800	-23		25	
1297	6.4850	-24		23	
1298	6.4900	-24		22	
1299	6.4950	-25		20	
1300	6.5000	-26		18	
1301	6.5050	-26		16	
1302	6.5100	-27		14	
1303	6.5150	-28		13	
1304	6.5200	-28		11	
1305	6.5250	-28		9	
1306	6.5300	-29		7	
1307	6.5350	-30		5	
1308	6.5400	-30		3	
1309	6.5450	-31		2	
1310	6.5500	-32		0	
1311	6.5550	-32		-2	
1312	6.5600	-32		-4	
1313	6.5650	-33		-6	
1314	6.5700	-34		-8	
1315	6.5750	-34		-10	
1316	6.5800	-34		-12	
1317	6.5850	-35		-14	
1318	6.5900	-36		-16	
1319	6.5950	-36		-18	
1320	6.6000	-36		-20	
1321	6.6050	-37		-22	
1322	6.6100	-37		-24	
1323	6.6150	-38		-26	
1324	6.6200	-38		-28	
1325	6.6250	-38		-30	
1326	6.6300	-39		-32	
1327	6.6350	-39		-33	
1328	6.6400	-40		-35	
1329	6.6450	-40		-37	
1330	6.6500	-40		-39	
1331	6.6550	-40		-40	
1332	6.6600	-40		-42	
1333	6.6650	-41		-44	
1334	6.6700	-41		-46	
1335	6.6750	-41		-47	
1336	6.6800	-42		-49	
1337	6.6850	-42		-50	
1338	6.6900	-42		-52	
1339	6.6950	-42		-54	
1340	6.7000	-42		-55	
1341	6.7050	-42		-57	
1342	6.7100	-42		-58	
1343	6.7150	-42		-60	
1344	6.7200	-42		-61	
1345	6.7250	-42		-62	
1346	6.7300	-42		-63	
1347	6.7350	-42		-64	
1348	6.7400	-42		-66	
1349	6.7450	-42		-67	
1350	6.7500	-42		-68	
1351	6.7550	-42		-69	
1352	6.7600	-42		-70	
1353	6.7650	-42		-71	
1354	6.7700	-42		-72	
1355	6.7750	-42		-72	
1356	6.7800	-42		-73	
1357	6.7850	-41		-74	
1358	6.7900	-41		-75	
1359	6.7950	-41		-76	
1360	6.8000	-40		-76	
1361	6.8050	-40		-76	
1362	6.8100	-40		-77	
1363	6.8150	-40		-77	
1364	6.8200	-39		-78	
1365	6.8250	-39		-78	
1366	6.8300	-39		-78	
1367	6.8350	-38		-78	
1368	6.8400	-38		-78	
1369	6.8450	-38		-78	
1370	6.8500	-37		-78	
1371	6.8550	-37		-78	
1372	6.8600	-36		-78	
1373	6.8650	-36		-78	
1374	6.8700	-36		-78	
1375	6.8750	-35		-78	
1376	6.8800	-34		-78	
1377	6.8850	-34		-77	
1378	6.8900	-34		-76	
1379	6.8950	-33		-76	
1380	6.9000	-32		-76	
1381	6.9050	-32		-75	
1382	6.9100	-31		-74	
1383	6.9150	-31		-73	
1384	6.9200	-30		-72	
1385	6.9250	-30		-72	
1386	6.9300	-29		-71	
1387	6.9350	-28		-70	
1388	6.9400	-28		-69	
1389	6.9450	-27		-68	
1390	6.9500	-26		-67	
1391	6.9550	-26		-66	
1392	6.9600	-25		-65	
1393	6.9650	-24		-64	
1394	6.9700	-24		-62	
1395	6.9750	-23		-61	
1396	6.9800	-23		-60	
1397	6.9850	-22		-58	
1398	6.9900	-21		-57	
1399	6.9950	-21		-55	
1400	7.0000	-20		-54	
1401	7.0050	-20		-52	
1402	7.0100	-19		-50	
1403	7.0150	-18		-49	
1404	7.0200	-18		-47	
1405	7.0250	-17		-46	
1406	7.0300	-16		-44	
1407	7.0350	-16		-42	
1408	7.0400	-15		-40	
1409	7.0450	-14		-39	
1410	7.0500	-14		-37	
1411	7.0550	-13		-35	
1412	7.0600	-12		-33	
1413	7.0650	-12		-32	
1414	7.0700	-11		-30	
1415	7.0750	-11		-28	
1416	7.0800	-10		-26	
1417	7.0850	-10		-24	
1418	7.0900	-9		-22	
1419	7.0950	-8		-20	
1420	7.1000	-8		-18	
1421	7.1050	-8		-16	
1422	7.1100	-7		-14	
1423	7.1150	-6		-12	
1424	7.1200	-6		-10	
1425	7.1250	-6		-8	
1426	7.1300	-5		-6	
1427	7.1350	-4		-4	
1428	7.1400	-4		-2	
1429	7.1450	-4		0	
1430	7.1500	-3		2	
1431	7.1550	-3		4	
1432	7.1600	-2		6	
1433	7.1650	-2		8	
1434	7.1700	-2		10	
1435	7.1750	-2		12	
1436	7.1800	-1		13	
1437	7.1850	-1		15	
1438	7.1900	-1		17	
1439	7.1950	0		19	
1440	7.2000	0		20	
1441	7.2050	0		22	
1442	7.2100	0		24	
1443	7.2150	0		26	
1444	7.2200	1		28	
1445	7.2250	1		29	
1446	7.2300	1		31	
1447	7.2350	1		32	
1448	7.2400	2		34	
1449	7.2450	2		36	
1450	7.2500	2		37	
1451	7.2550	2		38	
1452	7.2600	2		40	
1453	7.2650	2		41	
1454	7.2700	2		42	
1455	7.2750	2		44	
1456	7.2800	2		45	
1457	7.2850	2		46	
1458	7.2900	2		47	
1459	7.2950	2		48	
1460	7.3000	2		49	
1461	7.3050	1		50	
1462	7.3100	1		51	
1463	7.3150	1		52	
1464	7.3200	1		53	
1465	7.3250	1		54	
1466	7.3300	0		54	
1467	7.3350	0		55	
1468	7.3400	0		56	
1469	7.3450	0		56	
1470	7.3500	0		56	
1471	7.3550	-1		57	
1472	7.3600	-1		57	
1473	7.3650	-2		58	
1474	7.3700	-2		58	
1475	7.3750	-2		58	
1476	7.3800	-2		58	
1477	7.3850	-3		58	
1478	7.3900	-3		58	
1479	7.3950	-4		58	
1480	7.4000	-4		58	
1481	7.4050	-4		58	
1482	7.4100	-5		58	
1483	7.4150	-5		57	
1484	7.4200	-6		57	
1485	7.4250	-6		56	
1486	7.4300	-7		56	
1487	7.4350	-7		56	
1488	7.4400	-8		55	
1489	7.4450	-8		54	
1490	7.4500	-9		54	
1491	7.4550	-9		53	
1492	7.4600	-10		52	
1493	7.4650	-10		52	
1494	7.4700	-11		50	
1495	7.4750	-12		50	
1496	7.4800	-12		49	
1497	7.4850	-13		48	
1498	7.4900	-14		47	
1499	7.4950	-14		46	
1500	7.5000	-15		44	
1501	7.5050	-15		43	
1502	7.5100	-16		42	
1503	7.5150	-16		41	
1504	7.5200	-17		40	
1505	7.5250	-18		38	
1506	7.5300	-18		37	
1507	7.5350	-19		36	
1508	7.5400	-19		34	
1509	7.5450	-20		32	
1510	7.5500	-20		31	
1511	7.5550	-21		30	
1512	7.5600	-22		28	
1513	7.5650	-22		26	
1514	7.5700	-23		24	
1515	7.5750	-24		23	
1516	7.5800	-24		21	
1517	7.5850	-25		20	
1518	7.5900	-26		18	
1519	7.5950	-26		16	
1520	7.6000	-27		14	
1521	7.6050	-28		12	
1522	7.6100	-28		10	
1523	7.6150	-29		8	
1524	7.6200	-29		6	
1525	7.6250	-30		5	
1526	7.6300	-30		3	
1527	7.6350	-31		1	
1528	7.6400	-32		-1	
1529	7.6450	-32		-3	
1530	7.6500	-33		-5	
1531	7.6550	-33		-7	
1532	7.6600	-34		-9	
1533	7.6650	-34		-11	
1534	7.6700	-34		-13	
1535	7.6750	-35		-15	
1536	7.6800	-36		-16	
1537	7.6850	-36		-18	
1538	7.6900	-36		-20	
1539	7.6950	-37		-22	
1540	7.7000	-37		-24	
1541	7.7050	-38		-26	
1542	7.7100	-38		-28	
1543	7.7150	-38		-30	
1544	7.7200	-39		-32	
1545	7.7250	-39		-34	
1546	7.7300	-40		-36	
1547	7.7350	-40		-38	
1548	7.7400	-40		-39	
1549	7.7450	-40		-41	
1550	7.7500	-40		-43	
1551	7.7550	-41		-44	
1552	7.7600	-41		-46	
1553	7.7650	-41		-48	
1554	7.7700	-42		-49	
1555	7.7750	-42		-51	
1556	7.7800	-42		-52	
1557	7.7850	-42		-54	
1558	7.7900	-42		-56	
1559	7.7950	-42		-57	
1560	7.8000	-42		-58	
1561	7.8050	-42		-60	
1562	7.8100	-42		-61	
1563	7.8150	-42		-62	
1564	7.8200	-42		-64	
1565	7.8250	-42		-65	
1566	7.8300	-42		-66	
1567	7.8350	-42		-67	
1568	7.8400	-42		-68	
1569	7.8450	-42		-69	
1570	7.8500	-42		-70	
1571	7.8550	-42		-71	
1572	7.8600	-42		-72	
1573	7.8650	-42		-73	
1574	7.8700	-42		-74	
1575	7.8750	-41		-74	
1576	7.8800	-41		-75	
1577	7.8850	-41		-76	
1578	7.8900	-40		-76	
1579	7.8950	-40		-76	
1580	7.9000	-40		-77	
1581	7.9050	-40		-78	
1582	7.9100	-39		-78	
1583	7.9150	-39		-78	
1584	7.9200	-38		-78	
1585	7.9250	-38		-78	
1586	7.9300	-38		-78	
1587	7.9350	-38		-78	
1588	7.9400	-37		-78	
1589	7.9450	-36		-78	
1590	7.9500	-36		-78	
1591	7.9550	-36		-78	
1592	7.9600	-35		-78	
1593	7.9650	-35		-78	
1594	7.9700	-34		-77	
1595	7.9750	-34		-77	
1596	7.9800	-33		-76	
1597	7.9850	-33		-76	
1598	7.9900	-32		-75	
1599	7.9950	-32		-74	
1600	8.0000	-31		-74	
1601	8.0050	-30		-73	
1602	8.0100	-30		-72	
1603	8.0150	-29		-72	
1604	8.0200	-29		-70	
1605	8.0250	-28		-70	
1606	8.0300	-28		-68	
1607	8.0350	-27		-68	
1608	8.0400	-26		-66	
1609	8.0450	-26		-66	
1610	8.0500	-25		-64	
1611	8.0550	-24		-63	
1612	8.0600	-24		-62	
1613	8.0650	-23		-60	
1614	8.0700	-22		-59	
1615	8.0750	-22		-58	
1616	8.0800	-21		-56	
1617	8.0850	-20		-55	
1618	8.0900	-20		-53	
1619	8.0950	-19		-52	
1620	8.1000	-18		-50	
1621	8.1050	-18		-48	
1622	8.1100	-17		-47	
1623	8.1150	-16		-45	
1624	8.1200	-16		-44	
1625	8.1250	-15		-42	
1626	8.1300	-15		-40	
1627	8.1350	-14		-38	
1628	8.1400	-14		-36	
1629	8.1450	-13		-34	
1630	8.1500	-12		-33	
1631	8.1550	-12		-31	
1632	8.1600	-11		-29	
1633	8.1650	-10		-27	
1634	8.1700	-10		-25	
1635	8.1750	-9		-23	
1636	8.1800	-9		-21	
1637	8.1850	-8		-19	
1638	8.1900	-8		-18	
1639	8.1950	-7		-16	
1640	8.2000	-7		-14	
1641	8.2050	-6		-12	
1642	8.2100	-6		-10	
1643	8.2150	-5		-8	
1644	8.2200	-5		-6	
1645	8.2250	-4		-4	
1646	8.2300	-4		-2	
1647	8.2350	-4		0	
1648	8.2400	-3		2	
1649	8.2450	-3		4	
1650	8.2500	-2		6	
1651	8.2550	-2		8	
1652	8.2600	-2		10	
1653	8.2650	-2		12	
1654	8.2700	-1		14	
1655	8.2750	-1		16	
1656	8.2800	0		18	
1657	8.2850	0		19	
1658	8.2900	0		21	
1659	8.2950	0		23	
1660	8.3000	0		24	
1661	8.3050	1		26	
1662	8.3100	1		28	
1663	8.3150	1		30	
1664	8.3200	1		31	
1665	8.3250	1		33	
1666	8.3300	2		34	
1667	8.3350	2		36	
1668	8.3400	2		38	
1669	8.3450	2		39	
1670	8.3500	2		40	
1671	8.3550	2		42	
1672	8.3600	2		43	
1673	8.3650	2		44	
1674	8.3700	2		45	
1675	8.3750	2		46	
1676	8.3800	2		48	
1677	8.3850	2		48	
1678	8.3900	2		50	
1679	8.3950	1		50	
1680	8.4000	1		51	
1681	8.4050	1		52	
1682	8.4100	1		53	
1683	8.4150	1		54	
1684	8.4200	0		54	
1685	8.4250	0		55	
1686	8.4300	0		56	
1687	8.4350	0		56	
1688	8.4400	-1		56	
1689	8.4450	-1		57	
1690	8.4500	-1		57	
1691	8.4550	-2		58	
1692	8.4600	-2		58	
1693	8.4650	-2		58	
1694	8.4700	-2		58	
1695	8.4750	-3		58	
1696	8.4800	-3		58	
1697	8.4850	-4		58	
1698	8.4900	-4		58	
1699	8.4950	-4		58	
1700	8.5000	-5		58	
1701	8.5050	-6		57	
1702	8.5100	-6		57	
1703	8.5150	-6		56	
1704	8.5200	-7		56	
1705	8.5250	-8		56	
1706	8.5300	-8		55	
1707	8.5350	-8		54	
1708	8.5400	-9		54	
1709	8.5450	-10		53	
1710	8.5500	-10		52	
1711	8.5550	-11		51	
1712	8.5600	-11		50	
1713	8.5650	-12		50	
1714	8.5700	-12		48	
1715	8.5750	-13		48	
1716	8.5800	-14		46	
1717	8.5850	-14		45	
1718	8.5900	-15		44	
1719	8.5950	-16		43	
1720	8.6000	-16		42	
1721	8.6050	-17		40	
1722	8.6100	-17		39	
1723	8.6150	-18		38	
1724	8.6200	-18		36	
1725	8.6250	-19		35	
1726	8.6300	-20		34	
1727	8.6350	-20		32	
1728	8.6400	-21		30	
1729	8.6450	-22		29	
1730	8.6500	-22		27	
1731	8.6550	-23		26	
1732	8.6600	-23		24	
1733	8.6650	-24		22	
1734	8.6700	-25		20	
1735	8.6750	-25		19	
1736	8.6800	-26		17	
1737	8.6850	-26		15	
1738	8.6900	-27		14	
1739	8.6950	-28		12	
1740	8.7000	-28		10	
1741	8.7050	-29		8	
1742	8.7100	-29		6	
1743	8.7150	-30		4	
1744	8.7200	-30		2	
1745	8.7250	-31		0	
1746	8.7300	-32		-2	
1747	8.7350	-32		-4	
1748	8.7400	-33		-6	
1749	8.7450	-33		-8	
1750	8.7500	-34		-10	
1751	8.7550	-34		-12	
1752	8.7600	-35		-13	
1753	8.7650	-35		-15	
1754	8.7700	-36		-17	
1755	8.7750	-36		-19	
1756	8.7800	-36		-21	
1757	8.7850	-37		-23	
1758	8.7900	-37		-25	
1759	8.7950	-38		-27	
1760	8.8000	-38		-29	
1761	8.8050	-38		-31	
1762	8.8100	-39		-32	
1763	8.8150	-39		-34	
1764	8.8200	-40		-36	
1765	8.8250	-40		-38	
1766	8.8300	-40		-40	
1767	8.8350	-40		-42	
1768	8.8400	-41		-43	
1769	8.8450	-41		-45	
1770	8.8500	-41		-46	
1771	8.8550	-41		-48	
1772	8.8600	-42		-50	
1773	8.8650	-42		-52	
1774	8.8700	-42		-53	
1775	8.8750	-42		-54	
1776	8.8800	-42		-56	
1777	8.8850	-42		-58	
1778	8.8900	-42		-59	
1779	8.8950	-42		-60	
1780	8.9000	-42		-62	
1781	8.9050	-42		-63	
1782	8.9100	-42		-64	
1783	8.9150	-42		-65	
1784	8.9200	-42		-66	
1785	8.9250	-42		-68	
1786	8.9300	-42		-68	
1787	8.9350	-42		-70	
1788	8.9400	-42		-70	
1789	8.9450	-42		-71	
1790	8.9500	-42		-72	
1791	8.9550	-42		-73	
1792	8.9600	-41		-74	
1793	8.9650	-41		-74	
1794	8.9700	-41		-75	
1795	8.9750	-41		-76	
1796	8.9800	-40		-76	
1797	8.9850	-40		-77	
1798	8.9900	-40		-77	
1799	8.9950	-40		-78	
1800	9.0000	-39		-78	
1801	9.0050	-39		-78	
1802	9.0100	-38		-78	
1803	9.0150	-38		-78	
1804	9.0200	-38		-78	
1805	9.0250	-37		-78	
1806	9.0300	-37		-78	
1807	9.0350	-36		-78	
1808	9.0400	-36		-78	
1809	9.0450	-36		-78	
1810	9.0500	-35		-78	
1811	9.0550	-35		-78	
1812	9.0600	-34		-77	
1813	9.0650	-34		-77	
1814	9.0700	-33		-76	
1815	9.0750	-32		-76	
1816	9.0800	-32		-75	
1817	9.0850	-32		-74	
1818	9.0900	-31		-74	
1819	9.0950	-30		-73	
1820	9.1000	-30		-72	
1821	9.1050	-29		-71	
1822	9.1100	-28		-70	
1823	9.1150	-28		-69	
1824	9.1200	-27		-68	
1825	9.1250	-26		-67	
1826	9.1300	-26		-66	
1827	9.1350	-25		-65	
1828	9.1400	-25		-64	
1829	9.1450	-24		-63	
1830	9.1500	-24		-62	
1831	9.1550	-23		-60	
1832	9.1600	-22		-59	
1833	9.1650	-22		-57	
1834	9.1700	-21		-56	
1835	9.1750	-20		-54	
1836	9.1800	-20		-53	
1837	9.1850	-19		-52	
1838	9.1900	-18		-50	
1839	9.1950	-18		-48	
1840	9.2000	-17		-46	
1841	9.2050	-16		-45	
1842	9.2100	-16		-43	
1843	9.2150	-15		-41	
1844	9.2200	-14		-40	
1845	9.2250	-14		-38	
1846	9.2300	-13		-36	
1847	9.2350	-13		-34	
1848	9.2400	-12		-32	
1849	9.2450	-12		-30	
1850	9.2500	-11		-28	
1851	9.2550	-10		-26	
1852	9.2600	-10		-25	
1853	9.2650	-9		-23	
1854	9.2700	-9		-21	
1855	9.2750	-8		-19	
1856	9.2800	-8		-17	
1857	9.2850	-7		-15	
1858	9.2900	-7		-13	
1859	9.2950	-6		-11	
1860	9.3000	-6		-9	
1861	9.3050	-5		-7	
1862	9.3100	-5		-5	
1863	9.3150	-4		-3	
1864	9.3200	-4		-1	
1865	9.3250	-4		1	
1866	9.3300	-3		3	
1867	9.3350	-3		5	
1868	9.3400	-2		7	
1869	9.3450	-2		9	
1870	9.3500	-2		10	
1871	9.3550	-1		12	
1872	9.3600	-1		14	
1873	9.3650	-1		16	
1874	9.3700	0		18	
1875	9.3750	0		20	
1876	9.3800	0		22	
1877	9.3850	0		23	
1878	9.3900	0		25	
1879	9.3950	1		26	
1880	9.4000	1		28	
1881	9.4050	1		30	
1882	9.4100	1		32	
1883	9.4150	1		33	
1884	9.4200	2		35	
1885	9.4250	2		36	
1886	9.4300	2		38	
1887	9.4350	2		39	
1888	9.4400	2		40	
1889	9.4450	2		42	
1890	9.4500	2		43	
1891	9.4550	2		44	
1892	9.4600	2		46	
1893	9.4650	2		46	
1894	9.4700	2		48	
1895	9.4750	2		48	
1896	9.4800	2		50	
1897	9.4850	1		50	
1898	9.4900	1		52	
1899	9.4950	1		52	
1900	9.5000	1		53	
1901	9.5050	0		54	
1902	9.5100	0		54	
1903	9.5150	0		55	
1904	9.5200	0		56	
1905	9.5250	0		56	
1906	9.5300	-1		56	
1907	9.5350	-1		57	
1908	9.5400	-1		57	
1909	9.5450	-2		58	
1910	9.5500	-2		58	
1911	9.5550	-2		58	
1912	9.5600	-2		58	
1913	9.5650	-3		58	
1914	9.5700	-3		58	
1915	9.5750	-4		58	
1916	9.5800	-4		58	
1917	9.5850	-4		58	
1918	9.5900	-5		57	
1919	9.5950	-6		57	
1920	9.6000	-6		56	
1921	9.6050	-6		56	
1922	9.6100	-7		56	
1923	9.6150	-8		55	
1924	9.6200	-8		54	
1925	9.6250	-8		54	
1926	9.6300	-9		53	
1927	9.6350	-10		52	
1928	9.6400	-10		52	
1929	9.6450	-11		51	
1930	9.6500	-11		50	
1931	9.6550	-12		49	
1932	9.6600	-12		48	
1933	9.6650	-13		47	
1934	9.6700	-14		46	
1935	9.6750	-14		45	
1936	9.6800	-15		44	
1937	9.6850	-16		42	
1938	9.6900	-16		42	
1939	9.6950	-17		40	
1940	9.7000	-17		39	
1941	9.7050	-18		37	
1942	9.7100	-19		36	
1943	9.7150	-19		34	
1944	9.7200	-20		33	
1945	9.7250	-20		32	
1946	9.7300	-21		30	
1947	9.7350	-22		28	
1948	9.7400	-22		27	
1949	9.7450	-23		25	
1950	9.7500	-24		24	
1951	9.7550	-24		22	
1952	9.7600	-25		20	
1953	9.7650	-26		18	
1954	9.7700	-26		16	
1955	9.7750	-27		15	
1956	9.7800	-27		13	
1957	9.7850	-28		11	
1958	9.7900	-28		9	
1959	9.7950	-29		8	
1960	9.8000	-30		6	
1961	9.8050	-30		4	
1962	9.8100	-31		2	
1963	9.8150	-31		0	
1964	9.8200	-32		-2	
1965	9.8250	-32		-4	
1966	9.8300	-33		-6	
1967	9.8350	-33		-8	
1968	9.8400	-34		-10	
1969	9.8450	-34		-12	
1970	9.8500	-35		-14	
1971	9.8550	-35		-16	
1972	9.8600	-36		-18	
1973	9.8650	-36		-20	
1974	9.8700	-37		-22	
1975	9.8750	-37		-24	
1976	9.8800	-38		-26	
1977	9.8850	-38		-27	
1978	9.8900	-38		-29	
1979	9.8950	-39		-31	
1980	9.9000	-39		-33	
1981	9.9050	-39		-35	
1982	9.9100	-40		-37	
1983	9.9150	-40		-38	
1984	9.9200	-40		-40	
1985	9.9250	-40		-42	
1986	9.9300	-41		-44	
1987	9.9350	-41		-46	
1988	9.9400	-41		-47	
1989	9.9450	-41		-48	
1990	9.9500	-42		-50	
1991	9.9550	-42		-52	
1992	9.9600	-42		-53	
1993	9.9650	-42		-55	
1994	9.9700	-42		-56	
1995	9.9750	-42		-58	
1996	9.9800	-42		-59	
1997	9.9850	-42		-60	
1998	9.9900	-42		-62	
1999	9.9950	-42		-63	
2000	10.0000	-42		-64	
