#	time(s)	count A	count B	count C	count D
1	0.0050	-11		7	
2	0.0100	-12		6	
3	0.0150	-12		6	
4	0.0200	-13		6	
5	0.0250	-13		5	
6	0.0300	-14		4	
7	0.0350	-14		4	
8	0.0400	-15		3	
9	0.0450	-15		3	
10	0.0500	-16		2	
11	0.0550	-16		2	
12	0.0600	-17		1	
13	0.0650	-17		0	
14	0.0700	-18		0	
15	0.0750	-18		0	
16	0.0800	-19		-1	
17	0.0850	-20		-2	
18	0.0900	-20		-2	
19	0.0950	-20		-3	
20	0.1000	-21		-4	
21	0.1050	-22		-4	
22	0.1100	-22		-5	
23	0.1150	-22		-6	
24	0.1200	-23		-6	
25	0.1250	-24		-7	
26	0.1300	-24		-7	
27	0.1350	-25		-8	
28	0.1400	-25		-8	
29	0.1450	-26		-9	
30	0.1500	-26		-10	
31	0.1550	-27		-10	
32	0.1600	-27		-11	
33	0.1650	-28		-12	
34	0.1700	-28		-12	
35	0.1750	-29		-13	
36	0.1800	-29		-14	
37	0.1850	-30		-14	
38	0.1900	-30		-15	
39	0.1950	-30		-16	
40	0.2000	-31		-16	
41	0.2050	-32		-16	
42	0.2100	-32		-17	
43	0.2150	-32		-18	
44	0.2200	-33		-18	
45	0.2250	-33		-19	
46	0.2300	-34		-20	
47	0.2350	-34		-20	
48	0.2400	-34		-21	
49	0.2450	-35		-21	
50	0.2500	-35		-22	
51	0.2550	-36		-22	
52	0.2600	-36		-23	
53	0.2650	-36		-24	
54	0.2700	-37		-24	
55	0.2750	-37		-24	
56	0.2800	-38		-25	
57	0.2850	-38		-26	
58	0.2900	-38		-26	
59	0.2950	-38		-26	
60	0.3000	-39		-27	
61	0.3050	-39		-28	
62	0.3100	-39		-28	
63	0.3150	-40		-28	
64	0.3200	-40		-29	
65	0.3250	-40		-30	
66	0.3300	-40		-30	
67	0.3350	-40		-30	
68	0.3400	-41		-30	
69	0.3450	-41		-31	
70	0.3500	-41		-31	
71	0.3550	-41		-32	
72	0.3600	-42		-32	
73	0.3650	-42		-32	
74	0.3700	-42		-33	
75	0.3750	-42		-33	
76	0.3800	-42		-33	
77	0.3850	-42		-34	
78	0.3900	-42		-34	
79	0.3950	-42		-34	
80	0.4000	-42		-34	
81	0.4050	-42		-34	
82	0.4100	-42		-35	
83	0.4150	-42		-35	
84	0.4200	-42		-35	
85	0.4250	-42		-35	
86	0.4300	-42		-36	
87	0.4350	-42		-36	
88	0.4400	-42		-36	
89	0.4450	-42		-36	
90	0.4500	-42		-36	
91	0.4550	-42		-36	
92	0.4600	-42		-36	
93	0.4650	-42		-36	
94	0.4700	-42		-36	
95	0.4750	-42		-36	
96	0.4800	-41		-36	
97	0.4850	-41		-36	
98	0.4900	-41		-36	
99	0.4950	-41		-36	
100	0.5000	-40		-36	
101	0.5050	-40		-36	
102	0.5100	-40		-36	
103	0.5150	-40		-36	
104	0.5200	-40		-36	
105	0.5250	-39		-36	
106	0.5300	-39		-35	
107	0.5350	-39		-35	
108	0.5400	-38		-35	
109	0.5450	-38		-34	
110	0.5500	-38		-34	
111	0.5550	-38		-34	
112	0.5600	-37		-34	
113	0.5650	-37		-34	
114	0.5700	-36		-33	
115	0.5750	-36		-33	
116	0.5800	-36		-33	
117	0.5850	-35		-32	
118	0.5900	-35		-32	
119	0.5950	-34		-32	
120	0.6000	-34		-31	
121	0.6050	-34		-31	
122	0.6100	-33		-30	
123	0.6150	-32		-30	
124	0.6200	-32		-30	
125	0.6250	-32		-30	
126	0.6300	-31		-29	
127	0.6350	-31		-28	
128	0.6400	-30		-28	
129	0.6450	-30		-28	
130	0.6500	-29		-27	
131	0.6550	-29		-27	
132	0.6600	-28		-26	
133	0.6650	-28		-26	
134	0.6700	-27		-25	
135	0.6750	-27		-25	
136	0.6800	-26		-24	
137	0.6850	-26		-24	
138	0.6900	-25		-23	
139	0.6950	-25		-22	
140	0.7000	-24		-22	
141	0.7050	-24		-22	
142	0.7100	-23		-21	
143	0.7150	-22		-20	
144	0.7200	-22		-20	
145	0.7250	-22		-19	
146	0.7300	-21		-18	
147	0.7350	-20		-18	
148	0.7400	-20		-18	
149	0.7450	-19		-17	
150	0.7500	-19		-16	
151	0.7550	-18		-16	
152	0.7600	-18		-15	
153	0.7650	-17		-14	
154	0.7700	-16		-14	
155	0.7750	-16		-13	
156	0.7800	-16		-12	
157	0.7850	-15		-12	
158	0.7900	-14		-11	
159	0.7950	-14		-10	
160	0.8000	-14		-10	
161	0.8050	-13		-9	
162	0.8100	-12		-9	
163	0.8150	-12		-8	
164	0.8200	-12		-8	
165	0.8250	-11		-7	
166	0.8300	-10		-6	
167	0.8350	-10		-6	
168	0.8400	-10		-5	
169	0.8450	-9		-4	
170	0.8500	-9		-4	
171	0.8550	-8		-3	
172	0.8600	-8		-2	
173	0.8650	-7		-2	
174	0.8700	-7		-2	
175	0.8750	-6		-1	
176	0.8800	-6		0	
177	0.8850	-6		0	
178	0.8900	-6		1	
179	0.8950	-5		2	
180	0.9000	-5		2	
181	0.9050	-4		3	
182	0.9100	-4		3	
183	0.9150	-4		4	
184	0.9200	-3		4	
185	0.9250	-3		5	
186	0.9300	-2		5	
187	0.9350	-2		6	
188	0.9400	-2		6	
189	0.9450	-2		7	
190	0.9500	-2		7	
191	0.9550	-1		8	
192	0.9600	-1		8	
193	0.9650	-1		8	
194	0.9700	0		9	
195	0.9750	0		10	
196	0.9800	0		10	
197	0.9850	0		10	
198	0.9900	0		11	
199	0.9950	0		11	
200	1.0000	0		12	
201	1.0050	1		12	
202	1.0100	1		12	
203	1.0150	1		12	
204	1.0200	1		13	
205	1.0250	1		13	
206	1.0300	1		14	
207	1.0350	1		14	
208	1.0400	1		14	
209	1.0450	1		14	
210	1.0500	1		14	
211	1.0550	1		14	
212	1.0600	1		15	
213	1.0650	1		15	
214	1.0700	1		15	
215	1.0750	1		15	
216	1.0800	1		16	
217	1.0850	1		16	
218	1.0900	1		16	
219	1.0950	1		16	
220	1.1000	1		16	
221	1.1050	1		16	
222	1.1100	1		16	
223	1.1150	1		16	
224	1.1200	0		16	
225	1.1250	0		16	
226	1.1300	0		16	
227	1.1350	0		16	
228	1.1400	0		16	
229	1.1450	0		16	
230	1.1500	0		16	
231	1.1550	-1		16	
232	1.1600	-1		16	
233	1.1650	-1		16	
234	1.1700	-2		15	
235	1.1750	-2		15	
236	1.1800	-2		15	
237	1.1850	-2		15	
238	1.1900	-3		14	
239	1.1950	-3		14	
240	1.2000	-3		14	
241	1.2050	-4		14	
242	1.2100	-4		14	
243	1.2150	-4		13	
244	1.2200	-5		13	
245	1.2250	-5		12	
246	1.2300	-6		12	
247	1.2350	-6		12	
248	1.2400	-6		12	
249	1.2450	-7		11	
250	1.2500	-7		11	
251	1.2550	-8		10	
252	1.2600	-8		10	
253	1.2650	-8		10	
254	1.2700	-9		9	
255	1.2750	-9		9	
256	1.2800	-10		8	
257	1.2850	-10		8	
258	1.2900	-11		8	
259	1.2950	-11		7	
260	1.3000	-12		7	
261	1.3050	-12		6	
262	1.3100	-12		6	
263	1.3150	-13		5	
264	1.3200	-14		4	
265	1.3250	-14		4	
266	1.3300	-14		4	
267	1.3350	-15		3	
268	1.3400	-16		2	
269	1.3450	-16		2	
270	1.3500	-16		1	
271	1.3550	-17		1	
272	1.3600	-18		0	
273	1.3650	-18		0	
274	1.3700	-19		-1	
275	1.3750	-19		-2	
276	1.3800	-20		-2	
277	1.3850	-20		-3	
278	1.3900	-21		-3	
279	1.3950	-21		-4	
280	1.4000	-22		-4	
281	1.4050	-22		-5	
282	1.4100	-23		-6	
283	1.4150	-24		-6	
284	1.4200	-24		-7	
285	1.4250	-24		-8	
286	1.4300	-25		-8	
287	1.4350	-26		-9	
288	1.4400	-26		-10	
289	1.4450	-26		-10	
290	1.4500	-27		-11	
291	1.4550	-28		-12	
292	1.4600	-28		-12	
293	1.4650	-28		-12	
294	1.4700	-29		-13	
295	1.4750	-30		-14	
296	1.4800	-30		-14	
297	1.4850	-30		-15	
298	1.4900	-31		-16	
299	1.4950	-31		-16	
300	1.5000	-32		-17	
301	1.5050	-32		-18	
302	1.5100	-33		-18	
303	1.5150	-33		-19	
304	1.5200	-34		-19	
305	1.5250	-34		-20	
306	1.5300	-34		-20	
307	1.5350	-35		-21	
308	1.5400	-35		-22	
309	1.5450	-36		-22	
310	1.5500	-36		-23	
311	1.5550	-36		-23	
312	1.5600	-37		-24	
313	1.5650	-37		-24	
314	1.5700	-37		-25	
315	1.5750	-38		-26	
316	1.5800	-38		-26	
317	1.5850	-38		-26	
318	1.5900	-38		-27	
319	1.5950	-39		-27	
320	1.6000	-39		-28	
321	1.6050	-40		-28	
322	1.6100	-40		-29	
323	1.6150	-40		-29	
324	1.6200	-40		-30	
325	1.6250	-40		-30	
326	1.6300	-41		-30	
327	1.6350	-41		-31	
328	1.6400	-41		-31	
329	1.6450	-41		-32	
330	1.6500	-41		-32	
331	1.6550	-42		-32	
332	1.6600	-42		-32	
333	1.6650	-42		-33	
334	1.6700	-42		-33	
335	1.6750	-42		-34	
336	1.6800	-42		-34	
337	1.6850	-42		-34	
338	1.6900	-42		-34	
339	1.6950	-42		-34	
340	1.7000	-42		-35	
341	1.7050	-42		-35	
342	1.7100	-42		-35	
343	1.7150	-42		-35	
344	1.7200	-42		-36	
345	1.7250	-42		-36	
346	1.7300	-42		-36	
347	1.7350	-42		-36	
348	1.7400	-42		-36	
349	1.7450	-42		-36	
350	1.7500	-42		-36	
351	1.7550	-42		-36	
352	1.7600	-42		-36	
353	1.7650	-42		-36	
354	1.7700	-41		-36	
355	1.7750	-41		-36	
356	1.7800	-41		-36	
357	1.7850	-41		-36	
358	1.7900	-40		-36	
359	1.7950	-40		-36	
360	1.8000	-40		-36	
361	1.8050	-40		-36	
362	1.8100	-40		-36	
363	1.8150	-39		-36	
364	1.8200	-39		-35	
365	1.8250	-39		-35	
366	1.8300	-38		-35	
367	1.8350	-38		-35	
368	1.8400	-38		-34	
369	1.8450	-38		-34	
370	1.8500	-37		-34	
371	1.8550	-37		-34	
372	1.8600	-36		-34	
373	1.8650	-36		-33	
374	1.8700	-36		-33	
375	1.8750	-36		-32	
376	1.8800	-35		-32	
377	1.8850	-34		-32	
378	1.8900	-34		-32	
379	1.8950	-34		-31	
380	1.9000	-33		-31	
381	1.9050	-33		-30	
382	1.9100	-32		-30	
383	1.9150	-32		-30	
384	1.9200	-32		-29	
385	1.9250	-31		-29	
386	1.9300	-30		-28	
387	1.9350	-30		-28	
388	1.9400	-30		-27	
389	1.9450	-29		-27	
390	1.9500	-28		-26	
391	1.9550	-28		-26	
392	1.9600	-28		-26	
393	1.9650	-27		-25	
394	1.9700	-26		-24	
395	1.9750	-26		-24	
396	1.9800	-26		-23	
397	1.9850	-25		-23	
398	1.9900	-24		-22	
399	1.9950	-24		-22	
400	2.0000	-23		-21	
401	2.0050	-23		-20	
402	2.0100	-22		-20	
403	2.0150	-22		-19	
404	2.0200	-21		-19	
405	2.0250	-21		-18	
406	2.0300	-20		-18	
407	2.0350	-20		-17	
408	2.0400	-19		-16	
409	2.0450	-18		-16	
410	2.0500	-18		-15	
411	2.0550	-17		-14	
412	2.0600	-17		-14	
413	2.0650	-16		-13	
414	2.0700	-16		-13	
415	2.0750	-15		-12	
416	2.0800	-15		-12	
417	2.0850	-14		-11	
418	2.0900	-14		-10	
419	2.0950	-13		-10	
420	2.1000	-13		-9	
421	2.1050	-12		-8	
422	2.1100	-12		-8	
423	2.1150	-11		-7	
424	2.1200	-11		-6	
425	2.1250	-10		-6	
426	2.1300	-10		-5	
427	2.1350	-9		-5	
428	2.1400	-9		-4	
429	2.1450	-8		-4	
430	2.1500	-8		-3	
431	2.1550	-8		-2	
432	2.1600	-7		-2	
433	2.1650	-7		-1	
434	2.1700	-6		0	
435	2.1750	-6		0	
436	2.1800	-6		1	
437	2.1850	-5		1	
438	2.1900	-5		2	
439	2.1950	-4		2	
440	2.2000	-4		3	
441	2.2050	-4		4	
442	2.2100	-4		4	
443	2.2150	-3		4	
444	2.2200	-3		5	
445	2.2250	-2		6	
446	2.2300	-2		6	
447	2.2350	-2		6	
448	2.2400	-2		7	
449	2.2450	-1		8	
450	2.2500	-1		8	
451	2.2550	-1		8	
452	2.2600	-1		9	
453	2.2650	0		9	
454	2.2700	0		10	
455	2.2750	0		10	
456	2.2800	0		10	
457	2.2850	0		11	
458	2.2900	0		11	
459	2.2950	1		12	
460	2.3000	1		12	
461	2.3050	1		12	
462	2.3100	1		12	
463	2.3150	1		13	
464	2.3200	1		13	
465	2.3250	1		14	
466	2.3300	1		14	
467	2.3350	1		14	
468	2.3400	1		14	
469	2.3450	1		14	
470	2.3500	1		14	
471	2.3550	1		15	
472	2.3600	1		15	
473	2.3650	1		15	
474	2.3700	1		15	
475	2.3750	1		16	
476	2.3800	1		16	
477	2.3850	1		16	
478	2.3900	1		16	
479	2.3950	1		16	
480	2.4000	1		16	
481	2.4050	1		16	
482	2.4100	1		16	
483	2.4150	0		16	
484	2.4200	0		16	
485	2.4250	0		16	
486	2.4300	0		16	
487	2.4350	0		16	
488	2.4400	0		16	
489	2.4450	-1		16	
490	2.4500	-1		16	
491	2.4550	-1		16	
492	2.4600	-1		15	
493	2.4650	-2		15	
494	2.4700	-2		15	
495	2.4750	-2		15	
496	2.4800	-2		14	
497	2.4850	-3		14	
498	2.4900	-3		14	
499	2.4950	-4		14	
500	2.5000	-4		14	
501	2.5050	-4		13	
502	2.5100	-4		13	
503	2.5150	-5		13	
504	2.5200	-5		12	
505	2.5250	-6		12	
506	2.5300	-6		12	
507	2.5350	-6		11	
508	2.5400	-7		11	
509	2.5450	-7		10	
510	2.5500	-8		10	
511	2.5550	-8		10	
512	2.5600	-8		10	
513	2.5650	-9		9	
514	2.5700	-10		8	
515	2.5750	-10		8	
516	2.5800	-10		8	
517	2.5850	-11		7	
518	2.5900	-12		7	
519	2.5950	-12		6	
520	2.6000	-12		6	
521	2.6050	-13		5	
522	2.6100	-13		5	
523	2.6150	-14		4	
524	2.6200	-14		4	
525	2.6250	-15		3	
526	2.6300	-15		2	
527	2.6350	-16		2	
528	2.6400	-16		2	
529	2.6450	-17		1	
530	2.6500	-17		0	
531	2.6550	-18		0	
532	2.6600	-18		-1	
533	2.6650	-19		-2	
534	2.6700	-20		-2	
535	2.6750	-20		-2	
536	2.6800	-20		-3	
537	2.6850	-21		-4	
538	2.6900	-22		-4	
539	2.6950	-22		-5	
540	2.7000	-22		-6	
541	2.7050	-23		-6	
542	2.7100	-24		-7	
543	2.7150	-24		-8	
544	2.7200	-25		-8	
545	2.7250	-25		-9	
546	2.7300	-26		-9	
547	2.7350	-26		-10	
548	2.7400	-27		-10	
549	2.7450	-27		-11	
550	2.7500	-28		-12	
551	2.7550	-28		-12	
552	2.7600	-29		-13	
553	2.7650	-29		-14	
554	2.7700	-30		-14	
555	2.7750	-30		-15	
556	2.7800	-31		-16	
557	2.7850	-31		-16	
558	2.7900	-32		-17	
559	2.7950	-32		-17	
560	2.8000	-32		-18	
561	2.8050	-33		-18	
562	2.8100	-33		-19	
563	2.8150	-34		-20	
564	2.8200	-34		-20	
565	2.8250	-34		-21	
566	2.8300	-35		-22	
567	2.8350	-36		-22	
568	2.8400	-36		-22	
569	2.8450	-36		-23	
570	2.8500	-36		-24	
571	2.8550	-37		-24	
572	2.8600	-37		-25	
573	2.8650	-38		-25	
574	2.8700	-38		-26	
575	2.8750	-38		-26	
576	2.8800	-38		-27	
577	2.8850	-39		-27	
578	2.8900	-39		-28	
579	2.8950	-39		-28	
580	2.9000	-40		-28	
581	2.9050	-40		-29	
582	2.9100	-40		-30	
583	2.9150	-40		-30	
584	2.9200	-40		-30	
585	2.9250	-41		-31	
586	2.9300	-41		-31	
587	2.9350	-41		-32	
588	2.9400	-41		-32	
589	2.9450	-42		-32	
590	2.9500	-42		-32	
591	2.9550	-42		-33	
592	2.9600	-42		-33	
593	2.9650	-42		-33	
594	2.9700	-42		-34	
595	2.9750	-42		-34	
596	2.9800	-42		-34	
597	2.9850	-42		-34	
598	2.9900	-42		-34	
599	2.9950	-42		-35	
600	3.0000	-42		-35	
601	3.0050	-42		-35	
602	3.0100	-42		-35	
603	3.0150	-42		-36	
604	3.0200	-42		-36	
605	3.0250	-42		-36	
606	3.0300	-42		-36	
607	3.0350	-42		-36	
608	3.0400	-42		-36	
609	3.0450	-42		-36	
610	3.0500	-42		-36	
611	3.0550	-42		-36	
612	3.0600	-42		-36	
613	3.0650	-41		-36	
614	3.0700	-41		-36	
615	3.0750	-41		-36	
616	3.0800	-41		-36	
617	3.0850	-40		-36	
618	3.0900	-40		-36	
619	3.0950	-40		-36	
620	3.1000	-40		-36	
621	3.1050	-39		-36	
622	3.1100	-39		-35	
623	3.1150	-39		-35	
624	3.1200	-38		-35	
625	3.1250	-38		-35	
626	3.1300	-38		-34	
627	3.1350	-38		-34	
628	3.1400	-38		-34	
629	3.1450	-37		-34	
630	3.1500	-37		-34	
631	3.1550	-36		-33	
632	3.1600	-36		-33	
633	3.1650	-36		-32	
634	3.1700	-35		-32	
635	3.1750	-35		-32	
636	3.1800	-34		-32	
637	3.1850	-34		-31	
638	3.1900	-33		-31	
639	3.1950	-33		-30	
640	3.2000	-32		-30	
641	3.2050	-32		-30	
642	3.2100	-32		-29	
643	3.2150	-31		-29	
644	3.2200	-31		-28	
645	3.2250	-30		-28	
646	3.2300	-30		-28	
647	3.2350	-29		-27	
648	3.2400	-29		-26	
649	3.2450	-28		-26	
650	3.2500	-28		-26	
651	3.2550	-27		-25	
652	3.2600	-26		-24	
653	3.2650	-26		-24	
654	3.2700	-26		-24	
655	3.2750	-25		-23	
656	3.2800	-24		-22	
657	3.2850	-24		-22	
658	3.2900	-24		-21	
659	3.2950	-23		-21	
660	3.3000	-22		-20	
661	3.3050	-22		-20	
662	3.3100	-22		-19	
663	3.3150	-21		-18	
664	3.3200	-20		-18	
665	3.3250	-20		-17	
666	3.3300	-19		-17	
667	3.3350	-19		-16	
668	3.3400	-18		-16	
669	3.3450	-18		-15	
670	3.3500	-17		-14	
671	3.3550	-16		-14	
672	3.3600	-16		-13	
673	3.3650	-16		-12	
674	3.3700	-15		-12	
675	3.3750	-14		-11	
676	3.3800	-14		-10	
677	3.3850	-14		-10	
678	3.3900	-13		-9	
679	3.3950	-12		-9	
680	3.4000	-12		-8	
681	3.4050	-12		-8	
682	3.4100	-11		-7	
683	3.4150	-10		-6	
684	3.4200	-10		-6	
685	3.4250	-10		-5	
686	3.4300	-9		-4	
687	3.4350	-8		-4	
688	3.4400	-8		-3	
689	3.4450	-8		-2	
690	3.4500	-7		-2	
691	3.4550	-7		-1	
692	3.4600	-6		-1	
693	3.4650	-6		0	
694	3.4700	-6		0	
695	3.4750	-5		1	
696	3.4800	-5		2	
697	3.4850	-5		2	
698	3.4900	-4		2	
699	3.4950	-4		3	
700	3.5000	-4		4	
701	3.5050	-3		4	
702	3.5100	-3		5	
703	3.5150	-2		5	
704	3.5200	-2		6	
705	3.5250	-2		6	
706	3.5300	-2		7	
707	3.5350	-2		7	
708	3.5400	-1		8	
709	3.5450	-1		8	
710	3.5500	-1		8	
711	3.5550	0		9	
712	3.5600	0		10	
713	3.5650	0		10	
714	3.5700	0		10	
715	3.5750	0		11	
716	3.5800	0		11	
717	3.5850	1		12	
718	3.5900	1		12	
719	3.5950	1		12	
720	3.6000	1		12	
721	3.6050	1		13	
722	3.6100	1		13	
723	3.6150	1		13	
724	3.6200	1		14	
725	3.6250	1		14	
726	3.6300	1		14	
727	3.6350	2		14	
728	3.6400	2		14	
729	3.6450	2		15	
730	3.6500	2		15	
731	3.6550	2		15	
732	3.6600	2		15	
733	3.6650	2		15	
734	3.6700	2		16	
735	3.6750	1		16	
736	3.6800	1		16	
737	3.6850	1		16	
738	3.6900	1		16	
739	3.6950	1		16	
740	3.7000	1		16	
741	3.7050	0		16	
742	3.7100	0		16	
743	3.7150	0		16	
744	3.7200	0		16	
745	3.7250	0		16	
746	3.7300	0		16	
747	3.7350	0		16	
748	3.7400	-1		16	
749	3.7450	-1		15	
750	3.7500	-1		15	
751	3.7550	-2		15	
752	3.7600	-2		15	
753	3.7650	-2		15	
754	3.7700	-2		14	
755	3.7750	-2		14	
756	3.7800	-3		14	
757	3.7850	-3		14	
758	3.7900	-4		14	
759	3.7950	-4		13	
760	3.8000	-4		13	
761	3.8050	-5		13	
762	3.8100	-5		12	
763	3.8150	-6		12	
764	3.8200	-6		12	
765	3.8250	-6		12	
766	3.8300	-7		11	
767	3.8350	-7		11	
768	3.8400	-8		10	
769	3.8450	-8		10	
770	3.8500	-8		10	
771	3.8550	-9		9	
772	3.8600	-9		8	
773	3.8650	-10		8	
774	3.8700	-10		8	
775	3.8750	-10		7	
776	3.8800	-11		7	
777	3.8850	-12		6	
778	3.8900	-12		6	
779	3.8950	-12		6	
780	3.9000	-13		5	
781	3.9050	-14		4	
782	3.9100	-14		4	
783	3.9150	-14		3	
784	3.9200	-15		3	
785	3.9250	-16		2	
786	3.9300	-16		2	
787	3.9350	-16		1	
788	3.9400	-17		0	
789	3.9450	-18		0	
790	3.9500	-18		0	
791	3.9550	-19		-1	
792	3.9600	-19		-2	
793	3.9650	-20		-2	
794	3.9700	-20		-3	
795	3.9750	-21		-4	
796	3.9800	-21		-4	
797	3.9850	-22		-5	
798	3.9900	-22		-5	
799	3.9950	-23		-6	
800	4.0000	-23		-6	
801	4.0050	-24		-7	
802	4.0100	-24		-8	
803	4.0150	-25		-8	
804	4.0200	-26		-9	
805	4.0250	-26		-10	
806	4.0300	-26		-10	
807	4.0350	-27		-11	
808	4.0400	-28		-12	
809	4.0450	-28		-12	
810	4.0500	-28		-13	
811	4.0550	-29		-13	
812	4.0600	-30		-14	
813	4.0650	-30		-14	
814	4.0700	-30		-15	
815	4.0750	-31		-16	
816	4.0800	-31		-16	
817	4.0850	-32		-17	
818	4.0900	-32		-18	
819	4.0950	-32		-18	
820	4.1000	-33		-19	
821	4.1050	-34		-20	
822	4.1100	-34		-20	
823	4.1150	-34		-20	
824	4.1200	-35		-21	
825	4.1250	-35		-22	
826	4.1300	-36		-22	
827	4.1350	-36		-23	
828	4.1400	-36		-23	
829	4.1450	-37		-24	
830	4.1500	-37		-24	
831	4.1550	-37		-25	
832	4.1600	-38		-26	
833	4.1650	-38		-26	
834	4.1700	-38		-26	
835	4.1750	-38		-27	
836	4.1800	-39		-28	
837	4.1850	-39		-28	
838	4.1900	-40		-28	
839	4.1950	-40		-29	
840	4.2000	-40		-29	
841	4.2050	-40		-30	
842	4.2100	-40		-30	
843	4.2150	-40		-30	
844	4.2200	-41		-31	
845	4.2250	-41		-31	
846	4.2300	-41		-32	
847	4.2350	-41		-32	
848	4.2400	-42		-32	
849	4.2450	-42		-32	
850	4.2500	-42		-33	
851	4.2550	-42		-33	
852	4.2600	-42		-34	
853	4.2650	-42		-34	
854	4.2700	-42		-34	
855	4.2750	-42		-34	
856	4.2800	-42		-34	
857	4.2850	-42		-35	
858	4.2900	-42		-35	
859	4.2950	-42		-35	
860	4.3000	-42		-35	
861	4.3050	-42		-36	
862	4.3100	-42		-36	
863	4.3150	-42		-36	
864	4.3200	-42		-36	
865	4.3250	-42		-36	
866	4.3300	-42		-36	
867	4.3350	-42		-36	
868	4.3400	-42		-36	
869	4.3450	-42		-36	
870	4.3500	-42		-36	
871	4.3550	-41		-36	
872	4.3600	-41		-36	
873	4.3650	-41		-36	
874	4.3700	-41		-36	
875	4.3750	-40		-36	
876	4.3800	-40		-36	
877	4.3850	-40		-36	
878	4.3900	-40		-36	
879	4.3950	-40		-36	
880	4.4000	-39		-36	
881	4.4050	-39		-35	
882	4.4100	-39		-35	
883	4.4150	-38		-35	
884	4.4200	-38		-35	
885	4.4250	-38		-34	
886	4.4300	-38		-34	
887	4.4350	-37		-34	
888	4.4400	-37		-34	
889	4.4450	-36		-34	
890	4.4500	-36		-33	
891	4.4550	-36		-33	
892	4.4600	-35		-32	
893	4.4650	-35		-32	
894	4.4700	-34		-32	
895	4.4750	-34		-32	
896	4.4800	-34		-31	
897	4.4850	-33		-31	
898	4.4900	-33		-30	
899	4.4950	-32		-30	
900	4.5000	-32		-30	
901	4.5050	-31		-29	
902	4.5100	-31		-29	
903	4.5150	-30		-28	
904	4.5200	-30		-28	
905	4.5250	-30		-27	
906	4.5300	-29		-27	
907	4.5350	-28		-26	
908	4.5400	-28		-26	
909	4.5450	-28		-26	
910	4.5500	-27		-25	
911	4.5550	-26		-24	
912	4.5600	-26		-24	
913	4.5650	-25		-23	
914	4.5700	-25		-23	
915	4.5750	-24		-22	
916	4.5800	-24		-22	
917	4.5850	-23		-21	
918	4.5900	-23		-20	
919	4.5950	-22		-20	
920	4.6000	-22		-20	
921	4.6050	-21		-19	
922	4.6100	-20		-18	
923	4.6150	-20		-18	
924	4.6200	-20		-17	
925	4.6250	-19		-16	
926	4.6300	-18		-16	
927	4.6350	-18		-15	
928	4.6400	-17		-14	
929	4.6450	-17		-14	
930	4.6500	-16		-13	
931	4.6550	-16		-13	
932	4.6600	-15		-12	
933	4.6650	-14		-12	
934	4.6700	-14		-11	
935	4.6750	-14		-10	
936	4.6800	-13		-10	
937	4.6850	-13		-9	
938	4.6900	-12		-8	
939	4.6950	-12		-8	
940	4.7000	-11		-7	
941	4.7050	-11		-6	
942	4.7100	-10		-6	
943	4.7150	-10		-5	
944	4.7200	-9		-5	
945	4.7250	-9		-4	
946	4.7300	-8		-4	
947	4.7350	-8		-3	
948	4.7400	-8		-2	
949	4.7450	-7		-2	
950	4.7500	-7		-1	
951	4.7550	-6		0	
952	4.7600	-6		0	
953	4.7650	-6		1	
954	4.7700	-5		1	
955	4.7750	-5		2	
956	4.7800	-4		2	
957	4.7850	-4		3	
958	4.7900	-4		4	
959	4.7950	-3		4	
960	4.8000	-3		4	
961	4.8050	-3		5	
962	4.8100	-2		6	
963	4.8150	-2		6	
964	4.8200	-2		6	
965	4.8250	-2		7	
966	4.8300	-1		8	
967	4.8350	-1		8	
968	4.8400	-1		8	
969	4.8450	0		9	
970	4.8500	0		9	
971	4.8550	0		10	
972	4.8600	0		10	
973	4.8650	0		10	
974	4.8700	0		11	
975	4.8750	0		11	
976	4.8800	1		12	
977	4.8850	1		12	
978	4.8900	1		12	
979	4.8950	1		12	
980	4.9000	1		13	
981	4.9050	1		13	
982	4.9100	1		14	
983	4.9150	1		14	
984	4.9200	2		14	
985	4.9250	2		14	
986	4.9300	2		14	
987	4.9350	2		15	
988	4.9400	2		15	
989	4.9450	2		15	
990	4.9500	2		15	
991	4.9550	2		16	
992	4.9600	2		16	
993	4.9650	1		16	
994	4.9700	1		16	
995	4.9750	1		16	
996	4.9800	1		16	
997	4.9850	1		16	
998	4.9900	1		16	
999	4.9950	1		16	
1000	5.0000	0		16	
1001	5.0050	0		16	
1002	5.0100	0		16	
1003	5.0150	0		16	
1004	5.0200	0		16	
1005	5.0250	0		16	
1006	5.0300	-1		16	
1007	5.0350	-1		16	
1008	5.0400	-1		16	
1009	5.0450	-1		15	
1010	5.0500	-2		15	
1011	5.0550	-2		15	
1012	5.0600	-2		15	
1013	5.0650	-2		14	
1014	5.0700	-3		14	
1015	5.0750	-3		14	
1016	5.0800	-4		14	
1017	5.0850	-4		14	
1018	5.0900	-4		14	
1019	5.0950	-4		13	
1020	5.1000	-5		13	
1021	5.1050	-5		12	
1022	5.1100	-6		12	
1023	5.1150	-6		12	
1024	5.1200	-6		12	
1025	5.1250	-7		11	
1026	5.1300	-7		11	
1027	5.1350	-8		10	
1028	5.1400	-8		10	
1029	5.1450	-8		10	
1030	5.1500	-9		9	
1031	5.1550	-10		9	
1032	5.1600	-10		8	
1033	5.1650	-10		8	
1034	5.1700	-11		7	
1035	5.1750	-11		7	
1036	5.1800	-12		6	
1037	5.1850	-12		6	
1038	5.1900	-13		6	
1039	5.1950	-13		5	
1040	5.2000	-14		4	
1041	5.2050	-14		4	
1042	5.2100	-15		3	
1043	5.2150	-15		3	
1044	5.2200	-16		2	
1045	5.2250	-16		2	
1046	5.2300	-17		1	
1047	5.2350	-17		0	
1048	5.2400	-18		0	
1049	5.2450	-18		-1	
1050	5.2500	-19		-1	
1051	5.2550	-20		-2	
1052	5.2600	-20		-2	
1053	5.2650	-20		-3	
1054	5.2700	-21		-4	
1055	5.2750	-22		-4	
1056	5.2800	-22		-5	
1057	5.2850	-22		-6	
1058	5.2900	-23		-6	
1059	5.2950	-24		-7	
1060	5.3000	-24		-7	
1061	5.3050	-25		-8	
1062	5.3100	-25		-8	
1063	5.3150	-26		-9	
1064	5.3200	-26		-10	
1065	5.3250	-27		-10	
1066	5.3300	-27		-11	
1067	5.3350	-28		-12	
1068	5.3400	-28		-12	
1069	5.3450	-29		-13	
1070	5.3500	-29		-14	
1071	5.3550	-30		-14	
1072	5.3600	-30		-15	
1073	5.3650	-31		-16	
1074	5.3700	-31		-16	
1075	5.3750	-32		-17	
1076	5.3800	-32		-17	
1077	5.3850	-32		-18	
1078	5.3900	-33		-18	
1079	5.3950	-33		-19	
1080	5.4000	-34		-20	
1081	5.4050	-34		-20	
1082	5.4100	-34		-21	
1083	5.4150	-35		-21	
1084	5.4200	-36		-22	
1085	5.4250	-36		-22	
1086	5.4300	-36		-23	
1087	5.4350	-36		-24	
1088	5.4400	-37		-24	
1089	5.4450	-37		-24	
1090	5.4500	-38		-25	
1091	5.4550	-38		-26	
1092	5.4600	-38		-26	
1093	5.4650	-38		-27	
1094	5.4700	-39		-27	
1095	5.4750	-39		-28	
1096	5.4800	-39		-28	
1097	5.4850	-40		-28	
1098	5.4900	-40		-29	
1099	5.4950	-40		-30	
1100	5.5000	-40		-30	
1101	5.5050	-40		-30	
1102	5.5100	-41		-31	
1103	5.5150	-41		-31	
1104	5.5200	-41		-32	
1105	5.5250	-41		-32	
1106	5.5300	-42		-32	
1107	5.5350	-42		-32	
1108	5.5400	-42		-33	
1109	5.5450	-42		-33	
1110	5.5500	-42		-33	
1111	5.5550	-42		-34	
1112	5.5600	-42		-34	
1113	5.5650	-42		-34	
1114	5.5700	-42		-34	
1115	5.5750	-42		-34	
1116	5.5800	-42		-35	
1117	5.5850	-42		-35	
1118	5.5900	-42		-35	
1119	5.5950	-42		-35	
1120	5.6000	-42		-36	
1121	5.6050	-42		-36	
1122	5.6100	-42		-36	
1123	5.6150	-42		-36	
1124	5.6200	-42		-36	
1125	5.6250	-42		-36	
1126	5.6300	-42		-36	
1127	5.6350	-42		-36	
1128	5.6400	-42		-36	
1129	5.6450	-41		-36	
1130	5.6500	-41		-36	
1131	5.6550	-41		-36	
1132	5.6600	-41		-36	
1133	5.6650	-41		-36	
1134	5.6700	-40		-36	
1135	5.6750	-40		-36	
1136	5.6800	-40		-36	
1137	5.6850	-40		-36	
1138	5.6900	-40		-36	
1139	5.6950	-39		-35	
1140	5.7000	-39		-35	
1141	5.7050	-38		-35	
1142	5.7100	-38		-35	
1143	5.7150	-38		-34	
1144	5.7200	-38		-34	
1145	5.7250	-37		-34	
1146	5.7300	-37		-34	
1147	5.7350	-36		-34	
1148	5.7400	-36		-33	
1149	5.7450	-36		-33	
1150	5.7500	-36		-32	
1151	5.7550	-35		-32	
1152	5.7600	-34		-32	
1153	5.7650	-34		-32	
1154	5.7700	-34		-31	
1155	5.7750	-33		-31	
1156	5.7800	-33		-30	
1157	5.7850	-32		-30	
1158	5.7900	-32		-30	
1159	5.7950	-32		-29	
1160	5.8000	-31		-29	
1161	5.8050	-30		-28	
1162	5.8100	-30		-28	
1163	5.8150	-30		-28	
1164	5.8200	-29		-27	
1165	5.8250	-29		-26	
1166	5.8300	-28		-26	
1167	5.8350	-28		-26	
1168	5.8400	-27		-25	
1169	5.8450	-26		-24	
1170	5.8500	-26		-24	
1171	5.8550	-26		-24	
1172	5.8600	-25		-23	
1173	5.8650	-24		-22	
1174	5.8700	-24		-22	
1175	5.8750	-24		-21	
1176	5.8800	-23		-21	
1177	5.8850	-22		-20	
1178	5.8900	-22		-20	
1179	5.8950	-21		-19	
1180	5.9000	-21		-18	
1181	5.9050	-20		-18	
1182	5.9100	-20		-17	
1183	5.9150	-19		-17	
1184	5.9200	-19		-16	
1185	5.9250	-18		-16	
1186	5.9300	-18		-15	
1187	5.9350	-17		-14	
1188	5.9400	-16		-14	
1189	5.9450	-16		-13	
1190	5.9500	-15		-12	
1191	5.9550	-15		-12	
1192	5.9600	-14		-11	
1193	5.9650	-14		-10	
1194	5.9700	-14		-10	
1195	5.9750	-13		-9	
1196	5.9800	-12		-8	
1197	5.9850	-12		-8	
1198	5.9900	-12		-8	
1199	5.9950	-11		-7	
1200	6.0000	-10		-6	
1201	6.0050	-10		-6	
1202	6.0100	-10		-5	
1203	6.0150	-9		-4	
1204	6.0200	-8		-4	
1205	6.0250	-8		-3	
1206	6.0300	-8		-2	
1207	6.0350	-7		-2	
1208	6.0400	-7		-1	
1209	6.0450	-6		-1	
1210	6.0500	-6		0	
1211	6.0550	-6		0	
1212	6.0600	-5		1	
1213	6.0650	-5		2	
1214	6.0700	-4		2	
1215	6.0750	-4		3	
1216	6.0800	-4		3	
1217	6.0850	-4		4	
1218	6.0900	-3		4	
1219	6.0950	-3		5	
1220	6.1000	-2		6	
1221	6.1050	-2		6	
1222	6.1100	-2		6	
1223	6.1150	-2		7	
1224	6.1200	-2		8	
1225	6.1250	-1		8	
1226	6.1300	-1		8	
1227	6.1350	-1		9	
1228	6.1400	0		9	
1229	6.1450	0		10	
1230	6.1500	0		10	
1231	6.1550	0		10	
1232	6.1600	0		11	
1233	6.1650	0		11	
1234	6.1700	1		12	
1235	6.1750	1		12	
1236	6.1800	1		12	
1237	6.1850	1		12	
1238	6.1900	1		13	
1239	6.1950	1		13	
1240	6.2000	1		14	
1241	6.2050	1		14	
1242	6.2100	1		14	
1243	6.2150	1		14	
1244	6.2200	2		14	
1245	6.2250	2		15	
1246	6.2300	2		15	
1247	6.2350	2		15	
1248	6.2400	2		15	
1249	6.2450	2		15	
1250	6.2500	2		16	
1251	6.2550	2		16	
1252	6.2600	1		16	
1253	6.2650	1		16	
1254	6.2700	1		16	
1255	6.2750	1		16	
1256	6.2800	1		16	
1257	6.2850	1		16	
1258	6.2900	0		16	
1259	6.2950	0		16	
1260	6.3000	0		16	
1261	6.3050	0		16	
1262	6.3100	0		16	
1263	6.3150	0		16	
1264	6.3200	0		16	
1265	6.3250	-1		16	
1266	6.3300	-1		16	
1267	6.3350	-1		16	
1268	6.3400	-2		15	
1269	6.3450	-2		15	
1270	6.3500	-2		15	
1271	6.3550	-2		15	
1272	6.3600	-3		14	
1273	6.3650	-3		14	
1274	6.3700	-3		14	
1275	6.3750	-4		14	
1276	6.3800	-4		14	
1277	6.3850	-4		13	
1278	6.3900	-5		13	
1279	6.3950	-5		12	
1280	6.4000	-6		12	
1281	6.4050	-6		12	
1282	6.4100	-6		12	
1283	6.4150	-7		11	
1284	6.4200	-7		11	
1285	6.4250	-8		10	
1286	6.4300	-8		10	
1287	6.4350	-8		10	
1288	6.4400	-9		9	
1289	6.4450	-9		9	
1290	6.4500	-10		8	
1291	6.4550	-10		8	
1292	6.4600	-11		8	
1293	6.4650	-11		7	
1294	6.4700	-12		6	
1295	6.4750	-12		6	
1296	6.4800	-12		6	
1297	6.4850	-13		5	
1298	6.4900	-14		4	
1299	6.4950	-14		4	
1300	6.5000	-14		4	
1301	6.5050	-15		3	
1302	6.5100	-16		2	
1303	6.5150	-16		2	
1304	6.5200	-16		1	
1305	6.5250	-17		1	
1306	6.5300	-18		0	
1307	6.5350	-18		0	
1308	6.5400	-19		-1	
1309	6.5450	-19		-2	
1310	6.5500	-20		-2	
1311	6.5550	-20		-3	
1312	6.5600	-21		-4	
1313	6.5650	-21		-4	
1314	6.5700	-22		-5	
1315	6.5750	-22		-5	
1316	6.5800	-23		-6	
1317	6.5850	-24		-6	
1318	6.5900	-24		-7	
1319	6.5950	-24		-8	
1320	6.6000	-25		-8	
1321	6.6050	-26		-9	
1322	6.6100	-26		-10	
1323	6.6150	-26		-10	
1324	6.6200	-27		-11	
1325	6.6250	-28		-12	
1326	6.6300	-28		-12	
1327	6.6350	-28		-13	
1328	6.6400	-29		-14	
1329	6.6450	-30		-14	
1330	6.6500	-30		-14	
1331	6.6550	-30		-15	
1332	6.6600	-31		-16	
1333	6.6650	-31		-16	
1334	6.6700	-32		-17	
1335	6.6750	-32		-18	
1336	6.6800	-32		-18	
1337	6.6850	-33		-19	
1338	6.6900	-34		-20	
1339	6.6950	-34		-20	
1340	6.7000	-34		-20	
1341	6.7050	-35		-21	
1342	6.7100	-35		-22	
1343	6.7150	-36		-22	
1344	6.7200	-36		-23	
1345	6.7250	-36		-24	
1346	6.7300	-37		-24	
1347	6.7350	-37		-24	
1348	6.7400	-37		-25	
1349	6.7450	-38		-26	
1350	6.7500	-38		-26	
1351	6.7550	-38		-26	
1352	6.7600	-38		-27	
1353	6.7650	-39		-28	
1354	6.7700	-39		-28	
1355	6.7750	-40		-28	
1356	6.7800	-40		-29	
1357	6.7850	-40		-29	
1358	6.7900	-40		-30	
1359	6.7950	-40		-30	
1360	6.8000	-40		-30	
1361	6.8050	-41		-31	
1362	6.8100	-41		-31	
1363	6.8150	-41		-32	
1364	6.8200	-41		-32	
1365	6.8250	-42		-32	
1366	6.8300	-42		-33	
1367	6.8350	-42		-33	
1368	6.8400	-42		-33	
1369	6.8450	-42		-34	
1370	6.8500	-42		-34	
1371	6.8550	-42		-34	
1372	6.8600	-42		-34	
1373	6.8650	-42		-34	
1374	6.8700	-42		-35	
1375	6.8750	-42		-35	
1376	6.8800	-42		-35	
1377	6.8850	-42		-35	
1378	6.8900	-42		-36	
1379	6.8950	-42		-36	
1380	6.9000	-42		-36	
1381	6.9050	-42		-36	
1382	6.9100	-42		-36	
1383	6.9150	-42		-36	
1384	6.9200	-42		-36	
1385	6.9250	-42		-36	
1386	6.9300	-42		-36	
1387	6.9350	-42		-36	
1388	6.9400	-41		-36	
1389	6.9450	-41		-36	
1390	6.9500	-41		-36	
1391	6.9550	-41		-36	
1392	6.9600	-40		-36	
1393	6.9650	-40		-36	
1394	6.9700	-40		-36	
1395	6.9750	-40		-36	
1396	6.9800	-40		-36	
1397	6.9850	-39		-36	
1398	6.9900	-39		-35	
1399	6.9950	-39		-35	
1400	7.0000	-38		-35	
1401	7.0050	-38		-35	
1402	7.0100	-38		-34	
1403	7.0150	-38		-34	
1404	7.0200	-37		-34	
1405	7.0250	-37		-34	
1406	7.0300	-36		-34	
1407	7.0350	-36		-33	
1408	7.0400	-36		-33	
1409	7.0450	-35		-32	
1410	7.0500	-35		-32	
1411	7.0550	-34		-32	
1412	7.0600	-34		-32	
1413	7.0650	-34		-31	
1414	7.0700	-33		-31	
1415	7.0750	-33		-30	
1416	7.0800	-32		-30	
1417	7.0850	-32		-30	
1418	7.0900	-31		-29	
1419	7.0950	-31		-29	
1420	7.1000	-30		-28	
1421	7.1050	-30		-28	
1422	7.1100	-30		-27	
1423	7.1150	-29		-27	
1424	7.1200	-28		-26	
1425	7.1250	-28		-26	
1426	7.1300	-27		-25	
1427	7.1350	-27		-25	
1428	7.1400	-26		-24	
1429	7.1450	-26		-24	
1430	7.1500	-25		-23	
1431	7.1550	-25		-23	
1432	7.1600	-24		-22	
1433	7.1650	-24		-22	
1434	7.1700	-23		-21	
1435	7.1750	-22		-20	
1436	7.1800	-22		-20	
1437	7.1850	-22		-19	
1438	7.1900	-21		-19	
1439	7.1950	-20		-18	
1440	7.2000	-20		-18	
1441	7.2050	-20		-17	
1442	7.2100	-19		-16	
1443	7.2150	-18		-16	
1444	7.2200	-18		-15	
1445	7.2250	-17		-14	
1446	7.2300	-17		-14	
1447	7.2350	-16		-13	
1448	7.2400	-16		-12	
1449	7.2450	-15		-12	
1450	7.2500	-14		-12	
1451	7.2550	-14		-11	
1452	7.2600	-14		-10	
1453	7.2650	-13		-10	
1454	7.2700	-13		-9	
1455	7.2750	-12		-8	
1456	7.2800	-12		-8	
1457	7.2850	-11		-7	
1458	7.2900	-11		-6	
1459	7.2950	-10		-6	
1460	7.3000	-10		-5	
1461	7.3050	-9		-4	
1462	7.3100	-9		-4	
1463	7.3150	-8		-3	
1464	7.3200	-8		-3	
1465	7.3250	-8		-2	
1466	7.3300	-7		-2	
1467	7.3350	-6		-1	
1468	7.3400	-6		0	
1469	7.3450	-6		0	
1470	7.3500	-6		1	
1471	7.3550	-5		2	
1472	7.3600	-5		2	
1473	7.3650	-4		2	
1474	7.3700	-4		3	
1475	7.3750	-4		4	
1476	7.3800	-3		4	
1477	7.3850	-3		5	
1478	7.3900	-2		5	
1479	7.3950	-2		6	
1480	7.4000	-2		6	
1481	7.4050	-2		7	
1482	7.4100	-2		7	
1483	7.4150	-1		8	
1484	7.4200	-1		8	
1485	7.4250	-1		8	
1486	7.4300	0		9	
1487	7.4350	0		10	
1488	7.4400	0		10	
1489	7.4450	0		10	
1490	7.4500	0		11	
1491	7.4550	0		11	
1492	7.4600	0		12	
1493	7.4650	1		12	
1494	7.4700	1		12	
1495	7.4750	1		12	
1496	7.4800	1		13	
1497	7.4850	1		13	
1498	7.4900	1		13	
1499	7.4950	1		14	
1500	7.5000	1		14	
1501	7.5050	2		14	
1502	7.5100	2		14	
1503	7.5150	2		14	
1504	7.5200	2		15	
1505	7.5250	2		15	
1506	7.5300	2		15	
1507	7.5350	2		15	
1508	7.5400	2		16	
1509	7.5450	2		16	
1510	7.5500	2		16	
1511	7.5550	1		16	
1512	7.5600	1		16	
1513	7.5650	1		16	
1514	7.5700	1		16	
1515	7.5750	1		16	
1516	7.5800	1		16	
1517	7.5850	0		16	
1518	7.5900	0		16	
1519	7.5950	0		16	
1520	7.6000	0		16	
1521	7.6050	0		16	
1522	7.6100	0		16	
1523	7.6150	-1		16	
1524	7.6200	-1		16	
1525	7.6250	-1		16	
1526	7.6300	-1		15	
1527	7.6350	-2		15	
1528	7.6400	-2		15	
1529	7.6450	-2		15	
1530	7.6500	-2		14	
1531	7.6550	-3		14	
1532	7.6600	-3		14	
1533	7.6650	-4		14	
1534	7.6700	-4		14	
1535	7.6750	-4		13	
1536	7.6800	-4		13	
1537	7.6850	-5		13	
1538	7.6900	-5		12	
1539	7.6950	-6		12	
1540	7.7000	-6		12	
1541	7.7050	-6		11	
1542	7.7100	-7		11	
1543	7.7150	-7		10	
1544	7.7200	-8		10	
1545	7.7250	-8		10	
1546	7.7300	-8		9	
1547	7.7350	-9		9	
1548	7.7400	-10		8	
1549	7.7450	-10		8	
1550	7.7500	-10		8	
1551	7.7550	-11		7	
1552	7.7600	-11		7	
1553	7.7650	-12		6	
1554	7.7700	-12		6	
1555	7.7750	-13		5	
1556	7.7800	-13		5	
1557	7.7850	-14		4	
1558	7.7900	-14		4	
1559	7.7950	-15		3	
1560	7.8000	-15		2	
1561	7.8050	-16		2	
1562	7.8100	-16		2	
1563	7.8150	-17		1	
1564	7.8200	-17		0	
1565	7.8250	-18		0	
1566	7.8300	-18		-1	
1567	7.8350	-19		-2	
1568	7.8400	-20		-2	
1569	7.8450	-20		-3	
1570	7.8500	-20		-3	
1571	7.8550	-21		-4	
1572	7.8600	-22		-4	
1573	7.8650	-22		-5	
1574	7.8700	-22		-6	
1575	7.8750	-23		-6	
1576	7.8800	-24		-7	
1577	7.8850	-24		-8	
1578	7.8900	-25		-8	
1579	7.8950	-25		-9	
1580	7.9000	-26		-10	
1581	7.9050	-26		-10	
1582	7.9100	-27		-11	
1583	7.9150	-27		-11	
1584	7.9200	-28		-12	
1585	7.9250	-28		-12	
1586	7.9300	-29		-13	
1587	7.9350	-29		-14	
1588	7.9400	-30		-14	
1589	7.9450	-30		-15	
1590	7.9500	-31		-16	
1591	7.9550	-31		-16	
1592	7.9600	-32		-17	
1593	7.9650	-32		-18	
1594	7.9700	-32		-18	
1595	7.9750	-33		-19	
1596	7.9800	-33		-19	
1597	7.9850	-34		-20	
1598	7.9900	-34		-20	
1599	7.9950	-34		-21	
1600	8.0000	-35		-22	
1601	8.0050	-36		-22	
1602	8.0100	-36		-23	
1603	8.0150	-36		-23	
1604	8.0200	-36		-24	
1605	8.0250	-37		-24	
1606	8.0300	-37		-25	
1607	8.0350	-38		-25	
1608	8.0400	-38		-26	
1609	8.0450	-38		-26	
1610	8.0500	-38		-27	
1611	8.0550	-39		-27	
1612	8.0600	-39		-28	
1613	8.0650	-39		-28	
1614	8.0700	-40		-29	
1615	8.0750	-40		-29	
1616	8.0800	-40		-30	
1617	8.0850	-40		-30	
1618	8.0900	-40		-30	
1619	8.0950	-41		-31	
1620	8.1000	-41		-31	
1621	8.1050	-41		-32	
1622	8.1100	-41		-32	
1623	8.1150	-41		-32	
1624	8.1200	-42		-32	
1625	8.1250	-42		-33	
1626	8.1300	-42		-33	
1627	8.1350	-42		-34	
1628	8.1400	-42		-34	
1629	8.1450	-42		-34	
1630	8.1500	-42		-34	
1631	8.1550	-42		-34	
1632	8.1600	-42		-35	
1633	8.1650	-42		-35	
1634	8.1700	-42		-35	
1635	8.1750	-42		-35	
1636	8.1800	-42		-36	
1637	8.1850	-42		-36	
1638	8.1900	-42		-36	
1639	8.1950	-42		-36	
1640	8.2000	-42		-36	
1641	8.2050	-42		-36	
1642	8.2100	-42		-36	
1643	8.2150	-42		-36	
1644	8.2200	-42		-36	
1645	8.2250	-42		-36	
1646	8.2300	-41		-36	
1647	8.2350	-41		-36	
1648	8.2400	-41		-36	
1649	8.2450	-41		-36	
1650	8.2500	-41		-36	
1651	8.2550	-40		-36	
1652	8.2600	-40		-36	
1653	8.2650	-40		-36	
1654	8.2700	-40		-36	
1655	8.2750	-40		-36	
1656	8.2800	-39		-35	
1657	8.2850	-39		-35	
1658	8.2900	-38		-35	
1659	8.2950	-38		-35	
1660	8.3000	-38		-34	
1661	8.3050	-38		-34	
1662	8.3100	-37		-34	
1663	8.3150	-37		-34	
1664	8.3200	-36		-34	
1665	8.3250	-36		-33	
1666	8.3300	-36		-33	
1667	8.3350	-36		-32	
1668	8.3400	-35		-32	
1669	8.3450	-34		-32	
1670	8.3500	-34		-32	
1671	8.3550	-34		-31	
1672	8.3600	-33		-31	
1673	8.3650	-33		-30	
1674	8.3700	-32		-30	
1675	8.3750	-32		-30	
1676	8.3800	-32		-29	
1677	8.3850	-31		-29	
1678	8.3900	-31		-28	
1679	8.3950	-30		-28	
1680	8.4000	-30		-28	
1681	8.4050	-29		-27	
1682	8.4100	-29		-26	
1683	8.4150	-28		-26	
1684	8.4200	-28		-26	
1685	8.4250	-27		-25	
1686	8.4300	-26		-24	
1687	8.4350	-26		-24	
1688	8.4400	-26		-24	
1689	8.4450	-25		-23	
1690	8.4500	-24		-22	
1691	8.4550	-24		-22	
1692	8.4600	-24		-21	
1693	8.4650	-23		-21	
1694	8.4700	-22		-20	
1695	8.4750	-22		-20	
1696	8.4800	-21		-19	
1697	8.4850	-21		-18	
1698	8.4900	-20		-18	
1699	8.4950	-20		-17	
1700	8.5000	-19		-17	
1701	8.5050	-18		-16	
1702	8.5100	-18		-16	
1703	8.5150	-18		-15	
1704	8.5200	-17		-14	
1705	8.5250	-16		-14	
1706	8.5300	-16		-13	
1707	8.5350	-15		-12	
1708	8.5400	-15		-12	
1709	8.5450	-14		-11	
1710	8.5500	-14		-10	
1711	8.5550	-14		-10	
1712	8.5600	-13		-9	
1713	8.5650	-12		-8	
1714	8.5700	-12		-8	
1715	8.5750	-12		-8	
1716	8.5800	-11		-7	
1717	8.5850	-10		-6	
1718	8.5900	-10		-6	
1719	8.5950	-10		-5	
1720	8.6000	-9		-4	
1721	8.6050	-8		-4	
1722	8.6100	-8		-3	
1723	8.6150	-8		-2	
1724	8.6200	-7		-2	
1725	8.6250	-7		-1	
1726	8.6300	-6		-1	
1727	8.6350	-6		0	
1728	8.6400	-6		0	
1729	8.6450	-5		1	
1730	8.6500	-5		2	
1731	8.6550	-4		2	
1732	8.6600	-4		3	
1733	8.6650	-4		3	
1734	8.6700	-4		4	
1735	8.6750	-3		4	
1736	8.6800	-3		5	
1737	8.6850	-2		5	
1738	8.6900	-2		6	
1739	8.6950	-2		6	
1740	8.7000	-2		7	
1741	8.7050	-1		7	
1742	8.7100	-1		8	
1743	8.7150	-1		8	
1744	8.7200	-1		9	
1745	8.7250	0		9	
1746	8.7300	0		10	
1747	8.7350	0		10	
1748	8.7400	0		10	
1749	8.7450	0		11	
1750	8.7500	0		11	
1751	8.7550	1		12	
1752	8.7600	1		12	
1753	8.7650	1		12	
1754	8.7700	1		12	
1755	8.7750	1		13	
1756	8.7800	1		13	
1757	8.7850	1		13	
1758	8.7900	1		14	
1759	8.7950	1		14	
1760	8.8000	2		14	
1761	8.8050	2		14	
1762	8.8100	2		14	
1763	8.8150	2		15	
1764	8.8200	2		15	
1765	8.8250	2		15	
1766	8.8300	2		15	
1767	8.8350	2		16	
1768	8.8400	2		16	
1769	8.8450	1		16	
1770	8.8500	1		16	
1771	8.8550	1		16	
1772	8.8600	1		16	
1773	8.8650	1		16	
1774	8.8700	1		16	
1775	8.8750	1		16	
1776	8.8800	0		16	
1777	8.8850	0		16	
1778	8.8900	0		16	
1779	8.8950	0		16	
1780	8.9000	0		16	
1781	8.9050	0		16	
1782	8.9100	-1		16	
1783	8.9150	-1		16	
1784	8.9200	-1		15	
1785	8.9250	-2		15	
1786	8.9300	-2		15	
1787	8.9350	-2		15	
1788	8.9400	-2		14	
1789	8.9450	-3		14	
1790	8.9500	-3		14	
1791	8.9550	-3		14	
1792	8.9600	-4		14	
1793	8.9650	-4		14	
1794	8.9700	-4		13	
1795	8.9750	-5		13	
1796	8.9800	-5		12	
1797	8.9850	-6		12	
1798	8.9900	-6		12	
1799	8.9950	-6		12	
1800	9.0000	-6		11	
1801	9.0050	-7		11	
1802	9.0100	-8		10	
1803	9.0150	-8		10	
1804	9.0200	-8		10	
1805	9.0250	-9		9	
1806	9.0300	-9		9	
1807	9.0350	-10		8	
1808	9.0400	-10		8	
1809	9.0450	-11		8	
1810	9.0500	-11		7	
1811	9.0550	-12		6	
1812	9.0600	-12		6	
1813	9.0650	-12		6	
1814	9.0700	-13		5	
1815	9.0750	-14		4	
1816	9.0800	-14		4	
1817	9.0850	-14		4	
1818	9.0900	-15		3	
1819	9.0950	-16		2	
1820	9.1000	-16		2	
1821	9.1050	-16		1	
1822	9.1100	-17		0	
1823	9.1150	-18		0	
1824	9.1200	-18		0	
1825	9.1250	-19		-1	
1826	9.1300	-19		-2	
1827	9.1350	-20		-2	
1828	9.1400	-20		-3	
1829	9.1450	-21		-4	
1830	9.1500	-21		-4	
1831	9.1550	-22		-5	
1832	9.1600	-22		-5	
1833	9.1650	-23		-6	
1834	9.1700	-24		-6	
1835	9.1750	-24		-7	
1836	9.1800	-24		-8	
1837	9.1850	-25		-8	
1838	9.1900	-26		-9	
1839	9.1950	-26		-10	
1840	9.2000	-26		-10	
1841	9.2050	-27		-11	
1842	9.2100	-28		-12	
1843	9.2150	-28		-12	
1844	9.2200	-28		-13	
1845	9.2250	-29		-14	
1846	9.2300	-30		-14	
1847	9.2350	-30		-15	
1848	9.2400	-30		-15	
1849	9.2450	-31		-16	
1850	9.2500	-32		-16	
1851	9.2550	-32		-17	
1852	9.2600	-32		-18	
1853	9.2650	-33		-18	
1854	9.2700	-33		-19	
1855	9.2750	-34		-20	
1856	9.2800	-34		-20	
1857	9.2850	-34		-20	
1858	9.2900	-35		-21	
1859	9.2950	-35		-22	
1860	9.3000	-36		-22	
1861	9.3050	-36		-23	
1862	9.3100	-36		-24	
1863	9.3150	-37		-24	
1864	9.3200	-37		-24	
1865	9.3250	-37		-25	
1866	9.3300	-38		-26	
1867	9.3350	-38		-26	
1868	9.3400	-38		-26	
1869	9.3450	-38		-27	
1870	9.3500	-39		-28	
1871	9.3550	-39		-28	
1872	9.3600	-40		-28	
1873	9.3650	-40		-29	
1874	9.3700	-40		-29	
1875	9.3750	-40		-30	
1876	9.3800	-40		-30	
1877	9.3850	-40		-30	
1878	9.3900	-41		-31	
1879	9.3950	-41		-31	
1880	9.4000	-41		-32	
1881	9.4050	-41		-32	
1882	9.4100	-42		-32	
1883	9.4150	-42		-32	
1884	9.4200	-42		-33	
1885	9.4250	-42		-33	
1886	9.4300	-42		-34	
1887	9.4350	-42		-34	
1888	9.4400	-42		-34	
1889	9.4450	-42		-34	
1890	9.4500	-42		-34	
1891	9.4550	-42		-35	
1892	9.4600	-42		-35	
1893	9.4650	-42		-35	
1894	9.4700	-42		-35	
1895	9.4750	-42		-36	
1896	9.4800	-42		-36	
1897	9.4850	-42		-36	
1898	9.4900	-42		-36	
1899	9.4950	-42		-36	
1900	9.5000	-42		-36	
1901	9.5050	-42		-36	
1902	9.5100	-42		-36	
1903	9.5150	-42		-36	
1904	9.5200	-42		-36	
1905	9.5250	-41		-36	
1906	9.5300	-41		-36	
1907	9.5350	-41		-36	
1908	9.5400	-41		-36	
1909	9.5450	-40		-36	
1910	9.5500	-40		-36	
1911	9.5550	-40		-36	
1912	9.5600	-40		-36	
1913	9.5650	-40		-36	
1914	9.5700	-39		-36	
1915	9.5750	-39		-35	
1916	9.5800	-39		-35	
1917	9.5850	-38		-35	
1918	9.5900	-38		-34	
1919	9.5950	-38		-34	
1920	9.6000	-38		-34	
1921	9.6050	-37		-34	
1922	9.6100	-37		-34	
1923	9.6150	-36		-33	
1924	9.6200	-36		-33	
1925	9.6250	-36		-33	
1926	9.6300	-35		-32	
1927	9.6350	-35		-32	
1928	9.6400	-34		-32	
1929	9.6450	-34		-32	
1930	9.6500	-34		-31	
1931	9.6550	-33		-31	
1932	9.6600	-33		-30	
1933	9.6650	-32		-30	
1934	9.6700	-32		-30	
1935	9.6750	-31		-29	
1936	9.6800	-31		-29	
1937	9.6850	-30		-28	
1938	9.6900	-30		-28	
1939	9.6950	-30		-27	
1940	9.7000	-29		-27	
1941	9.7050	-28		-26	
1942	9.7100	-28		-26	
1943	9.7150	-27		-25	
1944	9.7200	-27		-25	
1945	9.7250	-26		-24	
1946	9.7300	-26		-24	
1947	9.7350	-25		-23	
1948	9.7400	-25		-23	
1949	9.7450	-24		-22	
1950	9.7500	-24		-22	
1951	9.7550	-23		-21	
1952	9.7600	-22		-20	
1953	9.7650	-22		-20	
1954	9.7700	-22		-19	
1955	9.7750	-21		-19	
1956	9.7800	-20		-18	
1957	9.7850	-20		-18	
1958	9.7900	-20		-17	
1959	9.7950	-19		-16	
1960	9.8000	-18		-16	
1961	9.8050	-18		-15	
1962	9.8100	-17		-14	
1963	9.8150	-17		-14	
1964	9.8200	-16		-13	
1965	9.8250	-16		-13	
1966	9.8300	-15		-12	
1967	9.8350	-14		-12	
1968	9.8400	-14		-11	
1969	9.8450	-14		-10	
1970	9.8500	-13		-10	
1971	9.8550	-13		-9	
1972	9.8600	-12		-8	
1973	9.8650	-12		-8	
1974	9.8700	-11		-7	
1975	9.8750	-11		-6	
1976	9.8800	-10		-6	
1977	9.8850	-10		-5	
1978	9.8900	-9		-5	
1979	9.8950	-9		-4	
1980	9.9000	-8		-4	
1981	9.9050	-8		-3	
1982	9.9100	-8		-2	
1983	9.9150	-7		-2	
1984	9.9200	-6		-1	
1985	9.9250	-6		0	
1986	9.9300	-6		0	
1987	9.9350	-6		1	
1988	9.9400	-5		1	
1989	9.9450	-5		2	
1990	9.9500	-4		2	
1991	9.9550	-4		3	
1992	9.9600	-4		4	
1993	9.9650	-3		4	
1994	9.9700	-3		4	
1995	9.9750	-3		5	
1996	9.9800	-2		6	
1997	9.9850	-2		6	
1998	9.9900	-2		6	
1999	9.9950	-2		7	
2000	10.0000	-1		8	
