#	time(s)	count A	count B	count C	count D
1	0.0050	3		9	
2	0.0100	3		10	
3	0.0150	2		10	
4	0.0200	1		10	
5	0.0250	1		10	
6	0.0300	0		10	
7	0.0350	0		11	
8	0.0400	-1		11	
9	0.0450	-2		11	
10	0.0500	-2		12	
11	0.0550	-3		12	
12	0.0600	-3		12	
13	0.0650	-4		12	
14	0.0700	-4		12	
15	0.0750	-5		12	
16	0.0800	-5		13	
17	0.0850	-6		13	
18	0.0900	-6		13	
19	0.0950	-6		13	
20	0.1000	-7		13	
21	0.1050	-7		13	
22	0.1100	-7		13	
23	0.1150	-8		13	
24	0.1200	-8		13	
25	0.1250	-8		13	
26	0.1300	-8		13	
27	0.1350	-8		13	
28	0.1400	-8		13	
29	0.1450	-8		13	
30	0.1500	-8		13	
31	0.1550	-8		13	
32	0.1600	-8		13	
33	0.1650	-8		12	
34	0.1700	-8		12	
35	0.1750	-8		12	
36	0.1800	-8		12	
37	0.1850	-8		12	
38	0.1900	-8		12	
39	0.1950	-8		12	
40	0.2000	-7		11	
41	0.2050	-7		11	
42	0.2100	-7		11	
43	0.2150	-6		10	
44	0.2200	-6		10	
45	0.2250	-6		10	
46	0.2300	-5		10	
47	0.2350	-4		10	
48	0.2400	-4		9	
49	0.2450	-4		9	
50	0.2500	-3		8	
51	0.2550	-2		8	
52	0.2600	-2		8	
53	0.2650	-1		8	
54	0.2700	-1		7	
55	0.2750	0		7	
56	0.2800	0		6	
57	0.2850	1		6	
58	0.2900	2		6	
59	0.2950	2		5	
60	0.3000	3		5	
61	0.3050	4		4	
62	0.3100	4		4	
63	0.3150	5		4	
64	0.3200	6		4	
65	0.3250	6		3	
66	0.3300	7		3	
67	0.3350	8		2	
68	0.3400	9		2	
69	0.3450	9		2	
70	0.3500	10		2	
71	0.3550	11		1	
72	0.3600	11		1	
73	0.3650	12		0	
74	0.3700	12		0	
75	0.3750	13		0	
76	0.3800	14		0	
77	0.3850	14		0	
78	0.3900	15		-1	
79	0.3950	16		-1	
80	0.4000	16		-1	
81	0.4050	17		-2	
82	0.4100	17		-2	
83	0.4150	18		-2	
84	0.4200	18		-2	
85	0.4250	19		-2	
86	0.4300	19		-2	
87	0.4350	20		-2	
88	0.4400	20		-3	
89	0.4450	20		-3	
90	0.4500	20		-3	
91	0.4550	21		-3	
92	0.4600	21		-3	
93	0.4650	22		-3	
94	0.4700	22		-3	
95	0.4750	22		-3	
96	0.4800	22		-3	
97	0.4850	22		-3	
98	0.4900	22		-3	
99	0.4950	22		-3	
100	0.5000	22		-3	
101	0.5050	22		-3	
102	0.5100	22		-3	
103	0.5150	22		-2	
104	0.5200	22		-2	
105	0.5250	22		-2	
106	0.5300	22		-2	
107	0.5350	22		-2	
108	0.5400	22		-2	
109	0.5450	21		-2	
110	0.5500	21		-1	
111	0.5550	21		-1	
112	0.5600	20		-1	
113	0.5650	20		0	
114	0.5700	20		0	
115	0.5750	19		0	
116	0.5800	19		0	
117	0.5850	18		0	
118	0.5900	18		1	
119	0.5950	18		1	
120	0.6000	17		2	
121	0.6050	16		2	
122	0.6100	16		2	
123	0.6150	16		2	
124	0.6200	15		3	
125	0.6250	14		3	
126	0.6300	14		4	
127	0.6350	13		4	
128	0.6400	12		4	
129	0.6450	12		5	
130	0.6500	11		5	
131	0.6550	10		6	
132	0.6600	10		6	
133	0.6650	9		6	
134	0.6700	8		6	
135	0.6750	8		7	
136	0.6800	7		7	
137	0.6850	6		8	
138	0.6900	6		8	
139	0.6950	5		8	
140	0.7000	4		8	
141	0.7050	4		9	
142	0.7100	3		9	
143	0.7150	2		10	
144	0.7200	2		10	
145	0.7250	1		10	
146	0.7300	0		10	
147	0.7350	0		11	
148	0.7400	-1		11	
149	0.7450	-2		11	
150	0.7500	-2		12	
151	0.7550	-2		12	
152	0.7600	-3		12	
153	0.7650	-4		12	
154	0.7700	-4		12	
155	0.7750	-4		12	
156	0.7800	-5		12	
157	0.7850	-6		13	
158	0.7900	-6		13	
159	0.7950	-6		13	
160	0.8000	-6		13	
161	0.8050	-7		13	
162	0.8100	-7		13	
163	0.8150	-8		13	
164	0.8200	-8		13	
165	0.8250	-8		13	
166	0.8300	-8		13	
167	0.8350	-8		13	
168	0.8400	-8		13	
169	0.8450	-8		13	
170	0.8500	-8		13	
171	0.8550	-8		13	
172	0.8600	-8		13	
173	0.8650	-8		13	
174	0.8700	-8		12	
175	0.8750	-8		12	
176	0.8800	-8		12	
177	0.8850	-8		12	
178	0.8900	-8		12	
179	0.8950	-8		12	
180	0.9000	-8		12	
181	0.9050	-7		11	
182	0.9100	-7		11	
183	0.9150	-6		10	
184	0.9200	-6		10	
185	0.9250	-6		10	
186	0.9300	-5		10	
187	0.9350	-5		10	
188	0.9400	-4		9	
189	0.9450	-4		9	
190	0.9500	-3		8	
191	0.9550	-3		8	
192	0.9600	-2		8	
193	0.9650	-2		8	
194	0.9700	-1		7	
195	0.9750	0		7	
196	0.9800	0		6	
197	0.9850	1		6	
198	0.9900	1		6	
199	0.9950	2		6	
200	1.0000	2		5	
201	1.0050	3		5	
202	1.0100	4		4	
203	1.0150	5		4	
204	1.0200	6		4	
205	1.0250	6		3	
206	1.0300	7		3	
207	1.0350	8		3	
208	1.0400	8		2	
209	1.0450	9		2	
210	1.0500	10		2	
211	1.0550	10		1	
212	1.0600	11		1	
213	1.0650	12		1	
214	1.0700	12		0	
215	1.0750	13		0	
216	1.0800	14		0	
217	1.0850	14		0	
218	1.0900	15		-1	
219	1.0950	15		-1	
220	1.1000	16		-1	
221	1.1050	16		-2	
222	1.1100	17		-2	
223	1.1150	18		-2	
224	1.1200	18		-2	
225	1.1250	18		-2	
226	1.1300	19		-2	
227	1.1350	19		-2	
228	1.1400	20		-2	
229	1.1450	20		-3	
230	1.1500	20		-3	
231	1.1550	20		-3	
232	1.1600	21		-3	
233	1.1650	21		-3	
234	1.1700	22		-3	
235	1.1750	22		-3	
236	1.1800	22		-3	
237	1.1850	22		-3	
238	1.1900	22		-3	
239	1.1950	22		-3	
240	1.2000	22		-3	
241	1.2050	22		-3	
242	1.2100	22		-3	
243	1.2150	22		-2	
244	1.2200	22		-2	
245	1.2250	22		-2	
246	1.2300	22		-2	
247	1.2350	22		-2	
248	1.2400	22		-2	
249	1.2450	21		-2	
250	1.2500	21		-1	
251	1.2550	21		-1	
252	1.2600	20		-1	
253	1.2650	20		0	
254	1.2700	20		0	
255	1.2750	20		0	
256	1.2800	19		0	
257	1.2850	18		0	
258	1.2900	18		1	
259	1.2950	18		1	
260	1.3000	17		2	
261	1.3050	16		2	
262	1.3100	16		2	
263	1.3150	16		2	
264	1.3200	15		3	
265	1.3250	14		3	
266	1.3300	14		4	
267	1.3350	13		4	
268	1.3400	12		4	
269	1.3450	12		4	
270	1.3500	11		5	
271	1.3550	11		5	
272	1.3600	10		6	
273	1.3650	9		6	
274	1.3700	8		6	
275	1.3750	8		7	
276	1.3800	7		7	
277	1.3850	6		8	
278	1.3900	6		8	
279	1.3950	5		8	
280	1.4000	4		8	
281	1.4050	4		9	
282	1.4100	3		9	
283	1.4150	2		10	
284	1.4200	2		10	
285	1.4250	1		10	
286	1.4300	0		10	
287	1.4350	0		10	
288	1.4400	-1		11	
289	1.4450	-1		11	
290	1.4500	-2		11	
291	1.4550	-2		12	
292	1.4600	-3		12	
293	1.4650	-4		12	
294	1.4700	-4		12	
295	1.4750	-4		12	
296	1.4800	-5		12	
297	1.4850	-6		12	
298	1.4900	-6		13	
299	1.4950	-6		13	
300	1.5000	-6		13	
301	1.5050	-7		13	
302	1.5100	-7		13	
303	1.5150	-8		13	
304	1.5200	-8		13	
305	1.5250	-8		13	
306	1.5300	-8		13	
307	1.5350	-8		13	
308	1.5400	-8		13	
309	1.5450	-8		13	
310	1.5500	-9		13	
311	1.5550	-9		13	
312	1.5600	-9		13	
313	1.5650	-9		12	
314	1.5700	-9		12	
315	1.5750	-9		12	
316	1.5800	-8		12	
317	1.5850	-8		12	
318	1.5900	-8		12	
319	1.5950	-8		12	
320	1.6000	-8		11	
321	1.6050	-8		11	
322	1.6100	-7		11	
323	1.6150	-7		10	
324	1.6200	-6		10	
325	1.6250	-6		10	
326	1.6300	-6		10	
327	1.6350	-5		10	
328	1.6400	-5		9	
329	1.6450	-4		9	
330	1.6500	-4		8	
331	1.6550	-3		8	
332	1.6600	-3		8	
333	1.6650	-2		8	
334	1.6700	-2		7	
335	1.6750	-1		7	
336	1.6800	0		6	
337	1.6850	0		6	
338	1.6900	1		6	
339	1.6950	2		6	
340	1.7000	2		5	
341	1.7050	3		5	
342	1.7100	4		4	
343	1.7150	4		4	
344	1.7200	5		4	
345	1.7250	6		4	
346	1.7300	6		3	
347	1.7350	7		3	
348	1.7400	8		2	
349	1.7450	8		2	
350	1.7500	9		2	
351	1.7550	10		2	
352	1.7600	10		1	
353	1.7650	11		1	
354	1.7700	12		0	
355	1.7750	12		0	
356	1.7800	13		0	
357	1.7850	14		0	
358	1.7900	14		-1	
359	1.7950	15		-1	
360	1.8000	15		-1	
361	1.8050	16		-2	
362	1.8100	16		-2	
363	1.8150	17		-2	
364	1.8200	18		-2	
365	1.8250	18		-2	
366	1.8300	18		-2	
367	1.8350	19		-2	
368	1.8400	19		-3	
369	1.8450	20		-3	
370	1.8500	20		-3	
371	1.8550	20		-3	
372	1.8600	20		-3	
373	1.8650	21		-3	
374	1.8700	21		-3	
375	1.8750	21		-3	
376	1.8800	22		-3	
377	1.8850	22		-3	
378	1.8900	22		-3	
379	1.8950	22		-3	
380	1.9000	22		-3	
381	1.9050	22		-3	
382	1.9100	22		-3	
383	1.9150	22		-3	
384	1.9200	22		-2	
385	1.9250	22		-2	
386	1.9300	22		-2	
387	1.9350	22		-2	
388	1.9400	22		-2	
389	1.9450	21		-2	
390	1.9500	21		-2	
391	1.9550	21		-1	
392	1.9600	20		-1	
393	1.9650	20		-1	
394	1.9700	20		0	
395	1.9750	20		0	
396	1.9800	19		0	
397	1.9850	19		0	
398	1.9900	18		0	
399	1.9950	18		1	
400	2.0000	17		1	
401	2.0050	17		2	
402	2.0100	16		2	
403	2.0150	16		2	
404	2.0200	15		2	
405	2.0250	14		3	
406	2.0300	14		3	
407	2.0350	14		4	
408	2.0400	13		4	
409	2.0450	12		4	
410	2.0500	12		5	
411	2.0550	11		5	
412	2.0600	10		6	
413	2.0650	10		6	
414	2.0700	9		6	
415	2.0750	8		6	
416	2.0800	8		7	
417	2.0850	7		7	
418	2.0900	6		8	
419	2.0950	6		8	
420	2.1000	5		8	
421	2.1050	4		8	
422	2.1100	4		9	
423	2.1150	3		9	
424	2.1200	2		10	
425	2.1250	1		10	
426	2.1300	1		10	
427	2.1350	0		10	
428	2.1400	0		11	
429	2.1450	-1		11	
430	2.1500	-2		11	
431	2.1550	-2		12	
432	2.1600	-3		12	
433	2.1650	-3		12	
434	2.1700	-4		12	
435	2.1750	-4		12	
436	2.1800	-5		12	
437	2.1850	-5		12	
438	2.1900	-6		12	
439	2.1950	-6		13	
440	2.2000	-6		13	
441	2.2050	-7		13	
442	2.2100	-7		13	
443	2.2150	-8		13	
444	2.2200	-8		13	
445	2.2250	-8		13	
446	2.2300	-8		13	
447	2.2350	-8		13	
448	2.2400	-8		13	
449	2.2450	-9		13	
450	2.2500	-9		13	
451	2.2550	-9		13	
452	2.2600	-9		13	
453	2.2650	-9		12	
454	2.2700	-9		12	
455	2.2750	-9		12	
456	2.2800	-8		12	
457	2.2850	-8		12	
458	2.2900	-8		12	
459	2.2950	-8		12	
460	2.3000	-8		12	
461	2.3050	-8		11	
462	2.3100	-8		11	
463	2.3150	-7		11	
464	2.3200	-7		10	
465	2.3250	-6		10	
466	2.3300	-6		10	
467	2.3350	-6		10	
468	2.3400	-5		9	
469	2.3450	-5		9	
470	2.3500	-4		9	
471	2.3550	-4		8	
472	2.3600	-3		8	
473	2.3650	-2		8	
474	2.3700	-2		7	
475	2.3750	-1		7	
476	2.3800	-1		6	
477	2.3850	0		6	
478	2.3900	0		6	
479	2.3950	1		6	
480	2.4000	2		5	
481	2.4050	2		5	
482	2.4100	3		4	
483	2.4150	4		4	
484	2.4200	4		4	
485	2.4250	5		4	
486	2.4300	6		3	
487	2.4350	7		3	
488	2.4400	8		2	
489	2.4450	8		2	
490	2.4500	9		2	
491	2.4550	10		1	
492	2.4600	10		1	
493	2.4650	11		1	
494	2.4700	11		0	
495	2.4750	12		0	
496	2.4800	13		0	
497	2.4850	13		0	
498	2.4900	14		-1	
499	2.4950	14		-1	
500	2.5000	15		-1	
501	2.5050	16		-2	
502	2.5100	16		-2	
503	2.5150	17		-2	
504	2.5200	18		-2	
505	2.5250	18		-2	
506	2.5300	18		-2	
507	2.5350	19		-2	
508	2.5400	19		-3	
509	2.5450	20		-3	
510	2.5500	20		-3	
511	2.5550	20		-3	
512	2.5600	20		-3	
513	2.5650	21		-3	
514	2.5700	21		-3	
515	2.5750	21		-3	
516	2.5800	22		-3	
517	2.5850	22		-3	
518	2.5900	22		-3	
519	2.5950	22		-3	
520	2.6000	22		-3	
521	2.6050	22		-3	
522	2.6100	22		-3	
523	2.6150	22		-3	
524	2.6200	22		-3	
525	2.6250	22		-3	
526	2.6300	22		-2	
527	2.6350	22		-2	
528	2.6400	22		-2	
529	2.6450	22		-2	
530	2.6500	21		-2	
531	2.6550	21		-2	
532	2.6600	21		-1	
533	2.6650	20		-1	
534	2.6700	20		-1	
535	2.6750	20		0	
536	2.6800	19		0	
537	2.6850	19		0	
538	2.6900	18		0	
539	2.6950	18		1	
540	2.7000	18		1	
541	2.7050	17		2	
542	2.7100	16		2	
543	2.7150	16		2	
544	2.7200	15		2	
545	2.7250	15		3	
546	2.7300	14		3	
547	2.7350	14		4	
548	2.7400	13		4	
549	2.7450	12		4	
550	2.7500	12		4	
551	2.7550	11		5	
552	2.7600	10		5	
553	2.7650	10		6	
554	2.7700	9		6	
555	2.7750	8		6	
556	2.7800	8		7	
557	2.7850	7		7	
558	2.7900	6		8	
559	2.7950	6		8	
560	2.8000	5		8	
561	2.8050	4		8	
562	2.8100	4		9	
563	2.8150	3		9	
564	2.8200	2		10	
565	2.8250	2		10	
566	2.8300	1		10	
567	2.8350	0		10	
568	2.8400	0		10	
569	2.8450	-1		11	
570	2.8500	-1		11	
571	2.8550	-2		12	
572	2.8600	-2		12	
573	2.8650	-3		12	
574	2.8700	-4		12	
575	2.8750	-4		12	
576	2.8800	-4		12	
577	2.8850	-5		12	
578	2.8900	-6		13	
579	2.8950	-6		13	
580	2.9000	-6		13	
581	2.9050	-6		13	
582	2.9100	-7		13	
583	2.9150	-7		13	
584	2.9200	-8		13	
585	2.9250	-8		13	
586	2.9300	-8		13	
587	2.9350	-8		13	
588	2.9400	-8		13	
589	2.9450	-8		13	
590	2.9500	-9		13	
591	2.9550	-9		13	
592	2.9600	-9		13	
593	2.9650	-9		13	
594	2.9700	-9		13	
595	2.9750	-9		12	
596	2.9800	-8		12	
597	2.9850	-8		12	
598	2.9900	-8		12	
599	2.9950	-8		12	
600	3.0000	-8		12	
601	3.0050	-8		12	
602	3.0100	-8		11	
603	3.0150	-7		11	
604	3.0200	-7		11	
605	3.0250	-6		10	
606	3.0300	-6		10	
607	3.0350	-6		10	
608	3.0400	-5		10	
609	3.0450	-5		9	
610	3.0500	-4		9	
611	3.0550	-4		9	
612	3.0600	-3		8	
613	3.0650	-3		8	
614	3.0700	-2		8	
615	3.0750	-2		8	
616	3.0800	-1		7	
617	3.0850	0		7	
618	3.0900	0		6	
619	3.0950	1		6	
620	3.1000	2		6	
621	3.1050	2		5	
622	3.1100	3		5	
623	3.1150	4		4	
624	3.1200	4		4	
625	3.1250	5		4	
626	3.1300	6		4	
627	3.1350	6		3	
628	3.1400	7		3	
629	3.1450	8		2	
630	3.1500	8		2	
631	3.1550	9		2	
632	3.1600	10		2	
633	3.1650	10		1	
634	3.1700	11		1	
635	3.1750	12		0	
636	3.1800	12		0	
637	3.1850	13		0	
638	3.1900	14		0	
639	3.1950	14		0	
640	3.2000	15		-1	
641	3.2050	16		-1	
642	3.2100	16		-2	
643	3.2150	16		-2	
644	3.2200	17		-2	
645	3.2250	18		-2	
646	3.2300	18		-2	
647	3.2350	18		-2	
648	3.2400	19		-2	
649	3.2450	19		-2	
650	3.2500	20		-3	
651	3.2550	20		-3	
652	3.2600	20		-3	
653	3.2650	21		-3	
654	3.2700	21		-3	
655	3.2750	21		-3	
656	3.2800	22		-3	
657	3.2850	22		-3	
658	3.2900	22		-3	
659	3.2950	22		-3	
660	3.3000	22		-3	
661	3.3050	22		-3	
662	3.3100	22		-3	
663	3.3150	22		-3	
664	3.3200	22		-3	
665	3.3250	22		-3	
666	3.3300	22		-2	
667	3.3350	22		-2	
668	3.3400	22		-2	
669	3.3450	22		-2	
670	3.3500	21		-2	
671	3.3550	21		-2	
672	3.3600	21		-2	
673	3.3650	21		-1	
674	3.3700	20		-1	
675	3.3750	20		-1	
676	3.3800	20		0	
677	3.3850	19		0	
678	3.3900	19		0	
679	3.3950	18		0	
680	3.4000	18		1	
681	3.4050	17		1	
682	3.4100	17		2	
683	3.4150	16		2	
684	3.4200	16		2	
685	3.4250	15		2	
686	3.4300	14		3	
687	3.4350	14		3	
688	3.4400	14		4	
689	3.4450	13		4	
690	3.4500	12		4	
691	3.4550	12		5	
692	3.4600	11		5	
693	3.4650	10		6	
694	3.4700	10		6	
695	3.4750	9		6	
696	3.4800	8		6	
697	3.4850	8		7	
698	3.4900	7		7	
699	3.4950	6		8	
700	3.5000	6		8	
701	3.5050	5		8	
702	3.5100	4		8	
703	3.5150	4		9	
704	3.5200	3		9	
705	3.5250	2		10	
706	3.5300	2		10	
707	3.5350	1		10	
708	3.5400	0		10	
709	3.5450	0		10	
710	3.5500	-1		11	
711	3.5550	-2		11	
712	3.5600	-2		11	
713	3.5650	-3		12	
714	3.5700	-3		12	
715	3.5750	-4		12	
716	3.5800	-4		12	
717	3.5850	-5		12	
718	3.5900	-5		12	
719	3.5950	-6		12	
720	3.6000	-6		13	
721	3.6050	-6		13	
722	3.6100	-7		13	
723	3.6150	-7		13	
724	3.6200	-7		13	
725	3.6250	-8		13	
726	3.6300	-8		13	
727	3.6350	-8		13	
728	3.6400	-8		13	
729	3.6450	-8		13	
730	3.6500	-8		13	
731	3.6550	-9		13	
732	3.6600	-9		13	
733	3.6650	-9		13	
734	3.6700	-9		13	
735	3.6750	-9		12	
736	3.6800	-9		12	
737	3.6850	-8		12	
738	3.6900	-8		12	
739	3.6950	-8		12	
740	3.7000	-8		12	
741	3.7050	-8		12	
742	3.7100	-8		11	
743	3.7150	-7		11	
744	3.7200	-7		11	
745	3.7250	-7		10	
746	3.7300	-6		10	
747	3.7350	-6		10	
748	3.7400	-6		10	
749	3.7450	-5		10	
750	3.7500	-4		9	
751	3.7550	-4		9	
752	3.7600	-4		8	
753	3.7650	-3		8	
754	3.7700	-2		8	
755	3.7750	-2		8	
756	3.7800	-1		7	
757	3.7850	-1		7	
758	3.7900	0		6	
759	3.7950	0		6	
760	3.8000	1		6	
761	3.8050	2		5	
762	3.8100	2		5	
763	3.8150	3		5	
764	3.8200	4		4	
765	3.8250	4		4	
766	3.8300	5		4	
767	3.8350	6		3	
768	3.8400	7		3	
769	3.8450	8		2	
770	3.8500	8		2	
771	3.8550	9		2	
772	3.8600	10		2	
773	3.8650	10		1	
774	3.8700	11		1	
775	3.8750	12		0	
776	3.8800	12		0	
777	3.8850	13		0	
778	3.8900	13		0	
779	3.8950	14		0	
780	3.9000	14		-1	
781	3.9050	15		-1	
782	3.9100	16		-1	
783	3.9150	16		-2	
784	3.9200	17		-2	
785	3.9250	18		-2	
786	3.9300	18		-2	
787	3.9350	18		-2	
788	3.9400	19		-2	
789	3.9450	19		-2	
790	3.9500	20		-3	
791	3.9550	20		-3	
792	3.9600	20		-3	
793	3.9650	20		-3	
794	3.9700	21		-3	
795	3.9750	21		-3	
796	3.9800	21		-3	
797	3.9850	22		-3	
798	3.9900	22		-3	
799	3.9950	22		-3	
800	4.0000	22		-3	
801	4.0050	22		-3	
802	4.0100	22		-3	
803	4.0150	22		-3	
804	4.0200	22		-3	
805	4.0250	22		-3	
806	4.0300	22		-2	
807	4.0350	22		-2	
808	4.0400	22		-2	
809	4.0450	22		-2	
810	4.0500	22		-2	
811	4.0550	21		-2	
812	4.0600	21		-2	
813	4.0650	21		-1	
814	4.0700	20		-1	
815	4.0750	20		-1	
816	4.0800	20		0	
817	4.0850	19		0	
818	4.0900	19		0	
819	4.0950	18		0	
820	4.1000	18		1	
821	4.1050	18		1	
822	4.1100	17		2	
823	4.1150	16		2	
824	4.1200	16		2	
825	4.1250	15		2	
826	4.1300	15		3	
827	4.1350	14		3	
828	4.1400	14		4	
829	4.1450	13		4	
830	4.1500	12		4	
831	4.1550	12		4	
832	4.1600	11		5	
833	4.1650	10		5	
834	4.1700	10		6	
835	4.1750	9		6	
836	4.1800	8		6	
837	4.1850	8		7	
838	4.1900	7		7	
839	4.1950	6		8	
840	4.2000	6		8	
841	4.2050	5		8	
842	4.2100	4		8	
843	4.2150	4		9	
844	4.2200	3		9	
845	4.2250	2		10	
846	4.2300	2		10	
847	4.2350	1		10	
848	4.2400	0		10	
849	4.2450	0		10	
850	4.2500	-1		11	
851	4.2550	-1		11	
852	4.2600	-2		11	
853	4.2650	-2		12	
854	4.2700	-3		12	
855	4.2750	-4		12	
856	4.2800	-4		12	
857	4.2850	-4		12	
858	4.2900	-5		12	
859	4.2950	-6		12	
860	4.3000	-6		13	
861	4.3050	-6		13	
862	4.3100	-6		13	
863	4.3150	-7		13	
864	4.3200	-7		13	
865	4.3250	-8		13	
866	4.3300	-8		13	
867	4.3350	-8		13	
868	4.3400	-8		13	
869	4.3450	-8		13	
870	4.3500	-8		13	
871	4.3550	-9		13	
872	4.3600	-9		13	
873	4.3650	-9		13	
874	4.3700	-9		13	
875	4.3750	-9		13	
876	4.3800	-9		12	
877	4.3850	-9		12	
878	4.3900	-8		12	
879	4.3950	-8		12	
880	4.4000	-8		12	
881	4.4050	-8		12	
882	4.4100	-8		12	
883	4.4150	-8		11	
884	4.4200	-7		11	
885	4.4250	-7		11	
886	4.4300	-6		10	
887	4.4350	-6		10	
888	4.4400	-6		10	
889	4.4450	-5		10	
890	4.4500	-5		9	
891	4.4550	-4		9	
892	4.4600	-4		8	
893	4.4650	-3		8	
894	4.4700	-3		8	
895	4.4750	-2		8	
896	4.4800	-2		7	
897	4.4850	-1		7	
898	4.4900	0		6	
899	4.4950	0		6	
900	4.5000	1		6	
901	4.5050	2		6	
902	4.5100	2		5	
903	4.5150	3		5	
904	4.5200	4		4	
905	4.5250	4		4	
906	4.5300	5		4	
907	4.5350	6		4	
908	4.5400	6		3	
909	4.5450	7		3	
910	4.5500	8		2	
911	4.5550	8		2	
912	4.5600	9		2	
913	4.5650	10		2	
914	4.5700	10		1	
915	4.5750	11		1	
916	4.5800	12		0	
917	4.5850	12		0	
918	4.5900	13		0	
919	4.5950	14		0	
920	4.6000	14		-1	
921	4.6050	15		-1	
922	4.6100	16		-1	
923	4.6150	16		-2	
924	4.6200	16		-2	
925	4.6250	17		-2	
926	4.6300	18		-2	
927	4.6350	18		-2	
928	4.6400	18		-2	
929	4.6450	19		-2	
930	4.6500	19		-3	
931	4.6550	20		-3	
932	4.6600	20		-3	
933	4.6650	20		-3	
934	4.6700	20		-3	
935	4.6750	21		-3	
936	4.6800	21		-3	
937	4.6850	22		-3	
938	4.6900	22		-3	
939	4.6950	22		-3	
940	4.7000	22		-3	
941	4.7050	22		-3	
942	4.7100	22		-3	
943	4.7150	22		-3	
944	4.7200	22		-3	
945	4.7250	22		-3	
946	4.7300	22		-2	
947	4.7350	22		-2	
948	4.7400	22		-2	
949	4.7450	22		-2	
950	4.7500	22		-2	
951	4.7550	21		-2	
952	4.7600	21		-2	
953	4.7650	21		-1	
954	4.7700	20		-1	
955	4.7750	20		-1	
956	4.7800	20		0	
957	4.7850	20		0	
958	4.7900	19		0	
959	4.7950	19		0	
960	4.8000	18		0	
961	4.8050	18		1	
962	4.8100	17		1	
963	4.8150	17		2	
964	4.8200	16		2	
965	4.8250	16		2	
966	4.8300	15		2	
967	4.8350	14		3	
968	4.8400	14		3	
969	4.8450	14		4	
970	4.8500	13		4	
971	4.8550	12		4	
972	4.8600	12		5	
973	4.8650	11		5	
974	4.8700	10		6	
975	4.8750	10		6	
976	4.8800	9		6	
977	4.8850	8		6	
978	4.8900	8		7	
979	4.8950	7		7	
980	4.9000	6		8	
981	4.9050	6		8	
982	4.9100	5		8	
983	4.9150	4		9	
984	4.9200	4		9	
985	4.9250	3		9	
986	4.9300	2		10	
987	4.9350	2		10	
988	4.9400	1		10	
989	4.9450	0		10	
990	4.9500	0		11	
991	4.9550	-1		11	
992	4.9600	-2		11	
993	4.9650	-2		12	
994	4.9700	-3		12	
995	4.9750	-3		12	
996	4.9800	-4		12	
997	4.9850	-4		12	
998	4.9900	-5		12	
999	4.9950	-5		12	
1000	5.0000	-6		13	
1001	5.0050	-6		13	
1002	5.0100	-6		13	
1003	5.0150	-7		13	
1004	5.0200	-7		13	
1005	5.0250	-7		13	
1006	5.0300	-8		13	
1007	5.0350	-8		13	
1008	5.0400	-8		13	
1009	5.0450	-8		13	
1010	5.0500	-8		13	
1011	5.0550	-9		13	
1012	5.0600	-9		13	
1013	5.0650	-9		13	
1014	5.0700	-9		13	
1015	5.0750	-9		13	
1016	5.0800	-9		13	
1017	5.0850	-9		12	
1018	5.0900	-8		12	
1019	5.0950	-8		12	
1020	5.1000	-8		12	
1021	5.1050	-8		12	
1022	5.1100	-8		12	
1023	5.1150	-8		11	
1024	5.1200	-7		11	
1025	5.1250	-7		11	
1026	5.1300	-7		10	
1027	5.1350	-6		10	
1028	5.1400	-6		10	
1029	5.1450	-6		10	
1030	5.1500	-5		10	
1031	5.1550	-4		9	
1032	5.1600	-4		9	
1033	5.1650	-4		8	
1034	5.1700	-3		8	
1035	5.1750	-2		8	
1036	5.1800	-2		8	
1037	5.1850	-1		7	
1038	5.1900	0		7	
1039	5.1950	0		6	
1040	5.2000	0		6	
1041	5.2050	1		6	
1042	5.2100	2		6	
1043	5.2150	2		5	
1044	5.2200	3		5	
1045	5.2250	4		4	
1046	5.2300	4		4	
1047	5.2350	5		4	
1048	5.2400	6		3	
1049	5.2450	7		3	
1050	5.2500	8		2	
1051	5.2550	8		2	
1052	5.2600	9		2	
1053	5.2650	10		2	
1054	5.2700	10		1	
1055	5.2750	11		1	
1056	5.2800	12		0	
1057	5.2850	12		0	
1058	5.2900	13		0	
1059	5.2950	13		0	
1060	5.3000	14		0	
1061	5.3050	14		-1	
1062	5.3100	15		-1	
1063	5.3150	16		-1	
1064	5.3200	16		-2	
1065	5.3250	17		-2	
1066	5.3300	18		-2	
1067	5.3350	18		-2	
1068	5.3400	18		-2	
1069	5.3450	19		-2	
1070	5.3500	19		-2	
1071	5.3550	20		-3	
1072	5.3600	20		-3	
1073	5.3650	20		-3	
1074	5.3700	20		-3	
1075	5.3750	21		-3	
1076	5.3800	21		-3	
1077	5.3850	21		-3	
1078	5.3900	22		-3	
1079	5.3950	22		-3	
1080	5.4000	22		-3	
1081	5.4050	22		-3	
1082	5.4100	22		-3	
1083	5.4150	22		-3	
1084	5.4200	22		-3	
1085	5.4250	22		-3	
1086	5.4300	22		-3	
1087	5.4350	22		-2	
1088	5.4400	22		-2	
1089	5.4450	22		-2	
1090	5.4500	22		-2	
1091	5.4550	22		-2	
1092	5.4600	21		-2	
1093	5.4650	21		-2	
1094	5.4700	21		-1	
1095	5.4750	20		-1	
1096	5.4800	20		-1	
1097	5.4850	20		0	
1098	5.4900	19		0	
1099	5.4950	19		0	
1100	5.5000	18		0	
1101	5.5050	18		1	
1102	5.5100	18		1	
1103	5.5150	17		2	
1104	5.5200	16		2	
1105	5.5250	16		2	
1106	5.5300	16		2	
1107	5.5350	15		3	
1108	5.5400	14		3	
1109	5.5450	14		4	
1110	5.5500	13		4	
1111	5.5550	12		4	
1112	5.5600	12		4	
1113	5.5650	11		5	
1114	5.5700	10		5	
1115	5.5750	10		6	
1116	5.5800	9		6	
1117	5.5850	8		6	
1118	5.5900	8		7	
1119	5.5950	7		7	
1120	5.6000	6		8	
1121	5.6050	6		8	
1122	5.6100	5		8	
1123	5.6150	4		8	
1124	5.6200	4		9	
1125	5.6250	3		9	
1126	5.6300	2		10	
1127	5.6350	2		10	
1128	5.6400	1		10	
1129	5.6450	0		10	
1130	5.6500	0		10	
1131	5.6550	-1		11	
1132	5.6600	-1		11	
1133	5.6650	-2		11	
1134	5.6700	-2		12	
1135	5.6750	-3		12	
1136	5.6800	-4		12	
1137	5.6850	-4		12	
1138	5.6900	-4		12	
1139	5.6950	-5		12	
1140	5.7000	-6		12	
1141	5.7050	-6		13	
1142	5.7100	-6		13	
1143	5.7150	-6		13	
1144	5.7200	-7		13	
1145	5.7250	-7		13	
1146	5.7300	-8		13	
1147	5.7350	-8		13	
1148	5.7400	-8		13	
1149	5.7450	-8		13	
1150	5.7500	-8		13	
1151	5.7550	-8		13	
1152	5.7600	-9		13	
1153	5.7650	-9		13	
1154	5.7700	-9		13	
1155	5.7750	-9		13	
1156	5.7800	-9		13	
1157	5.7850	-9		12	
1158	5.7900	-8		12	
1159	5.7950	-8		12	
1160	5.8000	-8		12	
1161	5.8050	-8		12	
1162	5.8100	-8		12	
1163	5.8150	-8		12	
1164	5.8200	-8		11	
1165	5.8250	-7		11	
1166	5.8300	-7		11	
1167	5.8350	-6		10	
1168	5.8400	-6		10	
1169	5.8450	-6		10	
1170	5.8500	-5		10	
1171	5.8550	-5		9	
1172	5.8600	-4		9	
1173	5.8650	-4		9	
1174	5.8700	-3		8	
1175	5.8750	-3		8	
1176	5.8800	-2		8	
1177	5.8850	-2		7	
1178	5.8900	-1		7	
1179	5.8950	0		7	
1180	5.9000	0		6	
1181	5.9050	1		6	
1182	5.9100	2		6	
1183	5.9150	2		5	
1184	5.9200	3		5	
1185	5.9250	4		4	
1186	5.9300	4		4	
1187	5.9350	5		4	
1188	5.9400	6		4	
1189	5.9450	6		3	
1190	5.9500	7		3	
1191	5.9550	8		2	
1192	5.9600	8		2	
1193	5.9650	9		2	
1194	5.9700	10		2	
1195	5.9750	10		1	
1196	5.9800	11		1	
1197	5.9850	12		0	
1198	5.9900	12		0	
1199	5.9950	13		0	
1200	6.0000	14		0	
1201	6.0050	14		-1	
1202	6.0100	15		-1	
1203	6.0150	16		-1	
1204	6.0200	16		-2	
1205	6.0250	16		-2	
1206	6.0300	17		-2	
1207	6.0350	18		-2	
1208	6.0400	18		-2	
1209	6.0450	18		-2	
1210	6.0500	19		-2	
1211	6.0550	19		-2	
1212	6.0600	20		-3	
1213	6.0650	20		-3	
1214	6.0700	20		-3	
1215	6.0750	21		-3	
1216	6.0800	21		-3	
1217	6.0850	21		-3	
1218	6.0900	22		-3	
1219	6.0950	22		-3	
1220	6.1000	22		-3	
1221	6.1050	22		-3	
1222	6.1100	22		-3	
1223	6.1150	22		-3	
1224	6.1200	22		-3	
1225	6.1250	22		-3	
1226	6.1300	22		-3	
1227	6.1350	22		-2	
1228	6.1400	22		-2	
1229	6.1450	22		-2	
1230	6.1500	22		-2	
1231	6.1550	22		-2	
1232	6.1600	21		-2	
1233	6.1650	21		-2	
1234	6.1700	21		-1	
1235	6.1750	20		-1	
1236	6.1800	20		-1	
1237	6.1850	20		0	
1238	6.1900	20		0	
1239	6.1950	19		0	
1240	6.2000	19		0	
1241	6.2050	18		1	
1242	6.2100	18		1	
1243	6.2150	17		1	
1244	6.2200	17		2	
1245	6.2250	16		2	
1246	6.2300	16		2	
1247	6.2350	15		3	
1248	6.2400	15		3	
1249	6.2450	14		3	
1250	6.2500	14		4	
1251	6.2550	13		4	
1252	6.2600	12		4	
1253	6.2650	12		5	
1254	6.2700	11		5	
1255	6.2750	10		6	
1256	6.2800	10		6	
1257	6.2850	9		6	
1258	6.2900	8		6	
1259	6.2950	8		7	
1260	6.3000	7		7	
1261	6.3050	6		8	
1262	6.3100	6		8	
1263	6.3150	5		8	
1264	6.3200	4		9	
1265	6.3250	4		9	
1266	6.3300	3		9	
1267	6.3350	2		10	
1268	6.3400	2		10	
1269	6.3450	1		10	
1270	6.3500	0		10	
1271	6.3550	0		11	
1272	6.3600	-1		11	
1273	6.3650	-2		11	
1274	6.3700	-2		12	
1275	6.3750	-3		12	
1276	6.3800	-3		12	
1277	6.3850	-4		12	
1278	6.3900	-4		12	
1279	6.3950	-5		12	
1280	6.4000	-5		12	
1281	6.4050	-6		13	
1282	6.4100	-6		13	
1283	6.4150	-6		13	
1284	6.4200	-7		13	
1285	6.4250	-7		13	
1286	6.4300	-7		13	
1287	6.4350	-8		13	
1288	6.4400	-8		13	
1289	6.4450	-8		13	
1290	6.4500	-8		13	
1291	6.4550	-8		13	
1292	6.4600	-9		13	
1293	6.4650	-9		13	
1294	6.4700	-9		13	
1295	6.4750	-9		13	
1296	6.4800	-9		13	
1297	6.4850	-9		12	
1298	6.4900	-9		12	
1299	6.4950	-8		12	
1300	6.5000	-8		12	
1301	6.5050	-8		12	
1302	6.5100	-8		12	
1303	6.5150	-8		12	
1304	6.5200	-8		11	
1305	6.5250	-7		11	
1306	6.5300	-7		11	
1307	6.5350	-7		10	
1308	6.5400	-6		10	
1309	6.5450	-6		10	
1310	6.5500	-6		10	
1311	6.5550	-5		10	
1312	6.5600	-4		9	
1313	6.5650	-4		9	
1314	6.5700	-4		8	
1315	6.5750	-3		8	
1316	6.5800	-2		8	
1317	6.5850	-2		8	
1318	6.5900	-1		7	
1319	6.5950	-1		7	
1320	6.6000	0		6	
1321	6.6050	0		6	
1322	6.6100	1		6	
1323	6.6150	2		5	
1324	6.6200	2		5	
1325	6.6250	3		4	
1326	6.6300	4		4	
1327	6.6350	4		4	
1328	6.6400	5		4	
1329	6.6450	6		3	
1330	6.6500	7		3	
1331	6.6550	8		2	
1332	6.6600	8		2	
1333	6.6650	9		2	
1334	6.6700	10		2	
1335	6.6750	10		1	
1336	6.6800	11		1	
1337	6.6850	12		0	
1338	6.6900	12		0	
1339	6.6950	13		0	
1340	6.7000	13		0	
1341	6.7050	14		0	
1342	6.7100	14		-1	
1343	6.7150	15		-1	
1344	6.7200	16		-2	
1345	6.7250	16		-2	
1346	6.7300	17		-2	
1347	6.7350	18		-2	
1348	6.7400	18		-2	
1349	6.7450	18		-2	
1350	6.7500	19		-2	
1351	6.7550	19		-3	
1352	6.7600	20		-3	
1353	6.7650	20		-3	
1354	6.7700	20		-3	
1355	6.7750	20		-3	
1356	6.7800	21		-3	
1357	6.7850	21		-3	
1358	6.7900	21		-3	
1359	6.7950	22		-3	
1360	6.8000	22		-3	
1361	6.8050	22		-3	
1362	6.8100	22		-3	
1363	6.8150	22		-3	
1364	6.8200	22		-3	
1365	6.8250	22		-3	
1366	6.8300	22		-3	
1367	6.8350	22		-3	
1368	6.8400	22		-2	
1369	6.8450	22		-2	
1370	6.8500	22		-2	
1371	6.8550	22		-2	
1372	6.8600	22		-2	
1373	6.8650	21		-2	
1374	6.8700	21		-2	
1375	6.8750	21		-1	
1376	6.8800	20		-1	
1377	6.8850	20		-1	
1378	6.8900	20		0	
1379	6.8950	19		0	
1380	6.9000	19		0	
1381	6.9050	18		0	
1382	6.9100	18		1	
1383	6.9150	18		1	
1384	6.9200	17		2	
1385	6.9250	16		2	
1386	6.9300	16		2	
1387	6.9350	16		2	
1388	6.9400	15		3	
1389	6.9450	14		3	
1390	6.9500	14		4	
1391	6.9550	13		4	
1392	6.9600	12		4	
1393	6.9650	12		4	
1394	6.9700	11		5	
1395	6.9750	10		5	
1396	6.9800	10		6	
1397	6.9850	9		6	
1398	6.9900	8		6	
1399	6.9950	8		7	
1400	7.0000	7		7	
1401	7.0050	6		8	
1402	7.0100	6		8	
1403	7.0150	5		8	
1404	7.0200	4		8	
1405	7.0250	4		9	
1406	7.0300	3		9	
1407	7.0350	2		10	
1408	7.0400	2		10	
1409	7.0450	1		10	
1410	7.0500	0		10	
1411	7.0550	0		10	
1412	7.0600	-1		11	
1413	7.0650	-1		11	
1414	7.0700	-2		12	
1415	7.0750	-2		12	
1416	7.0800	-3		12	
1417	7.0850	-4		12	
1418	7.0900	-4		12	
1419	7.0950	-4		12	
1420	7.1000	-5		12	
1421	7.1050	-6		13	
1422	7.1100	-6		13	
1423	7.1150	-6		13	
1424	7.1200	-6		13	
1425	7.1250	-7		13	
1426	7.1300	-7		13	
1427	7.1350	-8		13	
1428	7.1400	-8		13	
1429	7.1450	-8		13	
1430	7.1500	-8		13	
1431	7.1550	-8		13	
1432	7.1600	-8		13	
1433	7.1650	-9		13	
1434	7.1700	-9		13	
1435	7.1750	-9		13	
1436	7.1800	-9		13	
1437	7.1850	-9		13	
1438	7.1900	-9		12	
1439	7.1950	-8		12	
1440	7.2000	-8		12	
1441	7.2050	-8		12	
1442	7.2100	-8		12	
1443	7.2150	-8		12	
1444	7.2200	-8		12	
1445	7.2250	-8		11	
1446	7.2300	-7		11	
1447	7.2350	-7		11	
1448	7.2400	-6		10	
1449	7.2450	-6		10	
1450	7.2500	-6		10	
1451	7.2550	-5		10	
1452	7.2600	-5		10	
1453	7.2650	-4		9	
1454	7.2700	-4		9	
1455	7.2750	-3		8	
1456	7.2800	-3		8	
1457	7.2850	-2		8	
1458	7.2900	-2		8	
1459	7.2950	-1		7	
1460	7.3000	0		7	
1461	7.3050	0		6	
1462	7.3100	1		6	
1463	7.3150	2		6	
1464	7.3200	2		5	
1465	7.3250	3		5	
1466	7.3300	4		4	
1467	7.3350	4		4	
1468	7.3400	5		4	
1469	7.3450	6		4	
1470	7.3500	6		3	
1471	7.3550	7		3	
1472	7.3600	8		2	
1473	7.3650	8		2	
1474	7.3700	9		2	
1475	7.3750	10		2	
1476	7.3800	10		1	
1477	7.3850	11		1	
1478	7.3900	12		0	
1479	7.3950	12		0	
1480	7.4000	13		0	
1481	7.4050	14		0	
1482	7.4100	14		0	
1483	7.4150	15		-1	
1484	7.4200	16		-1	
1485	7.4250	16		-1	
1486	7.4300	17		-2	
1487	7.4350	17		-2	
1488	7.4400	18		-2	
1489	7.4450	18		-2	
1490	7.4500	18		-2	
1491	7.4550	19		-2	
1492	7.4600	19		-2	
1493	7.4650	20		-3	
1494	7.4700	20		-3	
1495	7.4750	20		-3	
1496	7.4800	21		-3	
1497	7.4850	21		-3	
1498	7.4900	21		-3	
1499	7.4950	22		-3	
1500	7.5000	22		-3	
1501	7.5050	22		-3	
1502	7.5100	22		-3	
1503	7.5150	22		-3	
1504	7.5200	22		-3	
1505	7.5250	22		-3	
1506	7.5300	22		-3	
1507	7.5350	22		-3	
1508	7.5400	22		-2	
1509	7.5450	22		-2	
1510	7.5500	22		-2	
1511	7.5550	22		-2	
1512	7.5600	22		-2	
1513	7.5650	21		-2	
1514	7.5700	21		-2	
1515	7.5750	21		-1	
1516	7.5800	20		-1	
1517	7.5850	20		-1	
1518	7.5900	20		0	
1519	7.5950	20		0	
1520	7.6000	19		0	
1521	7.6050	19		0	
1522	7.6100	18		0	
1523	7.6150	18		1	
1524	7.6200	17		1	
1525	7.6250	17		2	
1526	7.6300	16		2	
1527	7.6350	16		2	
1528	7.6400	15		2	
1529	7.6450	15		3	
1530	7.6500	14		3	
1531	7.6550	14		4	
1532	7.6600	13		4	
1533	7.6650	12		4	
1534	7.6700	12		5	
1535	7.6750	11		5	
1536	7.6800	10		6	
1537	7.6850	10		6	
1538	7.6900	9		6	
1539	7.6950	8		6	
1540	7.7000	8		7	
1541	7.7050	7		7	
1542	7.7100	6		8	
1543	7.7150	5		8	
1544	7.7200	5		8	
1545	7.7250	4		8	
1546	7.7300	4		9	
1547	7.7350	3		9	
1548	7.7400	2		10	
1549	7.7450	2		10	
1550	7.7500	1		10	
1551	7.7550	0		10	
1552	7.7600	0		10	
1553	7.7650	-1		11	
1554	7.7700	-2		11	
1555	7.7750	-2		12	
1556	7.7800	-3		12	
1557	7.7850	-3		12	
1558	7.7900	-4		12	
1559	7.7950	-4		12	
1560	7.8000	-5		12	
1561	7.8050	-5		12	
1562	7.8100	-6		12	
1563	7.8150	-6		13	
1564	7.8200	-6		13	
1565	7.8250	-7		13	
1566	7.8300	-7		13	
1567	7.8350	-7		13	
1568	7.8400	-8		13	
1569	7.8450	-8		13	
1570	7.8500	-8		13	
1571	7.8550	-8		13	
1572	7.8600	-8		13	
1573	7.8650	-8		13	
1574	7.8700	-9		13	
1575	7.8750	-9		13	
1576	7.8800	-9		13	
1577	7.8850	-9		13	
1578	7.8900	-9		12	
1579	7.8950	-9		12	
1580	7.9000	-8		12	
1581	7.9050	-8		12	
1582	7.9100	-8		12	
1583	7.9150	-8		12	
1584	7.9200	-8		12	
1585	7.9250	-8		11	
1586	7.9300	-7		11	
1587	7.9350	-7		11	
1588	7.9400	-7		10	
1589	7.9450	-6		10	
1590	7.9500	-6		10	
1591	7.9550	-6		10	
1592	7.9600	-5		10	
1593	7.9650	-4		9	
1594	7.9700	-4		9	
1595	7.9750	-4		8	
1596	7.9800	-3		8	
1597	7.9850	-2		8	
1598	7.9900	-2		8	
1599	7.9950	-1		7	
1600	8.0000	-1		7	
1601	8.0050	0		6	
1602	8.0100	0		6	
1603	8.0150	1		6	
1604	8.0200	2		6	
1605	8.0250	2		5	
1606	8.0300	3		5	
1607	8.0350	4		4	
1608	8.0400	4		4	
1609	8.0450	5		4	
1610	8.0500	6		3	
1611	8.0550	7		3	
1612	8.0600	8		2	
1613	8.0650	8		2	
1614	8.0700	9		2	
1615	8.0750	10		2	
1616	8.0800	10		1	
1617	8.0850	11		1	
1618	8.0900	12		1	
1619	8.0950	12		0	
1620	8.1000	13		0	
1621	8.1050	14		0	
1622	8.1100	14		0	
1623	8.1150	14		-1	
1624	8.1200	15		-1	
1625	8.1250	16		-1	
1626	8.1300	16		-2	
1627	8.1350	17		-2	
1628	8.1400	18		-2	
1629	8.1450	18		-2	
1630	8.1500	18		-2	
1631	8.1550	19		-2	
1632	8.1600	19		-2	
1633	8.1650	20		-3	
1634	8.1700	20		-3	
1635	8.1750	20		-3	
1636	8.1800	20		-3	
1637	8.1850	21		-3	
1638	8.1900	21		-3	
1639	8.1950	21		-3	
1640	8.2000	22		-3	
1641	8.2050	22		-3	
1642	8.2100	22		-3	
1643	8.2150	22		-3	
1644	8.2200	22		-3	
1645	8.2250	22		-3	
1646	8.2300	22		-3	
1647	8.2350	22		-3	
1648	8.2400	22		-3	
1649	8.2450	22		-2	
1650	8.2500	22		-2	
1651	8.2550	22		-2	
1652	8.2600	22		-2	
1653	8.2650	22		-2	
1654	8.2700	21		-2	
1655	8.2750	21		-2	
1656	8.2800	21		-1	
1657	8.2850	20		-1	
1658	8.2900	20		-1	
1659	8.2950	20		0	
1660	8.3000	19		0	
1661	8.3050	19		0	
1662	8.3100	18		0	
1663	8.3150	18		1	
1664	8.3200	18		1	
1665	8.3250	17		2	
1666	8.3300	16		2	
1667	8.3350	16		2	
1668	8.3400	16		2	
1669	8.3450	15		3	
1670	8.3500	14		3	
1671	8.3550	14		4	
1672	8.3600	13		4	
1673	8.3650	12		4	
1674	8.3700	12		4	
1675	8.3750	11		5	
1676	8.3800	10		5	
1677	8.3850	10		6	
1678	8.3900	9		6	
1679	8.3950	8		6	
1680	8.4000	8		7	
1681	8.4050	7		7	
1682	8.4100	6		8	
1683	8.4150	6		8	
1684	8.4200	5		8	
1685	8.4250	4		8	
1686	8.4300	4		9	
1687	8.4350	3		9	
1688	8.4400	2		10	
1689	8.4450	2		10	
1690	8.4500	1		10	
1691	8.4550	0		10	
1692	8.4600	0		10	
1693	8.4650	-1		11	
1694	8.4700	-1		11	
1695	8.4750	-2		11	
1696	8.4800	-2		12	
1697	8.4850	-3		12	
1698	8.4900	-4		12	
1699	8.4950	-4		12	
1700	8.5000	-4		12	
1701	8.5050	-5		12	
1702	8.5100	-6		12	
1703	8.5150	-6		13	
1704	8.5200	-6		13	
1705	8.5250	-6		13	
1706	8.5300	-7		13	
1707	8.5350	-7		13	
1708	8.5400	-8		13	
1709	8.5450	-8		13	
1710	8.5500	-8		13	
1711	8.5550	-8		13	
1712	8.5600	-8		13	
1713	8.5650	-8		13	
1714	8.5700	-9		13	
1715	8.5750	-9		13	
1716	8.5800	-9		13	
1717	8.5850	-9		13	
1718	8.5900	-9		12	
1719	8.5950	-9		12	
1720	8.6000	-8		12	
1721	8.6050	-8		12	
1722	8.6100	-8		12	
1723	8.6150	-8		12	
1724	8.6200	-8		12	
1725	8.6250	-8		11	
1726	8.6300	-8		11	
1727	8.6350	-7		11	
1728	8.6400	-7		10	
1729	8.6450	-6		10	
1730	8.6500	-6		10	
1731	8.6550	-6		10	
1732	8.6600	-5		10	
1733	8.6650	-5		9	
1734	8.6700	-4		9	
1735	8.6750	-4		8	
1736	8.6800	-3		8	
1737	8.6850	-3		8	
1738	8.6900	-2		8	
1739	8.6950	-2		7	
1740	8.7000	-1		7	
1741	8.7050	0		6	
1742	8.7100	0		6	
1743	8.7150	1		6	
1744	8.7200	2		6	
1745	8.7250	2		5	
1746	8.7300	3		5	
1747	8.7350	4		4	
1748	8.7400	4		4	
1749	8.7450	5		4	
1750	8.7500	6		3	
1751	8.7550	6		3	
1752	8.7600	7		2	
1753	8.7650	8		2	
1754	8.7700	8		2	
1755	8.7750	9		2	
1756	8.7800	10		1	
1757	8.7850	10		1	
1758	8.7900	11		1	
1759	8.7950	12		0	
1760	8.8000	12		0	
1761	8.8050	13		0	
1762	8.8100	14		0	
1763	8.8150	14		-1	
1764	8.8200	15		-1	
1765	8.8250	16		-1	
1766	8.8300	16		-2	
1767	8.8350	16		-2	
1768	8.8400	17		-2	
1769	8.8450	18		-2	
1770	8.8500	18		-2	
1771	8.8550	18		-2	
1772	8.8600	19		-2	
1773	8.8650	19		-3	
1774	8.8700	20		-3	
1775	8.8750	20		-3	
1776	8.8800	20		-3	
1777	8.8850	21		-3	
1778	8.8900	21		-3	
1779	8.8950	21		-3	
1780	8.9000	22		-3	
1781	8.9050	22		-3	
1782	8.9100	22		-3	
1783	8.9150	22		-3	
1784	8.9200	22		-3	
1785	8.9250	22		-3	
1786	8.9300	22		-3	
1787	8.9350	22		-3	
1788	8.9400	22		-3	
1789	8.9450	22		-3	
1790	8.9500	22		-2	
1791	8.9550	22		-2	
1792	8.9600	22		-2	
1793	8.9650	22		-2	
1794	8.9700	21		-2	
1795	8.9750	21		-2	
1796	8.9800	21		-2	
1797	8.9850	20		-1	
1798	8.9900	20		-1	
1799	8.9950	20		-1	
1800	9.0000	20		0	
1801	9.0050	19		0	
1802	9.0100	19		0	
1803	9.0150	18		0	
1804	9.0200	18		1	
1805	9.0250	17		1	
1806	9.0300	17		2	
1807	9.0350	16		2	
1808	9.0400	16		2	
1809	9.0450	15		2	
1810	9.0500	15		3	
1811	9.0550	14		3	
1812	9.0600	14		4	
1813	9.0650	13		4	
1814	9.0700	12		4	
1815	9.0750	12		5	
1816	9.0800	11		5	
1817	9.0850	10		6	
1818	9.0900	10		6	
1819	9.0950	9		6	
1820	9.1000	8		6	
1821	9.1050	8		7	
1822	9.1100	7		7	
1823	9.1150	6		8	
1824	9.1200	6		8	
1825	9.1250	5		8	
1826	9.1300	4		8	
1827	9.1350	4		9	
1828	9.1400	3		9	
1829	9.1450	2		10	
1830	9.1500	2		10	
1831	9.1550	1		10	
1832	9.1600	0		10	
1833	9.1650	0		11	
1834	9.1700	-1		11	
1835	9.1750	-2		11	
1836	9.1800	-2		12	
1837	9.1850	-3		12	
1838	9.1900	-3		12	
1839	9.1950	-4		12	
1840	9.2000	-4		12	
1841	9.2050	-5		12	
1842	9.2100	-5		12	
1843	9.2150	-6		13	
1844	9.2200	-6		13	
1845	9.2250	-6		13	
1846	9.2300	-7		13	
1847	9.2350	-7		13	
1848	9.2400	-7		13	
1849	9.2450	-8		13	
1850	9.2500	-8		13	
1851	9.2550	-8		13	
1852	9.2600	-8		13	
1853	9.2650	-8		13	
1854	9.2700	-8		13	
1855	9.2750	-9		13	
1856	9.2800	-9		13	
1857	9.2850	-9		13	
1858	9.2900	-9		13	
1859	9.2950	-9		12	
1860	9.3000	-9		12	
1861	9.3050	-8		12	
1862	9.3100	-8		12	
1863	9.3150	-8		12	
1864	9.3200	-8		12	
1865	9.3250	-8		12	
1866	9.3300	-8		11	
1867	9.3350	-7		11	
1868	9.3400	-7		11	
1869	9.3450	-7		10	
1870	9.3500	-6		10	
1871	9.3550	-6		10	
1872	9.3600	-6		10	
1873	9.3650	-5		10	
1874	9.3700	-4		9	
1875	9.3750	-4		9	
1876	9.3800	-4		8	
1877	9.3850	-3		8	
1878	9.3900	-2		8	
1879	9.3950	-2		8	
1880	9.4000	-1		7	
1881	9.4050	0		7	
1882	9.4100	0		6	
1883	9.4150	1		6	
1884	9.4200	1		6	
1885	9.4250	2		5	
1886	9.4300	2		5	
1887	9.4350	3		5	
1888	9.4400	4		4	
1889	9.4450	5		4	
1890	9.4500	6		4	
1891	9.4550	6		3	
1892	9.4600	7		3	
1893	9.4650	8		2	
1894	9.4700	8		2	
1895	9.4750	9		2	
1896	9.4800	10		2	
1897	9.4850	10		1	
1898	9.4900	11		1	
1899	9.4950	12		0	
1900	9.5000	12		0	
1901	9.5050	13		0	
1902	9.5100	14		0	
1903	9.5150	14		0	
1904	9.5200	14		-1	
1905	9.5250	15		-1	
1906	9.5300	16		-2	
1907	9.5350	16		-2	
1908	9.5400	17		-2	
1909	9.5450	18		-2	
1910	9.5500	18		-2	
1911	9.5550	18		-2	
1912	9.5600	19		-2	
1913	9.5650	19		-3	
1914	9.5700	20		-3	
1915	9.5750	20		-3	
1916	9.5800	20		-3	
1917	9.5850	20		-3	
1918	9.5900	21		-3	
1919	9.5950	21		-3	
1920	9.6000	21		-3	
1921	9.6050	22		-3	
1922	9.6100	22		-3	
1923	9.6150	22		-3	
1924	9.6200	22		-3	
1925	9.6250	22		-3	
1926	9.6300	22		-3	
1927	9.6350	22		-3	
1928	9.6400	22		-3	
1929	9.6450	22		-3	
1930	9.6500	22		-2	
1931	9.6550	22		-2	
1932	9.6600	22		-2	
1933	9.6650	22		-2	
1934	9.6700	22		-2	
1935	9.6750	21		-2	
1936	9.6800	21		-2	
1937	9.6850	21		-1	
1938	9.6900	20		-1	
1939	9.6950	20		-1	
1940	9.7000	20		0	
1941	9.7050	19		0	
1942	9.7100	19		0	
1943	9.7150	18		0	
1944	9.7200	18		1	
1945	9.7250	18		1	
1946	9.7300	17		1	
1947	9.7350	16		2	
1948	9.7400	16		2	
1949	9.7450	16		2	
1950	9.7500	15		3	
1951	9.7550	14		3	
1952	9.7600	14		3	
1953	9.7650	13		4	
1954	9.7700	12		4	
1955	9.7750	12		4	
1956	9.7800	11		5	
1957	9.7850	10		5	
1958	9.7900	10		6	
1959	9.7950	9		6	
1960	9.8000	8		6	
1961	9.8050	8		6	
1962	9.8100	7		7	
1963	9.8150	6		7	
1964	9.8200	6		8	
1965	9.8250	5		8	
1966	9.8300	4		8	
1967	9.8350	4		9	
1968	9.8400	3		9	
1969	9.8450	2		9	
1970	9.8500	2		10	
1971	9.8550	1		10	
1972	9.8600	0		10	
1973	9.8650	0		10	
1974	9.8700	-1		11	
1975	9.8750	-1		11	
1976	9.8800	-2		11	
1977	9.8850	-2		12	
1978	9.8900	-3		12	
1979	9.8950	-4		12	
1980	9.9000	-4		12	
1981	9.9050	-4		12	
1982	9.9100	-5		12	
1983	9.9150	-6		12	
1984	9.9200	-6		13	
1985	9.9250	-6		13	
1986	9.9300	-6		13	
1987	9.9350	-7		13	
1988	9.9400	-7		13	
1989	9.9450	-8		13	
1990	9.9500	-8		13	
1991	9.9550	-8		13	
1992	9.9600	-8		13	
1993	9.9650	-8		13	
1994	9.9700	-8		13	
1995	9.9750	-9		13	
1996	9.9800	-9		13	
1997	9.9850	-9		13	
1998	9.9900	-9		13	
1999	9.9950	-9		13	
2000	10.0000	-9		12	
